ID, Device, Mode, ExpPart, Round, Trial, Block, Trial in Block, Text Length (lines), Visible Lines, Frame Height, Distance, Direction, Target Line, Line Height, Hit, T_Trial, T_Scroll, T_FineTune, T_Select, T_StartScrolling, errorDistance(lines), inFrameCount, visibleCount, Start direction, Finger count, FP_X-MIN, FP_Y-MIN, FP_X-MAX, FP_Y-MAX, ScrollareaX, ScrollareaY, Px_mm
16,MOOSE,TrackPoint,1,1,1,1,1,854,32,6.0,200,DOWN,547,18.0,true,39176,19585,1887,1348,18243,1,3,3,DOWN,1.0,274.561,339.0,1050.5,1919.969,1080.0,1661.0,4.331,
16,MOOSE,TrackPoint,1,1,2,1,2,854,32,6.0,100,DOWN,166,18.0,true,11596,4289,2622,475,6832,1,2,1,DOWN,1.0,377.0,638.0,482.0,1270.5,1080.0,1661.0,4.331,
16,MOOSE,TrackPoint,1,1,3,1,3,854,32,3.0,100,UP,701,18.0,true,9281,7633,5004,807,841,1,3,1,UP,1.0,278.0,619.5,379.0,1305.0,1080.0,1661.0,4.331,
16,MOOSE,TrackPoint,1,1,4,1,4,854,32,3.0,200,DOWN,524,18.0,true,6921,5489,1883,437,995,0,2,1,DOWN,1.0,255.5,774.0,367.0,1578.0,1080.0,1661.0,4.331,
16,MOOSE,TrackPoint,1,1,5,1,5,854,32,6.0,300,DOWN,508,18.0,true,6979,5680,2750,148,1151,0,2,1,DOWN,1.0,276.0,695.0,391.0,1415.5,1080.0,1661.0,4.331,
16,MOOSE,TrackPoint,1,1,6,1,6,854,32,3.0,300,UP,61,18.0,true,10658,10126,1438,463,69,0,3,2,UP,1.0,264.288,502.0,419.0,1528.415,1080.0,1661.0,4.331,
16,MOOSE,TrackPoint,1,1,7,1,7,854,32,3.0,50,UP,543,18.0,true,4084,2769,1692,524,791,0,1,1,UP,1.0,307.0,775.0,361.0,1180.0,1080.0,1661.0,4.331,
16,MOOSE,TrackPoint,1,1,8,1,8,854,32,6.0,50,UP,385,18.0,true,3314,1759,558,844,711,2,1,1,UP,1.0,304.0,797.644,344.0,1192.0,1080.0,1661.0,4.331,
16,MOOSE,TrackPoint,1,1,9,2,1,854,32,6.0,100,UP,420,18.0,true,8508,4832,574,724,2952,0,2,2,DOWN,1.0,301.0,444.5,463.0,1298.331,1080.0,1661.0,4.331,
16,MOOSE,TrackPoint,1,1,10,2,2,854,32,6.0,300,UP,515,18.0,true,5684,4335,496,658,691,2,1,1,UP,1.0,274.0,442.5,399.0,1175.0,1080.0,1661.0,4.331,
16,MOOSE,TrackPoint,1,1,11,2,3,854,32,3.0,300,DOWN,797,18.0,true,6430,5392,2748,250,788,-1,1,1,DOWN,1.0,284.0,633.0,403.0,1369.0,1080.0,1661.0,4.331,
16,MOOSE,TrackPoint,1,1,12,2,4,854,32,3.0,200,UP,588,18.0,true,4702,3151,252,663,888,-1,1,1,UP,1.0,277.0,475.0,390.0,1271.0,1080.0,1661.0,4.331,
16,MOOSE,TrackPoint,1,1,13,2,5,854,32,3.0,100,DOWN,132,18.0,true,4506,4306,2542,154,46,0,2,1,UP,1.0,261.0,663.0,356.0,1312.0,1080.0,1661.0,4.331,
16,MOOSE,TrackPoint,1,1,14,2,6,854,32,3.0,50,DOWN,191,18.0,true,3449,2352,1421,363,734,0,1,1,DOWN,1.0,257.0,938.0,319.0,1361.0,1080.0,1661.0,4.331,
16,MOOSE,TrackPoint,1,1,15,2,7,854,32,6.0,50,DOWN,707,18.0,true,8472,7696,3279,266,510,0,4,2,UP,1.0,263.0,577.0,424.0,1500.0,1080.0,1661.0,4.331,
16,MOOSE,TrackPoint,1,1,16,2,8,854,32,6.0,200,UP,52,18.0,true,6623,5489,1695,356,778,1,1,1,UP,1.0,341.0,522.0,411.0,1224.0,1080.0,1661.0,4.331,
16,MOOSE,TrackPoint,1,1,17,3,1,854,32,3.0,300,UP,164,18.0,true,8766,6016,2458,506,2244,0,1,1,UP,1.0,347.0,543.664,552.0,1374.0,1080.0,1661.0,4.331,
16,MOOSE,TrackPoint,1,1,18,3,2,854,32,6.0,300,UP,304,18.0,true,5179,4448,1563,93,638,0,1,1,UP,1.0,381.0,506.5,529.0,1251.0,1080.0,1661.0,4.331,
16,MOOSE,TrackPoint,1,1,19,3,3,854,32,3.0,100,UP,508,18.0,true,4736,3906,2699,243,587,0,2,1,DOWN,1.0,381.5,514.0,483.0,1202.0,1080.0,1661.0,4.331,
16,MOOSE,TrackPoint,1,1,20,3,4,854,32,6.0,200,DOWN,420,18.0,true,4229,3828,640,341,60,0,1,1,UP,1.0,327.0,493.0,407.0,1287.5,1080.0,1661.0,4.331,
16,MOOSE,TrackPoint,1,1,21,3,5,854,32,6.0,100,DOWN,589,18.0,true,4065,2671,1644,462,932,1,1,1,DOWN,1.0,337.0,478.0,422.0,1195.0,1080.0,1661.0,4.331,
16,MOOSE,TrackPoint,1,1,22,3,6,854,32,3.0,50,DOWN,483,18.0,true,4624,3824,2909,26,774,0,3,1,DOWN,1.0,377.0,479.0,426.0,1103.0,1080.0,1661.0,4.331,
16,MOOSE,TrackPoint,1,1,23,3,7,854,32,6.0,50,UP,267,18.0,true,2655,2266,477,342,47,-1,1,1,UP,1.0,355.0,673.0,410.0,1075.0,1080.0,1661.0,4.331,
16,MOOSE,TrackPoint,1,1,24,3,8,854,32,3.0,200,DOWN,773,18.0,true,4847,3792,623,476,579,0,1,1,DOWN,1.0,336.0,556.0,403.0,1196.48,1080.0,1661.0,4.331,
16,MOOSE,TrackPoint,1,1,25,4,1,854,32,6.0,50,DOWN,608,18.0,true,6118,5980,1550,103,35,1,1,2,DOWN,1.0,343.237,513.0,489.437,1244.0,1080.0,1661.0,4.331,
16,MOOSE,TrackPoint,1,1,26,4,2,854,32,6.0,300,DOWN,550,18.0,true,5451,4993,441,412,46,0,1,1,UP,1.0,328.5,609.0,445.0,1244.0,1080.0,1661.0,4.331,
16,MOOSE,TrackPoint,1,1,27,4,3,854,32,6.0,100,UP,118,18.0,true,4086,3376,2111,124,586,0,1,1,UP,1.0,328.0,627.519,428.0,1234.0,1080.0,1661.0,4.331,
16,MOOSE,TrackPoint,1,1,28,4,4,854,32,3.0,200,UP,611,18.0,true,6534,5856,2333,169,509,0,2,1,DOWN,1.0,289.0,303.5,552.0,1364.0,1080.0,1661.0,4.331,
16,MOOSE,TrackPoint,1,1,29,4,5,854,32,3.0,100,DOWN,463,18.0,true,5135,4450,2561,39,646,-1,1,1,DOWN,1.0,432.0,405.0,542.0,1061.0,1080.0,1661.0,4.331,
16,MOOSE,TrackPoint,1,1,30,4,6,854,32,6.0,200,UP,412,18.0,true,5092,3760,1418,441,891,2,1,1,UP,1.0,445.0,387.0,538.0,1061.0,1080.0,1661.0,4.331,
16,MOOSE,TrackPoint,1,1,31,4,7,854,32,3.0,300,DOWN,328,18.0,true,4539,3537,1245,116,886,0,2,1,DOWN,1.0,386.0,463.0,522.0,1284.5,1080.0,1661.0,4.331,
16,MOOSE,TrackPoint,1,1,32,4,8,854,32,3.0,50,UP,710,18.0,true,2988,2016,1354,156,816,0,1,1,UP,1.0,386.0,504.0,484.0,1116.0,1080.0,1661.0,4.331,
16,MOOSE,TrackPoint,1,2,1,1,1,854,32,6.0,50,DOWN,673,18.0,true,8376,4384,1102,285,3707,1,2,2,UP,1.0,254.0,533.0,492.0,1431.0,1080.0,1661.0,4.331,
16,MOOSE,TrackPoint,1,2,2,1,2,854,32,3.0,200,UP,557,18.0,true,4677,3681,897,314,682,0,1,1,UP,1.0,250.0,641.0,344.0,1383.0,1080.0,1661.0,4.331,
16,MOOSE,TrackPoint,1,2,3,1,3,854,32,3.0,300,DOWN,686,18.0,true,6144,5456,1999,148,540,0,1,1,DOWN,1.0,225.0,658.0,363.0,1511.339,1080.0,1661.0,4.331,
16,MOOSE,TrackPoint,1,2,4,1,4,854,32,6.0,200,DOWN,783,18.0,true,5640,4864,1687,211,565,2,1,1,UP,1.0,249.0,406.5,406.714,1550.0,1080.0,1661.0,4.331,
16,MOOSE,TrackPoint,1,2,5,1,5,854,32,3.0,100,DOWN,357,18.0,true,5166,4368,1625,201,597,0,3,2,UP,1.0,257.5,749.0,380.0,1437.0,1080.0,1661.0,4.331,
16,MOOSE,TrackPoint,1,2,6,1,6,854,32,3.0,50,UP,688,18.0,true,3303,2432,1564,55,816,0,1,1,UP,1.0,293.0,743.0,361.0,1289.0,1080.0,1661.0,4.331,
16,MOOSE,TrackPoint,1,2,7,1,7,854,32,6.0,100,UP,420,18.0,true,3699,3538,1166,102,59,-2,1,1,UP,1.0,309.0,636.0,376.706,1276.0,1080.0,1661.0,4.331,
16,MOOSE,TrackPoint,1,2,8,1,8,854,32,6.0,300,UP,409,18.0,true,5276,4481,2368,15,780,0,1,1,UP,1.0,263.478,637.0,413.0,1467.0,1080.0,1661.0,4.331,
16,MOOSE,TrackPoint,1,2,9,2,1,854,32,6.0,50,UP,446,18.0,true,3942,2415,1613,132,1395,0,2,1,UP,1.0,349.0,644.0,418.0,1266.0,1080.0,1661.0,4.331,
16,MOOSE,TrackPoint,1,2,10,2,2,854,32,6.0,300,DOWN,751,18.0,true,6154,5297,2319,21,836,0,3,1,DOWN,1.0,259.0,598.0,392.0,1327.0,1080.0,1661.0,4.331,
16,MOOSE,TrackPoint,1,2,11,2,3,854,32,3.0,50,DOWN,813,18.0,true,3240,3152,1471,63,25,-1,1,1,UP,1.0,278.5,694.0,348.0,1224.0,1080.0,1661.0,4.331,
16,MOOSE,TrackPoint,1,2,12,2,4,854,32,6.0,200,UP,117,18.0,true,5373,4561,1726,242,570,0,1,1,UP,1.0,304.0,631.0,421.0,1253.0,1080.0,1661.0,4.331,
16,MOOSE,TrackPoint,1,2,13,2,5,854,32,3.0,100,UP,403,18.0,true,3357,2785,1373,56,516,0,1,1,DOWN,1.0,300.156,592.0,435.0,1392.0,1080.0,1661.0,4.331,
16,MOOSE,TrackPoint,1,2,14,2,6,854,32,3.0,300,UP,211,18.0,true,6922,6859,1983,11,52,0,2,1,UP,1.0,287.0,595.0,500.0,1329.0,1080.0,1661.0,4.331,
16,MOOSE,TrackPoint,1,2,15,2,7,854,32,3.0,200,DOWN,661,18.0,true,4301,3248,1133,323,730,0,1,1,DOWN,1.0,271.0,712.0,416.0,1385.0,1080.0,1661.0,4.331,
16,MOOSE,TrackPoint,1,2,16,2,8,854,32,6.0,100,DOWN,198,18.0,true,5240,5087,1485,101,52,0,2,1,UP,1.0,261.0,718.0,421.0,1539.0,1080.0,1661.0,4.331,
16,MOOSE,TrackPoint,1,2,17,3,1,854,32,6.0,300,UP,154,18.0,true,7149,4784,1310,46,2319,-1,1,1,UP,1.0,241.0,563.0,437.384,1375.0,1080.0,1661.0,4.331,
16,MOOSE,TrackPoint,1,2,18,3,2,854,32,3.0,100,DOWN,790,18.0,true,4227,3488,2395,121,618,0,2,1,DOWN,1.0,246.0,660.0,393.0,1349.0,1080.0,1661.0,4.331,
16,MOOSE,TrackPoint,1,2,19,3,3,854,32,3.0,200,UP,274,18.0,true,5289,5160,1661,89,40,0,2,1,UP,1.0,246.0,665.0,440.0,1383.0,1080.0,1661.0,4.331,
16,MOOSE,TrackPoint,1,2,20,3,4,854,32,3.0,50,DOWN,448,18.0,true,3871,3104,2270,98,669,-1,2,1,DOWN,1.0,273.0,665.0,340.0,1139.0,1080.0,1661.0,4.331,
16,MOOSE,TrackPoint,1,2,21,3,5,854,32,6.0,200,UP,448,18.0,true,5085,4368,1279,201,516,0,1,1,DOWN,1.0,282.0,569.0,493.247,1147.0,1080.0,1661.0,4.331,
16,MOOSE,TrackPoint,1,2,22,3,6,854,32,6.0,100,DOWN,600,18.0,true,3341,2608,1243,237,496,1,1,1,DOWN,1.0,266.52,635.0,384.0,1225.0,1080.0,1661.0,4.331,
16,MOOSE,TrackPoint,1,2,23,3,7,854,32,6.0,50,DOWN,550,18.0,true,4572,4017,1040,130,425,2,2,2,UP,1.0,238.0,681.5,426.0,1503.0,1080.0,1661.0,4.331,
16,MOOSE,TrackPoint,1,2,24,3,8,854,32,3.0,300,UP,63,18.0,true,8233,7847,1391,326,60,1,2,1,UP,1.0,266.0,256.0,540.651,1257.5,1080.0,1661.0,4.331,
16,MOOSE,TrackPoint,1,2,25,4,1,854,32,3.0,200,DOWN,582,18.0,true,4413,3169,1406,118,1126,0,1,1,DOWN,1.0,229.264,573.0,446.0,1435.5,1080.0,1661.0,4.331,
16,MOOSE,TrackPoint,1,2,26,4,2,854,32,6.0,100,UP,617,18.0,true,3677,2687,1292,220,770,-1,1,1,UP,1.0,221.0,537.0,404.0,1182.0,1080.0,1661.0,4.331,
16,MOOSE,TrackPoint,1,2,27,4,3,854,32,6.0,200,DOWN,606,18.0,true,4037,3151,1161,342,544,2,1,1,DOWN,1.0,222.0,558.0,402.0,1351.0,1080.0,1661.0,4.331,
16,MOOSE,TrackPoint,1,2,28,4,4,854,32,6.0,300,DOWN,687,18.0,true,5486,4767,1101,205,514,1,2,1,UP,1.0,189.0,567.0,429.0,1458.5,1080.0,1661.0,4.331,
16,MOOSE,TrackPoint,1,2,29,4,5,854,32,3.0,300,DOWN,671,18.0,true,5275,4384,1407,296,595,1,0,1,DOWN,1.0,123.0,705.0,326.0,1635.0,1080.0,1661.0,4.331,
16,MOOSE,TrackPoint,1,2,30,4,6,854,32,6.0,50,UP,688,18.0,true,3016,2367,989,117,532,2,2,1,UP,1.0,184.0,623.0,307.0,1374.0,1080.0,1661.0,4.331,
16,MOOSE,TrackPoint,1,2,31,4,7,854,32,3.0,100,UP,231,18.0,true,6133,4912,784,516,705,-1,2,2,UP,1.0,219.0,514.0,348.0,1160.484,1080.0,1661.0,4.331,
16,MOOSE,TrackPoint,1,2,32,4,8,854,32,3.0,50,UP,735,18.0,true,3221,2225,1231,220,776,0,2,1,UP,1.0,259.0,687.0,363.0,1141.0,1080.0,1661.0,4.331,
16,MOOSE,TrackPoint,1,3,1,1,1,854,32,6.0,50,UP,431,18.0,true,6008,3984,1376,498,1526,1,2,2,UP,1.0,299.5,502.527,426.0,1336.0,1080.0,1661.0,4.331,
16,MOOSE,TrackPoint,1,3,2,1,2,854,32,6.0,200,DOWN,726,18.0,true,5182,3457,1295,488,1237,1,1,1,DOWN,1.0,295.0,722.0,436.475,1569.0,1080.0,1661.0,4.331,
16,MOOSE,TrackPoint,1,3,3,1,3,854,32,3.0,50,DOWN,642,18.0,true,3284,2528,1582,66,690,0,2,1,DOWN,1.0,335.0,683.0,414.0,1132.0,1080.0,1661.0,4.331,
16,MOOSE,TrackPoint,1,3,4,1,4,854,32,6.0,100,DOWN,142,18.0,true,3700,2991,1340,185,524,0,2,1,DOWN,1.0,312.0,683.0,459.0,1311.0,1080.0,1661.0,4.331,
16,MOOSE,TrackPoint,1,3,5,1,5,854,32,3.0,100,UP,703,18.0,true,4583,4079,2272,89,415,0,2,1,DOWN,1.0,390.0,666.0,631.02,1563.0,1080.0,1661.0,4.331,
16,MOOSE,TrackPoint,1,3,6,1,6,854,32,3.0,300,DOWN,584,18.0,true,6883,5824,1431,357,702,1,1,1,UP,1.0,317.0,738.0,542.0,1533.0,1080.0,1661.0,4.331,
16,MOOSE,TrackPoint,1,3,7,1,7,854,32,6.0,300,UP,214,18.0,true,6844,6063,2333,148,633,-2,1,1,UP,1.0,330.0,650.0,598.0,1445.0,1080.0,1661.0,4.331,
16,MOOSE,TrackPoint,1,3,8,1,8,854,32,3.0,200,UP,132,18.0,true,5122,4563,622,527,32,0,1,1,UP,1.0,375.0,641.0,607.363,1452.0,1080.0,1661.0,4.331,
16,MOOSE,TrackPoint,1,3,9,2,1,854,32,6.0,100,UP,19,18.0,true,4873,3343,1310,141,1389,0,1,1,DOWN,1.0,266.0,521.5,573.481,1501.5,1080.0,1661.0,4.331,
16,MOOSE,TrackPoint,1,3,10,2,2,854,32,6.0,200,UP,270,18.0,true,4150,3391,1102,127,632,-2,1,1,UP,1.0,287.0,472.0,581.0,1250.0,1080.0,1661.0,4.331,
16,MOOSE,TrackPoint,1,3,11,2,3,854,32,6.0,50,DOWN,234,18.0,true,2915,2064,1229,106,745,-1,2,1,DOWN,1.0,303.0,671.0,456.0,1180.5,1080.0,1661.0,4.331,
16,MOOSE,TrackPoint,1,3,12,2,4,854,32,3.0,200,DOWN,598,18.0,true,5133,3984,847,444,705,1,1,1,DOWN,1.0,277.0,692.0,407.0,1511.0,1080.0,1661.0,4.331,
16,MOOSE,TrackPoint,1,3,13,2,5,854,32,3.0,50,UP,572,18.0,true,2945,1904,1306,482,559,1,1,1,UP,1.0,309.0,716.0,478.5,1324.0,1080.0,1661.0,4.331,
16,MOOSE,TrackPoint,1,3,14,2,6,854,32,6.0,300,DOWN,595,18.0,true,5137,4240,525,430,467,0,1,1,DOWN,1.0,240.0,639.0,445.0,1489.0,1080.0,1661.0,4.331,
16,MOOSE,TrackPoint,1,3,15,2,7,854,32,3.0,300,UP,491,18.0,true,5494,4881,1662,580,33,1,1,1,UP,1.0,276.0,514.0,603.0,1344.0,1080.0,1661.0,4.331,
16,MOOSE,TrackPoint,1,3,16,2,8,854,32,3.0,100,DOWN,402,18.0,true,4041,3087,1324,370,584,0,1,1,DOWN,1.0,286.635,709.0,505.0,1339.363,1080.0,1661.0,4.331,
16,MOOSE,TrackPoint,1,3,17,3,1,854,32,6.0,300,UP,35,18.0,true,8773,5425,1710,150,3198,0,2,1,DOWN,1.0,268.0,359.0,838.0,1459.5,1080.0,1661.0,4.331,
16,MOOSE,TrackPoint,1,3,18,3,2,854,32,6.0,200,DOWN,617,18.0,true,3908,2913,1023,161,834,2,1,1,DOWN,1.0,358.519,583.0,582.0,1423.0,1080.0,1661.0,4.331,
16,MOOSE,TrackPoint,1,3,19,3,3,854,32,3.0,200,DOWN,334,18.0,true,6012,4882,1212,566,564,1,0,1,UP,1.0,371.0,629.0,614.0,1521.0,1080.0,1661.0,4.331,
16,MOOSE,TrackPoint,1,3,20,3,4,854,32,3.0,300,UP,314,18.0,true,4845,3808,1292,500,537,1,1,1,UP,1.0,392.0,530.5,710.5,1397.0,1080.0,1661.0,4.331,
16,MOOSE,TrackPoint,1,3,21,3,5,854,32,3.0,100,DOWN,745,18.0,true,2861,2191,845,139,531,0,1,1,DOWN,1.0,367.0,688.0,614.0,1423.0,1080.0,1661.0,4.331,
16,MOOSE,TrackPoint,1,3,22,3,6,854,32,6.0,50,UP,130,18.0,true,2827,2015,1290,298,514,-1,2,1,UP,1.0,367.0,753.0,575.0,1359.0,1080.0,1661.0,4.331,
16,MOOSE,TrackPoint,1,3,23,3,7,854,32,6.0,100,UP,721,18.0,true,4182,3360,2063,88,734,0,1,1,UP,1.0,440.0,561.521,654.479,1217.0,1080.0,1661.0,4.331,
16,MOOSE,TrackPoint,1,3,24,3,8,854,32,3.0,50,DOWN,665,18.0,true,3926,3392,2511,54,480,0,3,1,DOWN,1.0,373.0,674.0,577.0,1237.0,1080.0,1661.0,4.331,
16,MOOSE,TrackPoint,1,3,25,4,1,854,32,3.0,300,DOWN,454,18.0,true,7064,5151,464,463,1450,0,1,1,DOWN,1.0,333.982,581.628,703.0,1774.5,1080.0,1661.0,4.331,
16,MOOSE,TrackPoint,1,3,26,4,2,854,32,6.0,200,UP,234,18.0,false,4464,4410,1196,25,29,3,1,1,UP,1.0,422.0,595.5,669.0,1316.0,1080.0,1661.0,4.331,
16,MOOSE,TrackPoint,1,3,27,4,2,854,32,3.0,50,UP,762,18.0,true,4824,3152,1230,500,1172,0,1,1,DOWN,1.0,479.5,509.0,748.0,1140.0,1080.0,1661.0,4.331,
16,MOOSE,TrackPoint,1,3,28,4,3,854,32,6.0,200,UP,175,18.0,true,6803,5840,2967,234,729,1,2,1,UP,1.0,417.0,487.0,715.0,1106.0,1080.0,1661.0,4.331,
16,MOOSE,TrackPoint,1,3,29,4,4,854,32,6.0,50,DOWN,824,18.0,true,3313,2016,1231,370,927,0,2,1,DOWN,1.0,433.5,609.0,569.0,1145.0,1080.0,1661.0,4.331,
16,MOOSE,TrackPoint,1,3,30,4,5,854,32,6.0,100,DOWN,252,18.0,true,4166,3995,1949,130,41,1,1,1,UP,1.0,359.0,593.0,516.0,1237.5,1080.0,1661.0,4.331,
16,MOOSE,TrackPoint,1,3,31,4,6,854,32,3.0,100,UP,335,18.0,true,5233,3888,1390,763,582,-1,1,1,UP,1.0,449.0,662.0,566.0,1179.0,1080.0,1661.0,4.331,
16,MOOSE,TrackPoint,1,3,32,4,7,854,32,3.0,200,UP,266,18.0,true,4841,3839,1261,255,747,1,1,1,UP,1.0,395.0,520.0,660.0,1178.0,1080.0,1661.0,4.331,
16,MOOSE,TrackPoint,1,3,33,4,8,854,32,6.0,300,DOWN,368,18.0,true,9245,7664,3470,951,630,0,3,1,DOWN,1.0,392.0,633.0,550.0,1343.0,1080.0,1661.0,4.331,
16,MOOSE,TrackPoint,1,4,1,1,1,854,32,3.0,200,DOWN,596,18.0,true,4990,2687,985,638,1665,0,2,1,DOWN,1.0,286.0,665.0,530.0,1646.344,1080.0,1661.0,4.331,
16,MOOSE,TrackPoint,1,4,2,1,2,854,32,6.0,100,UP,176,18.0,true,3632,2704,1485,150,778,-1,1,1,UP,1.0,390.0,709.0,628.0,1442.0,1080.0,1661.0,4.331,
16,MOOSE,TrackPoint,1,4,3,1,3,854,32,3.0,100,DOWN,320,18.0,true,4025,3312,1327,122,591,1,0,1,DOWN,1.0,357.0,787.0,541.0,1494.0,1080.0,1661.0,4.331,
16,MOOSE,TrackPoint,1,4,4,1,4,854,32,6.0,200,DOWN,442,18.0,true,5513,4384,1294,650,479,-1,1,1,UP,1.0,396.0,653.0,646.5,1529.0,1080.0,1661.0,4.331,
16,MOOSE,TrackPoint,1,4,5,1,5,854,32,6.0,300,UP,17,18.0,true,4554,3888,957,201,465,-1,1,1,UP,1.0,443.0,512.0,657.5,1425.0,1080.0,1661.0,4.331,
16,MOOSE,TrackPoint,1,4,6,1,6,854,32,6.0,50,DOWN,689,18.0,true,3769,2670,1551,421,678,-1,1,1,DOWN,1.0,449.0,676.0,563.0,1112.0,1080.0,1661.0,4.331,
16,MOOSE,TrackPoint,1,4,7,1,7,854,32,3.0,50,UP,296,18.0,true,3933,2847,1823,429,657,0,1,1,UP,1.0,427.0,836.0,565.358,1338.0,1080.0,1661.0,4.331,
16,MOOSE,TrackPoint,1,4,8,1,8,854,32,3.0,300,UP,311,18.0,true,9044,8127,2794,329,588,0,1,1,DOWN,1.0,393.0,479.0,710.0,1445.0,1080.0,1661.0,4.331,
16,MOOSE,TrackPoint,1,4,9,2,1,854,32,3.0,200,UP,433,18.0,true,5536,3920,1263,414,1202,0,1,1,DOWN,1.0,309.0,511.0,614.0,1451.0,1080.0,1661.0,4.331,
16,MOOSE,TrackPoint,1,4,10,2,2,854,32,6.0,50,UP,325,18.0,true,3524,2255,1229,585,684,0,2,1,UP,1.0,366.672,581.0,540.5,1125.0,1080.0,1661.0,4.331,
16,MOOSE,TrackPoint,1,4,11,2,3,854,32,6.0,200,UP,36,18.0,true,4695,3678,1225,431,586,-2,1,1,UP,1.0,322.0,583.0,536.5,1258.0,1080.0,1661.0,4.331,
16,MOOSE,TrackPoint,1,4,12,2,4,854,32,3.0,50,DOWN,753,18.0,true,3831,2719,1582,308,804,0,1,1,DOWN,1.0,280.523,731.0,417.0,1164.0,1080.0,1661.0,4.331,
16,MOOSE,TrackPoint,1,4,13,2,5,854,32,3.0,100,UP,647,18.0,true,4920,3951,2092,437,532,0,1,1,UP,1.0,325.0,648.0,505.5,1304.0,1080.0,1661.0,4.331,
16,MOOSE,TrackPoint,1,4,14,2,6,854,32,3.0,300,DOWN,661,18.0,true,6961,5441,1373,490,1030,0,1,1,DOWN,1.0,253.681,781.0,434.0,1418.0,1080.0,1661.0,4.331,
16,MOOSE,TrackPoint,1,4,15,2,7,854,32,6.0,100,DOWN,808,18.0,true,5898,4703,800,341,854,0,3,3,DOWN,1.0,308.5,652.5,561.0,1362.5,1080.0,1661.0,4.331,
16,MOOSE,TrackPoint,1,4,16,2,8,854,32,6.0,300,DOWN,680,18.0,true,6762,6048,2191,220,494,1,3,1,UP,1.0,313.0,628.0,554.0,1421.0,1080.0,1661.0,4.331,
16,MOOSE,TrackPoint,1,4,17,3,1,854,32,3.0,100,DOWN,313,18.0,true,5947,3584,2255,113,2250,0,2,1,DOWN,1.0,241.0,609.0,542.0,1307.486,1080.0,1661.0,4.331,
16,MOOSE,TrackPoint,1,4,18,3,2,854,32,3.0,200,UP,179,18.0,true,4372,3296,543,525,551,0,1,1,UP,1.0,373.0,505.0,610.0,1243.0,1080.0,1661.0,4.331,
16,MOOSE,TrackPoint,1,4,19,3,3,854,32,3.0,300,UP,178,18.0,true,6750,5759,2347,263,728,0,1,1,UP,1.0,394.0,494.5,691.0,1383.0,1080.0,1661.0,4.331,
16,MOOSE,TrackPoint,1,4,20,3,4,854,32,6.0,200,UP,217,18.0,true,3964,2752,1070,499,713,2,2,1,UP,1.0,361.0,453.0,765.5,1315.0,1080.0,1661.0,4.331,
16,MOOSE,TrackPoint,1,4,21,3,5,854,32,6.0,50,DOWN,792,18.0,true,3333,2528,1486,302,503,0,2,1,UP,1.0,363.0,595.0,563.5,1311.0,1080.0,1661.0,4.331,
16,MOOSE,TrackPoint,1,4,22,3,6,854,32,3.0,50,DOWN,126,18.0,true,3120,1855,1263,411,854,0,1,1,DOWN,1.0,360.0,618.0,560.0,1249.0,1080.0,1661.0,4.331,
16,MOOSE,TrackPoint,1,4,23,3,7,854,32,6.0,300,UP,449,18.0,true,4509,3457,1003,279,773,-2,1,1,UP,1.0,419.0,473.0,787.492,1339.0,1080.0,1661.0,4.331,
16,MOOSE,TrackPoint,1,4,24,3,8,854,32,6.0,100,DOWN,546,18.0,true,4014,3297,1506,183,534,1,1,1,DOWN,1.0,385.0,567.0,704.0,1227.5,1080.0,1661.0,4.331,
16,MOOSE,TrackPoint,1,4,25,4,1,854,32,6.0,300,DOWN,792,18.0,true,4810,2848,781,145,1817,1,1,1,DOWN,1.0,228.0,593.0,640.0,1582.5,1080.0,1661.0,4.331,
16,MOOSE,TrackPoint,1,4,26,4,2,854,32,3.0,200,DOWN,559,18.0,true,4469,3679,1468,171,619,0,1,1,DOWN,1.0,397.0,624.0,661.0,1554.5,1080.0,1661.0,4.331,
16,MOOSE,TrackPoint,1,4,27,4,3,854,32,6.0,200,DOWN,753,18.0,true,5235,4001,2015,547,687,0,2,1,DOWN,1.0,393.0,631.0,683.0,1389.0,1080.0,1661.0,4.331,
16,MOOSE,TrackPoint,1,4,28,4,4,854,32,3.0,300,DOWN,740,18.0,true,5276,4192,1102,352,732,0,1,1,DOWN,1.0,356.0,729.0,571.0,1515.0,1080.0,1661.0,4.331,
16,MOOSE,TrackPoint,1,4,29,4,5,854,32,6.0,100,UP,540,18.0,true,6275,5119,1950,409,747,0,2,1,DOWN,1.0,367.429,503.0,709.0,1270.0,1080.0,1661.0,4.331,
16,MOOSE,TrackPoint,1,4,30,4,6,854,32,3.0,100,UP,134,18.0,true,4224,3296,1343,268,660,0,1,1,UP,1.0,436.0,501.5,706.5,1303.0,1080.0,1661.0,4.331,
16,MOOSE,TrackPoint,1,4,31,4,7,854,32,6.0,50,UP,492,18.0,true,3042,1806,190,722,514,2,1,1,DOWN,1.0,367.0,532.0,661.0,1425.0,1080.0,1661.0,4.331,
16,MOOSE,TrackPoint,1,4,32,4,8,854,32,3.0,50,UP,181,18.0,true,3028,2273,1839,132,623,0,2,1,UP,1.0,383.0,632.521,602.0,1319.0,1080.0,1661.0,4.331,
16,MOOSE,Drag,1,1,1,1,1,854,32,3.0,200,UP,131,18.0,true,8711,5984,1311,726,2001,-1,1,1,UP,1.0,250.0,12.5,689.0,1628.0,1080.0,1661.0,4.331,
16,MOOSE,Drag,1,1,2,1,2,854,32,6.0,100,UP,335,18.0,true,3849,2736,751,519,594,-2,1,1,UP,1.0,373.0,234.0,802.0,1373.0,1080.0,1661.0,4.331,
16,MOOSE,Drag,1,1,3,1,3,854,32,3.0,300,DOWN,827,18.0,true,6309,5263,1568,276,770,0,1,1,DOWN,1.0,392.709,377.0,711.0,1727.0,1080.0,1661.0,4.331,
16,MOOSE,Drag,1,1,4,1,4,854,32,6.0,50,UP,422,18.0,true,3241,2111,688,554,576,0,1,1,UP,1.0,377.0,284.0,702.0,1448.0,1080.0,1661.0,4.331,
16,MOOSE,Drag,1,1,5,1,5,854,32,3.0,50,DOWN,707,18.0,true,3831,2864,1777,337,630,0,1,1,UP,1.0,387.0,611.0,538.0,1694.5,1080.0,1661.0,4.331,
16,MOOSE,Drag,1,1,6,1,6,854,32,3.0,100,DOWN,824,18.0,true,3367,2288,1008,247,832,0,1,1,DOWN,1.0,314.516,528.0,594.0,1656.0,1080.0,1661.0,4.331,
16,MOOSE,Drag,1,1,7,1,7,854,32,6.0,300,DOWN,655,18.0,true,5946,4912,784,301,733,0,1,1,DOWN,1.0,164.507,364.0,662.0,1919.0,1080.0,1661.0,4.331,
16,MOOSE,Drag,1,1,8,1,8,854,32,6.0,200,UP,194,18.0,true,5734,4897,1298,243,594,-1,1,1,UP,1.0,186.0,390.0,627.0,1620.0,1080.0,1661.0,4.331,
16,MOOSE,Drag,1,1,9,2,1,854,32,6.0,300,UP,375,18.0,true,9708,6737,2001,312,2659,-1,2,1,UP,1.0,281.0,430.0,665.0,1492.716,1080.0,1661.0,4.331,
16,MOOSE,Drag,1,1,10,2,2,854,32,6.0,200,DOWN,786,18.0,true,5006,4288,624,136,582,1,1,1,DOWN,1.0,266.519,383.0,741.0,1889.0,1080.0,1661.0,4.331,
16,MOOSE,Drag,1,1,11,2,3,854,32,3.0,200,DOWN,294,18.0,true,5020,3871,864,393,756,0,2,1,DOWN,1.0,353.5,501.0,691.0,1778.0,1080.0,1661.0,4.331,
16,MOOSE,Drag,1,1,12,2,4,854,32,3.0,100,UP,584,18.0,true,3860,2864,1086,331,665,0,1,1,UP,1.0,307.0,581.0,587.0,1512.0,1080.0,1661.0,4.331,
16,MOOSE,Drag,1,1,13,2,5,854,32,6.0,100,DOWN,373,18.0,true,3956,3280,1136,130,546,-2,1,1,DOWN,1.0,293.347,511.0,546.0,1403.5,1080.0,1661.0,4.331,
16,MOOSE,Drag,1,1,14,2,6,854,32,3.0,50,UP,652,18.0,true,2902,1823,752,426,653,0,1,1,UP,1.0,333.473,541.0,561.0,1554.0,1080.0,1661.0,4.331,
16,MOOSE,Drag,1,1,15,2,7,854,32,6.0,50,DOWN,708,18.0,true,3246,2304,912,117,825,0,1,1,UP,1.0,243.0,554.0,499.0,1614.0,1080.0,1661.0,4.331,
16,MOOSE,Drag,1,1,16,2,8,854,32,3.0,300,UP,439,18.0,true,9831,9279,1793,123,429,-1,2,1,UP,2.0,250.0,111.0,943.0,1755.319,1080.0,1661.0,4.331,
16,MOOSE,Drag,1,1,17,3,1,854,32,6.0,300,UP,255,18.0,true,7229,5870,1135,29,1330,0,1,1,UP,1.0,85.0,227.0,637.0,1427.0,1080.0,1661.0,4.331,
16,MOOSE,Drag,1,1,18,3,2,854,32,3.0,200,DOWN,446,18.0,true,5029,4193,1601,249,587,0,1,1,UP,1.0,100.0,235.0,520.0,1729.0,1080.0,1661.0,4.331,
16,MOOSE,Drag,1,1,19,3,3,854,32,3.0,100,DOWN,491,18.0,true,3082,2015,545,449,618,0,1,1,DOWN,1.0,144.0,351.0,472.0,1647.0,1080.0,1661.0,4.331,
16,MOOSE,Drag,1,1,20,3,4,854,32,3.0,300,DOWN,487,18.0,true,5644,4655,559,480,509,1,1,1,DOWN,1.0,177.472,252.0,477.0,1548.0,1080.0,1661.0,4.331,
16,MOOSE,Drag,1,1,21,3,5,854,32,6.0,50,UP,386,18.0,true,3657,3441,1327,181,35,0,1,1,UP,1.0,196.0,318.0,470.0,1243.0,1080.0,1661.0,4.331,
16,MOOSE,Drag,1,1,22,3,6,854,32,3.0,50,UP,142,18.0,true,2820,1951,1296,257,612,0,1,1,UP,1.0,184.0,480.0,411.0,1313.0,1080.0,1661.0,4.331,
16,MOOSE,Drag,1,1,23,3,7,854,32,6.0,200,UP,480,18.0,true,4961,3952,224,444,565,1,1,1,UP,2.0,193.0,250.0,895.0,1458.0,1080.0,1661.0,4.331,
16,MOOSE,Drag,1,1,24,3,8,854,32,6.0,100,DOWN,564,18.0,true,3132,2431,1231,152,549,-1,2,1,DOWN,1.0,222.0,217.0,593.0,1581.72,1080.0,1661.0,4.331,
16,MOOSE,Drag,1,1,25,4,1,854,32,6.0,300,DOWN,493,18.0,true,6201,4450,546,352,1399,0,1,1,DOWN,1.0,172.979,242.0,436.0,1651.0,1080.0,1661.0,4.331,
16,MOOSE,Drag,1,1,26,4,2,854,32,3.0,50,DOWN,536,18.0,true,2610,1200,512,929,481,1,0,1,DOWN,1.0,242.0,284.0,393.165,1318.0,1080.0,1661.0,4.331,
16,MOOSE,Drag,1,1,27,4,3,854,32,6.0,100,UP,542,18.0,true,4241,3552,705,241,448,-1,1,1,DOWN,1.0,165.0,237.0,577.342,1332.0,1080.0,1661.0,4.331,
16,MOOSE,Drag,1,1,28,4,4,854,32,3.0,200,UP,38,18.0,true,7946,7201,2306,273,472,0,1,2,DOWN,1.0,89.401,211.0,593.0,1422.0,1080.0,1661.0,4.331,
16,MOOSE,Drag,1,1,29,4,5,854,32,3.0,100,UP,99,18.0,true,3677,2640,527,487,550,1,1,1,UP,1.0,224.0,581.0,457.0,1462.0,1080.0,1661.0,4.331,
16,MOOSE,Drag,1,1,30,4,6,854,32,3.0,300,UP,306,18.0,true,7182,6159,1105,266,757,0,1,1,UP,1.0,219.0,400.0,610.0,1479.0,1080.0,1661.0,4.331,
16,MOOSE,Drag,1,1,31,4,7,854,32,6.0,200,DOWN,695,18.0,true,4569,3218,401,571,780,-2,1,1,DOWN,1.0,232.551,356.0,462.0,1445.0,1080.0,1661.0,4.331,
16,MOOSE,Drag,1,1,32,4,8,854,32,6.0,50,DOWN,783,18.0,true,2445,1471,1025,155,819,0,1,1,DOWN,1.0,179.0,574.0,369.0,1439.0,1080.0,1661.0,4.331,
16,MOOSE,Drag,2,2,1,1,1,854,32,3.0,100,DOWN,635,18.0,true,8043,3983,1904,2651,1409,0,2,1,DOWN,1.0,334.0,620.0,597.0,1355.0,1080.0,1661.0,4.331,
16,MOOSE,Drag,2,2,2,1,2,854,32,6.0,100,UP,199,18.0,true,4787,3569,737,356,862,0,1,1,UP,1.0,336.471,566.0,519.0,1217.0,1080.0,1661.0,4.331,
16,MOOSE,Drag,2,2,3,1,3,854,32,3.0,50,DOWN,412,18.0,true,3134,1984,849,537,613,0,1,1,DOWN,1.0,234.0,670.0,417.0,1587.0,1080.0,1661.0,4.331,
16,MOOSE,Drag,2,2,4,1,4,854,32,6.0,50,UP,380,18.0,true,3843,2831,1391,583,429,-2,1,1,UP,1.0,339.0,554.0,458.5,1245.0,1080.0,1661.0,4.331,
16,MOOSE,Drag,2,2,5,1,5,854,32,3.0,200,UP,175,18.0,true,7109,6624,2064,76,409,0,2,1,DOWN,1.0,250.0,276.0,683.0,1517.0,1080.0,1661.0,4.331,
16,MOOSE,Drag,2,2,6,1,6,854,32,6.0,300,UP,369,18.0,true,7738,6958,912,81,699,0,1,1,UP,1.0,151.0,310.0,504.0,1384.0,1080.0,1661.0,4.331,
16,MOOSE,Drag,2,2,7,1,7,854,32,6.0,200,DOWN,791,18.0,true,5018,4128,817,233,657,0,1,1,UP,1.0,191.0,468.0,486.0,1708.0,1080.0,1661.0,4.331,
16,MOOSE,Drag,2,2,8,1,8,854,32,3.0,300,DOWN,468,18.0,true,7959,6689,1993,419,851,0,1,1,DOWN,1.0,318.0,469.0,531.0,1629.0,1080.0,1661.0,4.331,
16,MOOSE,Drag,2,2,9,2,1,854,32,3.0,50,UP,552,18.0,true,4539,2623,1841,125,1791,0,2,1,UP,1.0,325.0,570.0,493.0,1392.0,1080.0,1661.0,4.331,
16,MOOSE,Drag,2,2,10,2,2,854,32,3.0,200,DOWN,592,18.0,true,6367,5472,2128,224,671,0,2,1,DOWN,1.0,303.022,561.0,537.0,1695.0,1080.0,1661.0,4.331,
16,MOOSE,Drag,2,2,11,2,3,854,32,3.0,100,UP,139,18.0,true,5320,3682,1009,622,1016,1,1,1,DOWN,1.0,214.5,261.72,706.0,1605.0,1080.0,1661.0,4.331,
16,MOOSE,Drag,2,2,12,2,4,854,32,6.0,300,DOWN,701,18.0,true,7404,5872,1072,1063,469,-2,1,1,DOWN,1.0,321.488,373.0,576.0,1580.0,1080.0,1661.0,4.331,
16,MOOSE,Drag,2,2,13,2,5,854,32,6.0,50,DOWN,790,18.0,true,2241,1023,416,441,777,1,1,1,DOWN,1.0,391.0,356.0,563.0,1249.0,1080.0,1661.0,4.331,
16,MOOSE,Drag,2,2,14,2,6,854,32,3.0,300,UP,485,18.0,true,8885,7552,1583,429,904,-1,1,1,UP,1.0,237.791,273.0,594.0,1245.0,1080.0,1661.0,4.331,
16,MOOSE,Drag,2,2,15,2,7,854,32,6.0,100,DOWN,189,18.0,true,4700,4032,1553,268,400,0,2,1,DOWN,1.0,355.0,386.0,492.0,1173.0,1080.0,1661.0,4.331,
16,MOOSE,Drag,2,2,16,2,8,854,32,6.0,200,UP,523,18.0,true,6628,5775,1151,183,670,-1,1,1,DOWN,1.0,299.0,347.0,558.0,1377.0,1080.0,1661.0,4.331,
16,MOOSE,Drag,2,2,17,3,1,854,32,6.0,50,DOWN,751,18.0,true,3218,1600,847,62,1556,0,1,1,DOWN,1.0,300.529,448.0,488.0,1364.0,1080.0,1661.0,4.331,
16,MOOSE,Drag,2,2,18,3,2,854,32,3.0,200,UP,25,18.0,true,6482,5344,1056,400,738,0,0,1,DOWN,1.0,252.0,285.0,790.0,1395.0,1080.0,1661.0,4.331,
16,MOOSE,Drag,2,2,19,3,3,854,32,6.0,100,UP,366,18.0,true,6017,5312,2015,84,621,-2,1,1,DOWN,1.0,265.483,426.0,458.0,1198.0,1080.0,1661.0,4.331,
16,MOOSE,Drag,2,2,20,3,4,854,32,3.0,50,UP,321,18.0,true,4516,4026,1775,481,9,0,1,1,UP,1.0,261.0,400.0,451.0,1182.0,1080.0,1661.0,4.331,
16,MOOSE,Drag,2,2,21,3,5,854,32,3.0,300,DOWN,610,18.0,true,7147,5839,335,548,760,0,1,1,DOWN,1.0,319.309,395.0,496.0,1494.0,1080.0,1661.0,4.331,
16,MOOSE,Drag,2,2,22,3,6,854,32,3.0,100,UP,566,18.0,true,4824,3441,641,404,979,0,1,1,DOWN,1.0,317.0,263.637,626.0,1105.0,1080.0,1661.0,4.331,
16,MOOSE,Drag,2,2,23,3,7,854,32,6.0,300,DOWN,745,18.0,true,6167,5186,530,373,608,1,1,1,DOWN,1.0,325.469,370.0,499.0,1408.0,1080.0,1661.0,4.331,
16,MOOSE,Drag,2,2,24,3,8,854,32,6.0,200,DOWN,451,18.0,true,5742,4592,737,461,689,-1,1,1,DOWN,1.0,327.5,385.0,496.0,1479.0,1080.0,1661.0,4.331,
16,MOOSE,Drag,2,2,25,4,1,854,32,3.0,50,DOWN,792,18.0,true,4858,2832,1745,418,1608,0,1,1,UP,1.0,312.0,534.0,412.0,1448.5,1080.0,1661.0,4.331,
16,MOOSE,Drag,2,2,26,4,2,854,32,6.0,50,UP,114,18.0,true,3429,2416,1039,291,722,-1,1,1,DOWN,1.0,273.0,324.0,577.0,1084.0,1080.0,1661.0,4.331,
16,MOOSE,Drag,2,2,27,4,3,854,32,6.0,200,UP,518,18.0,true,6369,5649,769,128,592,0,1,1,DOWN,1.0,212.356,407.0,474.0,1366.0,1080.0,1661.0,4.331,
16,MOOSE,Drag,2,2,28,4,4,854,32,6.0,300,UP,180,18.0,true,8552,7504,975,296,752,0,1,1,DOWN,1.0,240.065,358.0,504.0,1384.0,1080.0,1661.0,4.331,
16,MOOSE,Drag,2,2,29,4,5,854,32,3.0,300,UP,153,18.0,true,9072,7456,1280,972,644,0,1,1,UP,1.0,218.0,326.0,501.0,1266.0,1080.0,1661.0,4.331,
16,MOOSE,Drag,2,2,30,4,6,854,32,3.0,100,DOWN,458,18.0,true,4257,2816,695,700,741,-1,1,1,DOWN,1.0,270.712,443.0,423.0,1296.0,1080.0,1661.0,4.331,
16,MOOSE,Drag,2,2,31,4,7,854,32,6.0,100,DOWN,656,18.0,true,3823,3055,1055,172,596,0,1,1,DOWN,1.0,311.0,506.0,394.0,1335.0,1080.0,1661.0,4.331,
16,MOOSE,Drag,2,2,32,4,8,854,32,3.0,200,DOWN,665,18.0,true,6669,5537,1441,439,693,1,0,1,DOWN,1.0,305.0,440.0,436.0,1506.0,1080.0,1661.0,4.331,
16,MOOSE,Rubbing,2,1,1,1,1,854,32,6.0,200,UP,506,18.0,true,17323,9760,5118,427,7136,2,2,1,UP,1.0,272.0,512.5,534.0,1127.0,1080.0,1661.0,4.331,
16,MOOSE,Rubbing,2,1,2,1,2,854,32,6.0,300,UP,154,18.0,true,8759,7184,1792,346,1229,-2,1,1,UP,1.0,486.0,361.5,645.0,1175.0,1080.0,1661.0,4.331,
16,MOOSE,Rubbing,2,1,3,1,3,854,32,3.0,200,DOWN,600,18.0,true,6874,5663,3454,150,1061,0,2,1,DOWN,1.0,391.0,380.0,494.0,1087.5,1080.0,1661.0,4.331,
16,MOOSE,Rubbing,2,1,4,1,4,854,32,3.0,300,DOWN,616,18.0,true,6881,5151,1727,798,932,1,0,1,DOWN,1.0,316.0,299.0,425.0,1347.0,1080.0,1661.0,4.331,
16,MOOSE,Rubbing,2,1,5,1,5,854,32,3.0,100,UP,59,18.0,true,3445,2480,1601,172,793,0,1,1,UP,1.0,327.0,466.0,502.0,1352.0,1080.0,1661.0,4.331,
16,MOOSE,Rubbing,2,1,6,1,6,854,32,6.0,100,UP,465,18.0,true,6249,4928,1679,228,1093,-1,1,1,UP,1.0,366.0,431.0,550.0,1403.0,1080.0,1661.0,4.331,
16,MOOSE,Rubbing,2,1,7,1,7,854,32,3.0,50,DOWN,657,18.0,true,4064,3217,1983,49,798,0,1,1,DOWN,1.0,361.553,412.0,519.0,1345.5,1080.0,1661.0,4.331,
16,MOOSE,Rubbing,2,1,8,1,8,854,32,6.0,50,DOWN,639,18.0,true,3825,2687,671,322,816,0,1,1,DOWN,1.0,322.0,447.0,499.0,1435.0,1080.0,1661.0,4.331,
16,MOOSE,Rubbing,2,1,9,2,1,854,32,6.0,100,DOWN,754,18.0,true,5008,3200,1441,123,1685,-1,1,1,DOWN,1.0,359.0,519.5,501.0,1182.0,1080.0,1661.0,4.331,
16,MOOSE,Rubbing,2,1,10,2,2,854,32,3.0,200,UP,138,18.0,true,4459,3667,1152,750,42,-1,1,1,UP,1.0,341.0,485.5,471.412,1387.0,1080.0,1661.0,4.331,
16,MOOSE,Rubbing,2,1,11,2,3,854,32,6.0,300,DOWN,767,18.0,true,8824,7856,1552,64,904,0,1,1,DOWN,1.0,345.969,319.0,540.0,1243.64,1080.0,1661.0,4.331,
16,MOOSE,Rubbing,2,1,12,2,4,854,32,6.0,50,UP,721,18.0,true,4349,4102,1807,230,17,0,1,2,UP,1.0,365.0,445.0,545.0,1476.0,1080.0,1661.0,4.331,
16,MOOSE,Rubbing,2,1,13,2,5,854,32,3.0,50,UP,305,18.0,true,11425,10783,1502,169,473,0,1,1,DOWN,1.0,296.0,398.0,518.0,1496.5,1080.0,1661.0,4.331,
16,MOOSE,Rubbing,2,1,14,2,6,854,32,3.0,100,DOWN,194,18.0,true,3830,2991,1375,118,721,1,0,1,DOWN,1.0,261.0,324.0,475.0,1329.0,1080.0,1661.0,4.331,
16,MOOSE,Rubbing,2,1,15,2,7,854,32,3.0,300,UP,230,18.0,true,6408,5473,2432,302,633,0,2,1,UP,1.0,294.0,287.5,454.648,1445.0,1080.0,1661.0,4.331,
16,MOOSE,Rubbing,2,1,16,2,8,854,32,6.0,200,DOWN,417,18.0,true,4068,3343,751,54,671,0,1,1,DOWN,1.0,158.709,293.0,320.0,1384.0,1080.0,1661.0,4.331,
16,MOOSE,Rubbing,2,1,17,3,1,854,32,6.0,50,UP,670,18.0,true,3735,1615,1055,325,1795,2,2,1,UP,1.0,137.0,453.5,368.366,1570.0,1080.0,1661.0,4.331,
16,MOOSE,Rubbing,2,1,18,3,2,854,32,6.0,300,UP,53,18.0,true,8533,7872,1169,107,554,-1,1,2,UP,1.0,89.0,331.5,356.0,1529.0,1080.0,1661.0,4.331,
16,MOOSE,Rubbing,2,1,19,3,3,854,32,3.0,100,UP,31,18.0,true,3431,2591,1711,158,682,0,1,1,UP,1.0,123.501,444.0,274.836,1513.0,1080.0,1661.0,4.331,
16,MOOSE,Rubbing,2,1,20,3,4,854,32,3.0,200,DOWN,423,18.0,true,4349,3391,1120,179,779,1,0,1,DOWN,1.0,127.677,442.0,315.0,1566.0,1080.0,1661.0,4.331,
16,MOOSE,Rubbing,2,1,21,3,5,854,32,3.0,300,UP,230,18.0,true,5239,4735,1040,462,42,-1,1,1,UP,1.0,204.0,284.04,435.0,1631.0,1080.0,1661.0,4.331,
16,MOOSE,Rubbing,2,1,22,3,6,854,32,3.0,50,DOWN,225,18.0,true,4087,2623,2016,870,594,1,1,1,DOWN,1.0,212.702,332.0,405.5,1212.0,1080.0,1661.0,4.331,
16,MOOSE,Rubbing,2,1,23,3,7,854,32,6.0,200,DOWN,839,18.0,true,3220,1520,0,761,939,2,0,1,DOWN,1.0,235.0,299.0,363.0,1148.0,1080.0,1661.0,4.331,
16,MOOSE,Rubbing,2,1,24,3,8,854,32,6.0,100,DOWN,747,18.0,true,4032,3008,1442,86,938,1,1,1,DOWN,1.0,243.0,331.0,402.0,1232.0,1080.0,1661.0,4.331,
16,MOOSE,Rubbing,2,1,25,4,1,854,32,6.0,100,UP,155,18.0,true,3907,2065,1279,117,1725,2,0,1,UP,1.0,235.806,423.0,346.0,1443.0,1080.0,1661.0,4.331,
16,MOOSE,Rubbing,2,1,26,4,2,854,32,3.0,50,UP,606,18.0,true,3881,2738,1458,197,946,0,1,1,UP,1.0,232.0,285.0,428.0,1421.0,1080.0,1661.0,4.331,
16,MOOSE,Rubbing,2,1,27,4,3,854,32,3.0,300,DOWN,554,18.0,true,5882,5168,1103,5,709,1,0,1,DOWN,1.0,241.428,291.0,415.0,1342.0,1080.0,1661.0,4.331,
16,MOOSE,Rubbing,2,1,28,4,4,854,32,6.0,50,DOWN,821,18.0,true,2238,543,0,845,850,-1,0,1,DOWN,1.0,298.486,372.0,436.0,985.0,1080.0,1661.0,4.331,
16,MOOSE,Rubbing,2,1,29,4,5,854,32,3.0,200,UP,118,18.0,true,5028,4386,1536,64,578,0,1,1,UP,1.0,194.0,221.0,496.0,1508.0,1080.0,1661.0,4.331,
16,MOOSE,Rubbing,2,1,30,4,6,854,32,6.0,200,UP,235,18.0,true,4968,4018,2382,74,876,-1,1,1,UP,1.0,197.0,321.0,412.0,1464.0,1080.0,1661.0,4.331,
16,MOOSE,Rubbing,2,1,31,4,7,854,32,6.0,300,DOWN,341,18.0,true,5668,4911,832,146,611,2,1,1,DOWN,1.0,206.0,320.0,385.0,1354.0,1080.0,1661.0,4.331,
16,MOOSE,Rubbing,2,1,32,4,8,854,32,3.0,100,DOWN,392,18.0,true,3064,1808,1039,531,725,0,1,1,DOWN,1.0,228.478,248.0,404.0,1438.0,1080.0,1661.0,4.331,
16,MOOSE,Rubbing,2,2,1,1,1,854,32,3.0,300,DOWN,503,18.0,true,5835,3121,706,182,2532,0,1,1,DOWN,1.0,222.341,349.0,490.0,1484.0,1080.0,1661.0,4.331,
16,MOOSE,Rubbing,2,2,2,1,2,854,32,6.0,100,DOWN,170,18.0,true,2883,1936,751,118,829,0,1,1,DOWN,1.0,193.0,513.0,361.0,1312.0,1080.0,1661.0,4.331,
16,MOOSE,Rubbing,2,2,3,1,3,854,32,3.0,200,UP,567,18.0,true,5724,5072,1424,125,527,0,1,1,DOWN,1.0,173.519,391.0,399.0,1632.0,1080.0,1661.0,4.331,
16,MOOSE,Rubbing,2,2,4,1,4,854,32,6.0,300,UP,230,18.0,true,5814,4863,847,140,811,0,1,1,DOWN,1.0,205.797,515.5,340.0,1717.0,1080.0,1661.0,4.331,
16,MOOSE,Rubbing,2,2,5,1,5,854,32,3.0,100,UP,363,18.0,true,3630,2687,1007,169,774,0,1,1,DOWN,1.0,173.0,405.0,347.0,1493.409,1080.0,1661.0,4.331,
16,MOOSE,Rubbing,2,2,6,1,6,854,32,6.0,50,UP,516,18.0,true,2643,1792,943,280,571,-1,1,1,DOWN,1.0,133.432,543.0,288.0,1402.0,1080.0,1661.0,4.331,
16,MOOSE,Rubbing,2,2,7,1,7,854,32,3.0,50,DOWN,727,18.0,true,3267,2143,1566,454,670,0,1,1,DOWN,1.0,162.0,508.0,272.0,1223.0,1080.0,1661.0,4.331,
16,MOOSE,Rubbing,2,2,8,1,8,854,32,6.0,200,DOWN,297,18.0,true,5158,4077,1006,319,762,0,1,1,DOWN,1.0,182.0,454.0,327.0,1497.5,1080.0,1661.0,4.331,
16,MOOSE,Rubbing,2,2,9,2,1,854,32,6.0,300,DOWN,741,18.0,true,3906,1536,0,943,1427,-2,0,0,DOWN,1.0,219.276,409.0,470.0,1391.5,1080.0,1661.0,4.331,
16,MOOSE,Rubbing,2,2,10,2,2,854,32,3.0,100,DOWN,697,18.0,true,4156,4011,1824,93,52,0,1,2,UP,1.0,154.747,310.0,330.0,1254.0,1080.0,1661.0,4.331,
16,MOOSE,Rubbing,2,2,11,2,3,854,32,3.0,50,UP,218,18.0,true,3323,2432,983,210,681,0,1,1,UP,1.0,145.0,481.0,312.0,1344.0,1080.0,1661.0,4.331,
16,MOOSE,Rubbing,2,2,12,2,4,854,32,6.0,200,UP,513,18.0,true,3896,3328,1103,70,498,-1,1,1,DOWN,1.0,177.0,502.0,326.0,1539.0,1080.0,1661.0,4.331,
16,MOOSE,Rubbing,2,2,13,2,5,854,32,3.0,200,DOWN,475,18.0,true,4729,3983,1935,186,560,0,2,1,DOWN,1.0,179.0,448.0,352.0,1400.0,1080.0,1661.0,4.331,
16,MOOSE,Rubbing,2,2,14,2,6,854,32,6.0,50,DOWN,64,18.0,true,2634,1775,910,76,783,1,1,1,DOWN,1.0,175.0,559.0,310.0,1363.5,1080.0,1661.0,4.331,
16,MOOSE,Rubbing,2,2,15,2,7,854,32,6.0,100,UP,127,18.0,true,2420,1678,463,73,669,0,1,1,UP,1.0,147.0,657.0,207.0,1510.0,1080.0,1661.0,4.331,
16,MOOSE,Rubbing,2,2,16,2,8,854,32,3.0,300,UP,405,18.0,true,7678,6432,2128,342,904,0,1,1,DOWN,1.0,107.0,504.0,292.0,1468.0,1080.0,1661.0,4.331,
16,MOOSE,Rubbing,2,2,17,3,1,854,32,3.0,100,UP,727,18.0,true,6135,3792,2401,217,2126,-1,1,1,UP,1.0,229.0,379.0,456.5,1260.0,1080.0,1661.0,4.331,
16,MOOSE,Rubbing,2,2,18,3,2,854,32,3.0,50,DOWN,572,18.0,true,2703,1680,1008,360,663,0,1,1,DOWN,1.0,334.0,388.0,431.0,916.0,1080.0,1661.0,4.331,
16,MOOSE,Rubbing,2,2,19,3,3,854,32,6.0,300,DOWN,355,18.0,true,5040,4144,1454,195,701,2,1,1,DOWN,1.0,235.0,343.0,419.0,1331.0,1080.0,1661.0,4.331,
16,MOOSE,Rubbing,2,2,20,3,4,854,32,6.0,100,UP,283,18.0,true,3545,2735,927,105,705,0,1,1,UP,1.0,263.0,381.0,424.0,1391.0,1080.0,1661.0,4.331,
16,MOOSE,Rubbing,2,2,21,3,5,854,32,6.0,50,UP,376,18.0,true,2492,1760,1280,40,692,-1,1,1,UP,1.0,244.501,520.0,313.0,1211.0,1080.0,1661.0,4.331,
16,MOOSE,Rubbing,2,2,22,3,6,854,32,3.0,300,DOWN,637,18.0,true,5085,4193,818,343,549,0,1,1,DOWN,1.0,248.0,442.0,348.0,1285.5,1080.0,1661.0,4.331,
16,MOOSE,Rubbing,2,2,23,3,7,854,32,6.0,200,DOWN,598,18.0,true,4103,2802,1041,258,1043,-1,1,1,DOWN,1.0,271.359,276.0,411.0,1168.0,1080.0,1661.0,4.331,
16,MOOSE,Rubbing,2,2,24,3,8,854,32,3.0,200,UP,149,18.0,true,4337,3329,800,257,751,0,1,1,UP,1.0,274.0,455.5,369.5,1358.0,1080.0,1661.0,4.331,
16,MOOSE,Rubbing,2,2,25,4,1,854,32,3.0,300,UP,240,18.0,true,6380,4593,1472,350,1437,1,1,1,UP,1.0,190.0,463.5,326.5,1434.0,1080.0,1661.0,4.331,
16,MOOSE,Rubbing,2,2,26,4,2,854,32,6.0,50,DOWN,104,18.0,true,2645,1792,960,281,572,-1,1,1,DOWN,1.0,223.0,335.0,316.0,1078.0,1080.0,1661.0,4.331,
16,MOOSE,Rubbing,2,2,27,4,3,854,32,3.0,50,UP,740,18.0,true,4354,3232,1377,299,823,0,1,1,UP,1.0,232.0,336.0,446.0,1322.0,1080.0,1661.0,4.331,
16,MOOSE,Rubbing,2,2,28,4,4,854,32,3.0,200,DOWN,684,18.0,true,4866,3920,912,199,747,0,1,1,DOWN,1.0,229.5,414.0,398.0,1275.5,1080.0,1661.0,4.331,
16,MOOSE,Rubbing,2,2,29,4,5,854,32,3.0,100,DOWN,307,18.0,true,3232,2383,1328,254,595,0,2,1,DOWN,1.0,276.488,327.0,385.0,1242.0,1080.0,1661.0,4.331,
16,MOOSE,Rubbing,2,2,30,4,6,854,32,6.0,300,UP,154,18.0,true,6639,6457,2550,123,59,1,2,1,UP,2.0,212.0,248.0,1015.0,1418.0,1080.0,1661.0,4.331,
16,MOOSE,Rubbing,2,2,31,4,7,854,32,6.0,200,UP,341,18.0,true,5729,4321,0,749,659,-1,0,1,UP,1.0,295.515,527.5,414.0,1346.0,1080.0,1661.0,4.331,
16,MOOSE,Rubbing,2,2,32,4,8,854,32,6.0,100,DOWN,736,18.0,true,3630,2882,1552,70,678,-2,1,1,DOWN,1.0,233.0,426.0,374.0,1078.0,1080.0,1661.0,4.331,
16,MOOSE,Rubbing,2,3,1,1,1,854,32,6.0,200,DOWN,542,18.0,true,9610,5232,2176,8,4370,1,1,1,UP,1.0,297.0,240.0,559.5,1457.0,1080.0,1661.0,4.331,
16,MOOSE,Rubbing,2,3,2,1,2,854,32,3.0,200,DOWN,372,18.0,true,4774,4048,1536,128,598,0,1,1,DOWN,1.0,258.5,373.0,384.0,1118.726,1080.0,1661.0,4.331,
16,MOOSE,Rubbing,2,3,3,1,3,854,32,3.0,300,UP,315,18.0,true,7940,7558,1472,310,72,0,1,1,DOWN,1.0,178.0,230.0,417.0,1404.0,1080.0,1661.0,4.331,
16,MOOSE,Rubbing,2,3,4,1,4,854,32,6.0,50,UP,423,18.0,true,3494,2590,1311,32,872,1,1,2,UP,1.0,165.684,473.0,302.0,1554.0,1080.0,1661.0,4.331,
16,MOOSE,Rubbing,2,3,5,1,5,854,32,3.0,50,UP,716,18.0,true,7052,6224,1250,85,743,0,1,1,DOWN,1.0,122.0,222.0,387.0,1357.5,1080.0,1661.0,4.331,
16,MOOSE,Rubbing,2,3,6,1,6,854,32,3.0,100,UP,736,18.0,true,4278,3681,2241,8,589,0,1,1,UP,1.0,146.0,373.0,332.0,1400.0,1080.0,1661.0,4.331,
16,MOOSE,Rubbing,2,3,7,1,7,854,32,6.0,100,DOWN,539,18.0,true,3492,2607,1109,192,693,1,1,1,DOWN,1.0,175.0,469.0,273.0,1372.0,1080.0,1661.0,4.331,
16,MOOSE,Rubbing,2,3,8,1,8,854,32,6.0,300,DOWN,504,18.0,true,4546,4379,1008,128,39,0,1,1,UP,1.0,156.511,348.0,282.0,1426.0,1080.0,1661.0,4.331,
16,MOOSE,Rubbing,2,3,9,2,1,854,32,3.0,300,DOWN,663,18.0,true,7500,5745,1936,139,1616,0,2,1,UP,1.0,15.0,312.0,343.0,1499.0,1080.0,1661.0,4.331,
16,MOOSE,Rubbing,2,3,10,2,2,854,32,3.0,200,UP,318,18.0,true,4655,3743,1479,87,825,0,1,1,UP,1.0,127.0,438.0,330.0,1425.0,1080.0,1661.0,4.331,
16,MOOSE,Rubbing,2,3,11,2,3,854,32,6.0,100,UP,116,18.0,true,2510,881,0,904,725,-2,0,1,UP,1.0,226.718,593.0,315.0,1438.0,1080.0,1661.0,4.331,
16,MOOSE,Rubbing,2,3,12,2,4,854,32,3.0,50,DOWN,606,18.0,true,3839,2865,2385,259,715,0,2,1,DOWN,1.0,190.477,365.0,305.0,962.362,1080.0,1661.0,4.331,
16,MOOSE,Rubbing,2,3,13,2,5,854,32,6.0,300,UP,93,18.0,true,6628,5599,1247,394,635,0,1,1,UP,1.0,149.0,516.0,311.5,1354.0,1080.0,1661.0,4.331,
16,MOOSE,Rubbing,2,3,14,2,6,854,32,3.0,100,DOWN,426,18.0,true,4576,3937,2801,20,619,0,1,1,DOWN,1.0,172.0,394.0,280.069,1182.0,1080.0,1661.0,4.331,
16,MOOSE,Rubbing,2,3,15,2,7,854,32,6.0,200,UP,500,18.0,true,3559,3188,530,325,46,0,1,1,UP,1.0,232.0,429.0,317.0,1323.0,1080.0,1661.0,4.331,
16,MOOSE,Rubbing,2,3,16,2,8,854,32,6.0,50,DOWN,762,18.0,true,3640,3024,959,188,428,-1,1,2,DOWN,1.0,149.0,312.0,323.0,1114.0,1080.0,1661.0,4.331,
16,MOOSE,Rubbing,2,3,17,3,1,854,32,3.0,200,DOWN,769,18.0,true,7779,4593,1969,179,3007,0,2,1,UP,1.0,108.0,445.0,365.0,1408.0,1080.0,1661.0,4.331,
16,MOOSE,Rubbing,2,3,18,3,2,854,32,6.0,200,UP,634,18.0,true,4305,3618,897,37,650,-1,1,1,UP,1.0,146.668,515.0,203.0,1358.0,1080.0,1661.0,4.331,
16,MOOSE,Rubbing,2,3,19,3,3,854,32,6.0,100,UP,468,18.0,true,3248,3129,783,72,47,-1,1,1,UP,1.0,129.0,413.0,243.0,1308.0,1080.0,1661.0,4.331,
16,MOOSE,Rubbing,2,3,20,3,4,854,32,6.0,50,DOWN,680,18.0,true,2436,752,0,847,837,-2,0,1,DOWN,1.0,126.0,438.0,221.0,1004.5,1080.0,1661.0,4.331,
16,MOOSE,Rubbing,2,3,21,3,5,854,32,6.0,300,UP,100,18.0,true,5163,4768,2112,36,359,1,1,1,UP,1.0,81.0,582.0,206.0,1316.5,1080.0,1661.0,4.331,
16,MOOSE,Rubbing,2,3,22,3,6,854,32,3.0,50,DOWN,499,18.0,true,2031,673,0,664,694,0,0,1,DOWN,1.0,127.481,484.0,194.0,1023.5,1080.0,1661.0,4.331,
16,MOOSE,Rubbing,2,3,23,3,7,854,32,3.0,100,DOWN,120,18.0,true,3964,2688,0,704,572,0,0,1,UP,1.0,90.503,500.0,193.0,1376.0,1080.0,1661.0,4.331,
16,MOOSE,Rubbing,2,3,24,3,8,854,32,3.0,300,UP,243,18.0,true,6822,5937,2703,366,519,0,2,1,UP,1.0,129.57,617.5,265.5,1308.0,1080.0,1661.0,4.331,
16,MOOSE,Rubbing,2,3,25,4,1,854,32,3.0,100,UP,519,18.0,true,3585,2080,1184,267,1238,0,1,1,UP,1.0,174.0,435.0,448.0,1353.0,1080.0,1661.0,4.331,
16,MOOSE,Rubbing,2,3,26,4,2,854,32,6.0,200,DOWN,272,18.0,true,5087,4448,1487,59,580,0,1,1,DOWN,1.0,192.457,531.0,304.5,1092.0,1080.0,1661.0,4.331,
16,MOOSE,Rubbing,2,3,27,4,3,854,32,6.0,100,DOWN,830,18.0,true,3246,2337,1537,174,735,-1,2,1,DOWN,1.0,164.497,459.0,241.448,1066.0,1080.0,1661.0,4.331,
16,MOOSE,Rubbing,2,3,28,4,4,854,32,6.0,50,UP,632,18.0,true,3091,2256,1775,79,756,1,1,1,UP,1.0,159.0,596.0,280.0,1317.0,1080.0,1661.0,4.331,
16,MOOSE,Rubbing,2,3,29,4,5,854,32,3.0,50,UP,315,18.0,true,2884,2160,1664,135,589,0,1,1,UP,1.0,148.0,525.0,269.0,1260.0,1080.0,1661.0,4.331,
16,MOOSE,Rubbing,2,3,30,4,6,854,32,3.0,300,DOWN,398,18.0,true,4921,4143,1095,174,604,0,1,1,DOWN,1.0,186.49,478.0,282.5,1175.5,1080.0,1661.0,4.331,
16,MOOSE,Rubbing,2,3,31,4,7,854,32,3.0,200,UP,234,18.0,true,8092,8049,1456,8,35,-1,1,1,UP,1.0,138.0,488.5,370.5,1427.0,1080.0,1661.0,4.331,
16,MOOSE,Rubbing,2,3,32,4,8,854,32,6.0,300,DOWN,653,18.0,true,5115,4257,1122,36,822,-1,1,1,DOWN,1.0,182.0,297.0,388.0,1163.0,1080.0,1661.0,4.331,
16,MOOSE,Rubbing,2,4,1,1,1,854,32,3.0,200,DOWN,821,18.0,true,7214,3679,2160,315,3220,0,1,1,DOWN,1.0,257.0,497.0,491.0,1361.192,1080.0,1661.0,4.331,
16,MOOSE,Rubbing,2,4,2,1,2,854,32,6.0,100,UP,208,18.0,true,3224,2191,705,246,787,0,1,1,UP,1.0,373.481,562.0,468.0,1324.0,1080.0,1661.0,4.331,
16,MOOSE,Rubbing,2,4,3,1,3,854,32,6.0,50,UP,485,18.0,true,2830,1921,1344,128,781,0,1,1,UP,1.0,298.0,523.0,483.5,1354.0,1080.0,1661.0,4.331,
16,MOOSE,Rubbing,2,4,4,1,4,854,32,3.0,50,DOWN,584,18.0,true,4289,3649,2994,15,625,0,2,1,DOWN,1.0,349.692,556.0,509.0,1155.0,1080.0,1661.0,4.331,
16,MOOSE,Rubbing,2,4,5,1,5,854,32,3.0,300,DOWN,445,18.0,true,5887,4895,2303,223,769,0,2,1,DOWN,1.0,334.0,534.0,444.0,1229.0,1080.0,1661.0,4.331,
16,MOOSE,Rubbing,2,4,6,1,6,854,32,6.0,300,UP,299,18.0,false,6168,4767,751,247,1154,-3,0,1,UP,1.0,274.0,694.0,435.31,1408.0,1080.0,1661.0,4.331,
16,MOOSE,Rubbing,2,4,7,1,6,854,32,6.0,300,UP,413,18.0,true,5086,3743,863,307,1036,0,1,1,UP,1.0,208.0,682.5,294.715,1306.0,1080.0,1661.0,4.331,
16,MOOSE,Rubbing,2,4,8,1,7,854,32,3.0,100,UP,237,18.0,true,2427,814,0,866,747,0,0,1,UP,1.0,206.0,785.5,255.312,1296.0,1080.0,1661.0,4.331,
16,MOOSE,Rubbing,2,4,9,1,8,854,32,6.0,200,DOWN,339,18.0,true,4638,3696,1200,203,739,2,1,1,DOWN,1.0,218.56,622.0,322.0,1132.86,1080.0,1661.0,4.331,
16,MOOSE,Rubbing,2,4,10,2,1,854,32,3.0,300,UP,166,18.0,true,5747,4161,2048,244,1342,0,1,1,UP,1.0,232.0,649.0,1027.0,1367.0,1080.0,1661.0,4.331,
16,MOOSE,Rubbing,2,4,11,2,2,854,32,6.0,50,DOWN,113,18.0,true,2956,1889,1296,413,654,-2,2,1,DOWN,1.0,306.0,582.0,440.0,1176.0,1080.0,1661.0,4.331,
16,MOOSE,Rubbing,2,4,12,2,3,854,32,3.0,50,UP,236,18.0,true,3696,2704,1648,105,887,0,1,1,UP,1.0,273.0,606.0,372.0,1185.0,1080.0,1661.0,4.331,
16,MOOSE,Rubbing,2,4,13,2,4,854,32,6.0,100,DOWN,420,18.0,true,4178,3410,2272,255,513,0,1,1,DOWN,1.0,242.433,564.0,380.0,1050.68,1080.0,1661.0,4.331,
16,MOOSE,Rubbing,2,4,14,2,5,854,32,6.0,300,DOWN,612,18.0,true,5040,4210,1520,170,660,1,2,1,DOWN,1.0,231.0,704.0,356.0,1353.0,1080.0,1661.0,4.331,
16,MOOSE,Rubbing,2,4,15,2,6,854,32,3.0,100,DOWN,760,18.0,true,2949,2289,1314,140,520,0,1,1,DOWN,1.0,235.732,609.0,379.0,1188.0,1080.0,1661.0,4.331,
16,MOOSE,Rubbing,2,4,16,2,7,854,32,3.0,200,UP,457,18.0,true,5464,4752,1416,243,469,0,1,1,DOWN,1.0,160.0,644.0,310.0,1457.0,1080.0,1661.0,4.331,
16,MOOSE,Rubbing,2,4,17,2,8,854,32,6.0,200,UP,247,18.0,true,5141,4464,1728,219,458,0,1,1,DOWN,1.0,149.0,699.5,259.0,1524.0,1080.0,1661.0,4.331,
16,MOOSE,Rubbing,2,4,18,3,1,854,32,3.0,100,DOWN,281,18.0,true,2931,1615,800,215,1101,0,1,1,DOWN,1.0,294.849,572.0,463.0,1103.0,1080.0,1661.0,4.331,
16,MOOSE,Rubbing,2,4,19,3,2,854,32,6.0,50,DOWN,247,18.0,true,3737,2960,1296,122,655,-1,1,2,DOWN,1.0,198.0,513.0,397.0,1245.0,1080.0,1661.0,4.331,
16,MOOSE,Rubbing,2,4,20,3,3,854,32,6.0,100,UP,65,18.0,true,2214,768,0,661,785,0,0,1,UP,1.0,228.0,715.5,264.7,1315.0,1080.0,1661.0,4.331,
16,MOOSE,Rubbing,2,4,21,3,4,854,32,6.0,300,UP,410,18.0,true,3709,2272,0,639,798,1,0,1,UP,1.0,218.0,650.031,279.859,1320.0,1080.0,1661.0,4.331,
16,MOOSE,Rubbing,2,4,22,3,5,854,32,6.0,200,UP,518,18.0,true,5118,4192,1873,214,712,1,2,1,UP,1.0,143.702,685.0,264.0,1438.0,1080.0,1661.0,4.331,
16,MOOSE,Rubbing,2,4,23,3,6,854,32,3.0,200,DOWN,484,18.0,true,3664,3042,1138,74,548,0,1,1,DOWN,1.0,189.467,590.0,349.0,1292.0,1080.0,1661.0,4.331,
16,MOOSE,Rubbing,2,4,24,3,7,854,32,3.0,300,UP,329,18.0,true,6225,5391,2895,162,672,0,1,1,UP,1.0,183.311,668.0,300.0,1585.0,1080.0,1661.0,4.331,
16,MOOSE,Rubbing,2,4,25,3,8,854,32,3.0,50,DOWN,458,18.0,true,3838,2721,720,456,661,0,1,2,DOWN,1.0,153.0,632.0,315.0,1279.0,1080.0,1661.0,4.331,
16,MOOSE,Rubbing,2,4,26,4,1,854,32,3.0,200,UP,466,18.0,true,4793,3120,959,121,1552,0,1,1,UP,1.0,267.0,460.0,898.0,1512.0,1080.0,1661.0,4.331,
16,MOOSE,Rubbing,2,4,27,4,2,854,32,6.0,200,DOWN,270,18.0,true,5723,4944,1472,71,708,0,1,2,DOWN,1.0,159.0,509.0,363.0,1379.5,1080.0,1661.0,4.331,
16,MOOSE,Rubbing,2,4,28,4,3,854,32,6.0,300,DOWN,369,18.0,true,4061,3104,833,283,674,0,1,1,DOWN,1.0,169.0,518.0,326.0,1311.0,1080.0,1661.0,4.331,
16,MOOSE,Rubbing,2,4,29,4,4,854,32,3.0,300,DOWN,533,18.0,true,4630,3968,1358,103,559,0,1,1,DOWN,1.0,167.0,606.0,326.0,1232.0,1080.0,1661.0,4.331,
16,MOOSE,Rubbing,2,4,30,4,5,854,32,6.0,50,UP,349,18.0,true,3841,3087,1424,157,597,0,1,2,UP,1.0,149.682,630.0,285.0,1453.0,1080.0,1661.0,4.331,
16,MOOSE,Rubbing,2,4,31,4,6,854,32,6.0,100,DOWN,178,18.0,true,3518,2672,1504,85,761,-2,2,1,DOWN,1.0,164.0,567.0,296.0,1191.0,1080.0,1661.0,4.331,
16,MOOSE,Rubbing,2,4,32,4,7,854,32,3.0,50,UP,445,18.0,true,4458,3295,895,264,899,0,1,1,UP,1.0,164.0,548.0,295.0,1440.0,1080.0,1661.0,4.331,
16,MOOSE,Rubbing,2,4,33,4,8,854,32,3.0,100,UP,68,18.0,true,2763,1311,-1,761,691,0,0,1,UP,1.0,156.502,696.5,216.5,1369.0,1080.0,1661.0,4.331,
16,MOOSE,Drag,3,3,1,1,1,854,32,6.0,100,DOWN,126,18.0,true,6611,3934,1232,340,2337,-1,1,1,DOWN,1.0,324.0,682.0,520.0,1342.0,1080.0,1661.0,4.331,
16,MOOSE,Drag,3,3,2,1,2,854,32,3.0,300,DOWN,542,18.0,true,7772,6719,1648,351,702,0,2,1,DOWN,1.0,198.0,434.0,537.0,1658.05,1080.0,1661.0,4.331,
16,MOOSE,Drag,3,3,3,1,3,854,32,6.0,50,UP,112,18.0,true,3423,2047,1184,229,1147,1,1,1,UP,1.0,249.5,587.0,408.0,1187.0,1080.0,1661.0,4.331,
16,MOOSE,Drag,3,3,4,1,4,854,32,3.0,50,DOWN,746,18.0,true,3115,2015,1104,401,699,0,1,1,DOWN,1.0,258.5,528.0,415.0,1152.0,1080.0,1661.0,4.331,
16,MOOSE,Drag,3,3,5,1,5,854,32,6.0,300,UP,313,18.0,true,9800,8624,735,409,767,-1,1,1,DOWN,1.0,111.0,169.0,464.186,1300.0,1080.0,1661.0,4.331,
16,MOOSE,Drag,3,3,6,1,6,854,32,3.0,200,DOWN,673,18.0,true,5433,4641,1217,162,630,0,1,1,DOWN,1.0,63.0,512.0,295.0,1569.0,1080.0,1661.0,4.331,
16,MOOSE,Drag,3,3,7,1,7,854,32,3.0,100,UP,316,18.0,true,3439,2480,767,363,596,0,1,1,UP,1.0,118.0,554.0,292.0,1313.0,1080.0,1661.0,4.331,
16,MOOSE,Drag,3,3,8,1,8,854,32,6.0,200,UP,533,18.0,true,5618,4655,816,126,837,0,1,1,UP,1.0,107.0,321.5,477.0,1453.0,1080.0,1661.0,4.331,
16,MOOSE,Drag,3,3,9,2,1,854,32,6.0,200,DOWN,731,18.0,true,5955,4592,1407,158,1205,1,1,1,DOWN,1.0,151.0,546.0,412.0,1497.5,1080.0,1661.0,4.331,
16,MOOSE,Drag,3,3,10,2,2,854,32,6.0,300,DOWN,455,18.0,true,6877,6608,895,223,46,-2,1,1,UP,1.0,91.0,384.0,295.0,1740.0,1080.0,1661.0,4.331,
16,MOOSE,Drag,3,3,11,2,3,854,32,3.0,50,UP,593,18.0,true,3364,2112,943,326,926,0,1,1,UP,1.0,91.0,523.0,280.0,1109.0,1080.0,1661.0,4.331,
16,MOOSE,Drag,3,3,12,2,4,854,32,6.0,100,UP,233,18.0,true,3395,2560,865,149,686,0,1,1,UP,1.0,107.0,493.0,334.0,1135.0,1080.0,1661.0,4.331,
16,MOOSE,Drag,3,3,13,2,5,854,32,3.0,100,DOWN,471,18.0,true,3633,2945,1345,134,554,0,1,1,DOWN,1.0,76.0,530.0,278.0,1429.5,1080.0,1661.0,4.331,
16,MOOSE,Drag,3,3,14,2,6,854,32,3.0,200,UP,239,18.0,true,7658,6479,1760,375,804,-1,3,1,DOWN,1.0,91.0,385.0,467.0,1452.0,1080.0,1661.0,4.331,
16,MOOSE,Drag,3,3,15,2,7,854,32,3.0,300,UP,196,18.0,true,8003,6992,1150,288,723,0,1,1,UP,1.0,101.0,414.0,528.0,1265.0,1080.0,1661.0,4.331,
16,MOOSE,Drag,3,3,16,2,8,854,32,6.0,50,DOWN,264,18.0,true,2746,1935,800,107,704,0,1,1,DOWN,1.0,156.0,694.0,306.0,1394.0,1080.0,1661.0,4.331,
16,MOOSE,Drag,3,3,17,3,1,854,32,3.0,300,DOWN,717,18.0,true,7663,6304,992,263,1096,1,1,1,UP,1.0,44.0,575.0,377.0,1627.0,1080.0,1661.0,4.331,
16,MOOSE,Drag,3,3,18,3,2,854,32,6.0,50,UP,723,18.0,true,2830,1984,992,123,723,0,1,1,UP,1.0,4.0,563.0,333.0,1199.0,1080.0,1661.0,4.331,
16,MOOSE,Drag,3,3,19,3,3,854,32,3.0,100,UP,194,18.0,true,4553,3711,1707,204,638,0,2,1,UP,1.0,67.0,502.0,381.0,1227.0,1080.0,1661.0,4.331,
16,MOOSE,Drag,3,3,20,3,4,854,32,3.0,50,DOWN,326,18.0,true,2421,1396,499,385,640,0,1,1,DOWN,1.0,125.0,704.0,288.0,1429.0,1080.0,1661.0,4.331,
16,MOOSE,Drag,3,3,21,3,5,854,32,3.0,200,DOWN,681,18.0,true,5644,4672,1089,332,640,0,1,1,DOWN,1.0,123.0,606.0,310.0,1676.0,1080.0,1661.0,4.331,
16,MOOSE,Drag,3,3,22,3,6,854,32,6.0,100,UP,379,18.0,true,3880,2975,751,284,621,0,1,1,UP,1.0,77.0,558.0,364.0,1315.0,1080.0,1661.0,4.331,
16,MOOSE,Drag,3,3,23,3,7,854,32,6.0,200,DOWN,828,18.0,true,3888,3248,832,51,589,-1,1,1,DOWN,1.0,79.49,509.0,328.017,1697.0,1080.0,1661.0,4.331,
16,MOOSE,Drag,3,3,24,3,8,854,32,6.0,300,UP,338,18.0,true,8842,7630,912,341,871,0,2,1,DOWN,1.0,66.0,453.0,413.0,1327.0,1080.0,1661.0,4.331,
16,MOOSE,Drag,3,3,25,4,1,854,32,3.0,100,DOWN,622,18.0,true,4040,2769,1057,172,1099,0,1,1,DOWN,1.0,88.0,553.0,373.0,1639.0,1080.0,1661.0,4.331,
16,MOOSE,Drag,3,3,26,4,2,854,32,6.0,300,DOWN,707,18.0,true,6421,5599,1088,159,663,1,1,1,DOWN,1.0,85.0,633.0,281.0,1686.0,1080.0,1661.0,4.331,
16,MOOSE,Drag,3,3,27,4,3,854,32,3.0,300,UP,424,18.0,true,7836,7025,1393,192,619,0,1,1,UP,1.0,18.0,537.0,492.0,1389.0,1080.0,1661.0,4.331,
16,MOOSE,Drag,3,3,28,4,4,854,32,3.0,200,UP,182,18.0,true,6685,5695,1919,339,651,0,2,1,UP,1.0,198.0,502.0,496.0,1332.0,1080.0,1661.0,4.331,
16,MOOSE,Drag,3,3,29,4,5,854,32,3.0,50,UP,356,18.0,true,3368,2497,1600,102,769,0,1,1,UP,1.0,165.0,797.0,371.0,1319.0,1080.0,1661.0,4.331,
16,MOOSE,Drag,3,3,30,4,6,854,32,6.0,50,DOWN,640,18.0,true,2631,1712,1185,149,770,0,1,1,DOWN,1.0,177.0,768.0,322.0,1670.0,1080.0,1661.0,4.331,
16,MOOSE,Drag,3,3,31,4,7,854,32,6.0,200,UP,177,18.0,true,5035,4624,673,377,34,1,1,1,UP,1.0,189.0,605.0,528.0,1404.0,1080.0,1661.0,4.331,
16,MOOSE,Drag,3,3,32,4,8,854,32,6.0,100,DOWN,245,18.0,true,3890,3056,1200,276,558,0,1,1,DOWN,1.0,155.0,762.0,364.0,1608.0,1080.0,1661.0,4.331,
16,MOOSE,Circle3,3,1,1,1,1,854,32,6.0,50,DOWN,444,18.0,true,4876,1583,401,1516,1777,-1,1,1,DOWN,1.0,230.0,621.0,569.337,1201.327,1080.0,1661.0,4.331,
16,MOOSE,Circle3,3,1,2,1,2,854,32,3.0,300,UP,61,18.0,true,13033,11441,1472,622,970,0,1,3,UP,1.0,114.0,669.0,863.927,1325.826,1080.0,1661.0,4.331,
16,MOOSE,Circle3,3,1,3,1,3,854,32,3.0,100,DOWN,521,18.0,true,10266,8944,1521,429,893,0,1,1,DOWN,1.0,62.0,702.681,509.298,1202.24,1080.0,1661.0,4.331,
16,MOOSE,Circle3,3,1,4,1,4,854,32,6.0,200,UP,111,18.0,true,5868,4574,398,664,630,0,1,1,UP,1.0,166.536,788.295,536.0,1130.0,1080.0,1661.0,4.331,
16,MOOSE,Circle3,3,1,5,1,5,854,32,6.0,300,DOWN,432,18.0,true,11506,10464,1473,345,697,1,2,2,DOWN,1.0,129.726,795.0,463.282,1114.292,1080.0,1661.0,4.331,
16,MOOSE,Circle3,3,1,6,1,6,854,32,6.0,100,DOWN,689,18.0,true,4732,3696,1232,445,591,-1,1,1,UP,1.0,178.654,769.0,483.373,1032.0,1080.0,1661.0,4.331,
16,MOOSE,Circle3,3,1,7,1,7,854,32,3.0,200,UP,171,18.0,true,7309,5777,1585,728,804,1,1,1,UP,1.0,65.471,791.0,469.0,1076.155,1080.0,1661.0,4.331,
16,MOOSE,Circle3,3,1,8,1,8,854,32,3.0,50,UP,448,18.0,true,6632,5505,3696,516,611,0,1,1,DOWN,1.0,211.0,782.0,482.382,1048.657,1080.0,1661.0,4.331,
16,MOOSE,Circle3,3,1,9,2,1,854,32,6.0,200,DOWN,738,18.0,true,5907,4705,754,206,996,-1,1,1,DOWN,1.0,18.99,677.0,506.0,1042.0,1080.0,1661.0,4.331,
16,MOOSE,Circle3,3,1,10,2,2,854,32,3.0,200,DOWN,377,18.0,true,7267,6080,2351,596,591,0,2,1,UP,1.0,248.298,709.0,527.295,984.663,1080.0,1661.0,4.331,
16,MOOSE,Circle3,3,1,11,2,3,854,32,6.0,100,UP,369,18.0,true,6342,5169,2417,530,643,-2,2,1,DOWN,1.0,189.0,745.512,509.0,956.699,1080.0,1661.0,4.331,
16,MOOSE,Circle3,3,1,12,2,4,854,32,3.0,100,UP,235,18.0,true,7016,5887,3167,534,595,0,2,1,DOWN,1.0,109.5,793.33,442.3,1054.0,1080.0,1661.0,4.331,
16,MOOSE,Circle3,3,1,13,2,5,854,32,6.0,300,UP,501,18.0,true,6987,5568,335,808,611,-1,1,1,DOWN,1.0,175.299,805.52,460.378,1072.677,1080.0,1661.0,4.331,
16,MOOSE,Circle3,3,1,14,2,6,854,32,3.0,50,DOWN,154,18.0,true,8539,7136,6369,557,846,0,4,1,DOWN,1.0,258.326,805.676,471.666,956.387,1080.0,1661.0,4.331,
16,MOOSE,Circle3,3,1,15,2,7,854,32,6.0,50,UP,141,18.0,true,2713,1054,272,693,966,1,1,1,UP,1.0,305.46,891.0,463.0,1065.272,1080.0,1661.0,4.331,
16,MOOSE,Circle3,3,1,16,2,8,854,32,3.0,300,DOWN,762,18.0,true,6832,5648,1073,488,696,0,1,1,DOWN,1.0,255.284,840.0,469.725,1024.555,1080.0,1661.0,4.331,
16,MOOSE,Circle3,3,1,17,3,1,854,32,6.0,300,DOWN,720,18.0,true,7755,5934,336,499,1322,0,1,1,UP,1.0,109.0,510.0,916.0,1106.143,1080.0,1661.0,4.331,
16,MOOSE,Circle3,3,1,18,3,2,854,32,6.0,200,DOWN,293,18.0,true,4892,3968,1328,279,645,0,1,1,DOWN,1.0,126.323,768.0,427.0,1045.598,1080.0,1661.0,4.331,
16,MOOSE,Circle3,3,1,19,3,3,854,32,3.0,50,UP,734,18.0,true,5352,4368,1760,343,641,0,1,1,DOWN,1.0,191.0,815.0,432.662,1057.0,1080.0,1661.0,4.331,
16,MOOSE,Circle3,3,1,20,3,4,854,32,3.0,200,DOWN,613,18.0,true,5633,4576,1744,506,551,0,1,1,DOWN,1.0,79.714,796.0,378.0,1106.583,1080.0,1661.0,4.331,
16,MOOSE,Circle3,3,1,21,3,5,854,32,3.0,100,UP,209,18.0,true,8313,7216,5279,372,725,0,3,1,DOWN,1.0,84.0,802.0,350.288,1056.0,1080.0,1661.0,4.331,
16,MOOSE,Circle3,3,1,22,3,6,854,32,6.0,100,UP,240,18.0,true,4244,3312,1825,260,672,-1,1,1,UP,1.0,80.0,805.965,444.292,1053.621,1080.0,1661.0,4.331,
16,MOOSE,Circle3,3,1,23,3,7,854,32,6.0,50,UP,589,18.0,true,2423,1633,946,94,696,-1,1,1,UP,1.0,95.0,781.0,368.0,998.74,1080.0,1661.0,4.331,
16,MOOSE,Circle3,3,1,24,3,8,854,32,3.0,300,DOWN,735,18.0,true,6362,4929,481,839,594,0,1,1,UP,1.0,62.516,795.284,500.0,1079.815,1080.0,1661.0,4.331,
16,MOOSE,Circle3,3,1,25,4,1,854,32,3.0,200,UP,424,18.0,true,5356,3936,1137,451,969,0,1,1,UP,1.0,101.0,469.0,906.0,1109.286,1080.0,1661.0,4.331,
16,MOOSE,Circle3,3,1,26,4,2,854,32,6.0,100,DOWN,146,18.0,true,4473,3978,1456,460,35,2,1,1,UP,1.0,16.255,845.0,385.466,1115.0,1080.0,1661.0,4.331,
16,MOOSE,Circle3,3,1,27,4,3,854,32,6.0,200,UP,345,18.0,true,4948,4016,1311,362,570,0,2,1,UP,1.0,185.69,843.485,431.175,1107.437,1080.0,1661.0,4.331,
16,MOOSE,Circle3,3,1,28,4,4,854,32,6.0,50,DOWN,490,18.0,true,4820,3840,1599,443,537,-1,2,2,DOWN,1.0,216.595,790.0,419.5,960.0,1080.0,1661.0,4.331,
16,MOOSE,Circle3,3,1,29,4,5,854,32,6.0,300,UP,65,18.0,true,7215,6240,2608,290,685,0,1,1,UP,1.0,152.0,739.0,512.0,1037.28,1080.0,1661.0,4.331,
16,MOOSE,Circle3,3,1,30,4,6,854,32,3.0,300,UP,333,18.0,true,7975,6688,2448,655,632,0,3,1,UP,1.0,149.0,718.0,465.152,1031.0,1080.0,1661.0,4.331,
16,MOOSE,Circle3,3,1,31,4,7,854,32,3.0,50,DOWN,676,18.0,true,3034,1857,416,488,689,0,1,1,UP,1.0,186.0,770.0,443.0,960.0,1080.0,1661.0,4.331,
16,MOOSE,Circle3,3,1,32,4,8,854,32,3.0,100,DOWN,728,18.0,true,2871,1792,417,490,589,0,0,1,DOWN,1.0,283.709,672.462,522.0,903.698,1080.0,1661.0,4.331,
16,MOOSE,Circle3,3,2,1,1,1,854,32,3.0,50,DOWN,325,18.0,true,7226,2384,1680,911,3931,0,2,1,DOWN,1.0,156.0,598.0,541.281,1077.0,1080.0,1661.0,4.331,
16,MOOSE,Circle3,3,2,2,1,2,854,32,3.0,300,UP,538,18.0,true,7351,6097,2337,466,788,0,1,1,UP,1.0,102.0,826.0,432.442,1184.178,1080.0,1661.0,4.331,
16,MOOSE,Circle3,3,2,3,1,3,854,32,6.0,300,UP,326,18.0,true,5075,3906,337,480,689,0,1,1,UP,1.0,104.956,855.848,356.671,1098.495,1080.0,1661.0,4.331,
16,MOOSE,Circle3,3,2,4,1,4,854,32,3.0,100,DOWN,412,18.0,true,3883,2496,751,746,641,1,0,1,UP,1.0,14.267,799.295,381.723,1038.669,1080.0,1661.0,4.331,
16,MOOSE,Circle3,3,2,5,1,5,854,32,3.0,200,UP,551,18.0,true,6460,5344,2976,340,776,0,2,1,UP,1.0,166.0,872.836,388.0,1053.0,1080.0,1661.0,4.331,
16,MOOSE,Circle3,3,2,6,1,6,854,32,6.0,50,DOWN,606,18.0,true,4725,3920,2218,286,519,0,3,1,UP,1.0,84.712,840.317,387.427,1045.721,1080.0,1661.0,4.331,
16,MOOSE,Circle3,3,2,7,1,7,854,32,6.0,100,UP,464,18.0,true,4091,3137,1953,331,623,0,1,1,UP,1.0,140.0,903.0,315.714,1047.27,1080.0,1661.0,4.331,
16,MOOSE,Circle3,3,2,8,1,8,854,32,6.0,200,DOWN,385,18.0,true,4547,4306,1313,184,57,0,1,1,UP,1.0,133.674,838.0,426.0,1025.349,1080.0,1661.0,4.331,
16,MOOSE,Circle3,3,2,9,2,1,854,32,6.0,50,UP,571,18.0,true,2594,1280,702,476,838,-2,1,1,UP,1.0,258.0,674.0,500.348,1017.644,1080.0,1661.0,4.331,
16,MOOSE,Circle3,3,2,10,2,2,854,32,6.0,100,DOWN,398,18.0,true,3292,2560,1265,109,623,1,1,1,DOWN,1.0,139.421,838.0,420.446,1044.864,1080.0,1661.0,4.331,
16,MOOSE,Circle3,3,2,11,2,3,854,32,3.0,50,UP,355,18.0,true,4040,2624,1073,799,617,1,1,1,DOWN,1.0,180.719,865.0,415.283,1107.294,1080.0,1661.0,4.331,
16,MOOSE,Circle3,3,2,12,2,4,854,32,3.0,100,UP,673,18.0,true,7327,6194,4945,416,717,0,3,1,UP,1.0,132.0,936.563,368.0,1115.438,1080.0,1661.0,4.331,
16,MOOSE,Circle3,3,2,13,2,5,854,32,3.0,300,DOWN,379,18.0,true,6374,5423,1263,231,720,1,1,1,DOWN,1.0,73.0,854.268,422.464,1087.466,1080.0,1661.0,4.331,
16,MOOSE,Circle3,3,2,14,2,6,854,32,3.0,200,DOWN,827,18.0,true,7008,5649,2304,671,688,0,1,1,UP,1.0,67.026,777.329,475.682,1070.074,1080.0,1661.0,4.331,
16,MOOSE,Circle3,3,2,15,2,7,854,32,6.0,300,DOWN,454,18.0,true,7571,6512,2496,365,694,1,2,1,DOWN,1.0,57.265,843.0,384.0,1076.174,1080.0,1661.0,4.331,
16,MOOSE,Circle3,3,2,16,2,8,854,32,6.0,200,UP,492,18.0,true,3704,2560,336,509,635,0,1,1,UP,1.0,159.282,890.0,348.707,1079.726,1080.0,1661.0,4.331,
16,MOOSE,Circle3,3,2,17,3,1,854,32,3.0,300,UP,523,18.0,true,6708,5263,1631,402,1043,0,1,1,UP,1.0,133.0,759.0,417.315,1091.0,1080.0,1661.0,4.331,
16,MOOSE,Circle3,3,2,18,3,2,854,32,6.0,200,UP,338,18.0,true,4166,3232,1008,270,664,0,1,1,UP,1.0,68.0,878.0,289.293,1050.0,1080.0,1661.0,4.331,
16,MOOSE,Circle3,3,2,19,3,3,854,32,3.0,200,DOWN,524,18.0,true,8368,7217,4849,521,630,0,3,1,DOWN,1.0,80.0,862.566,354.278,1167.0,1080.0,1661.0,4.331,
16,MOOSE,Circle3,3,2,20,3,4,854,32,3.0,50,DOWN,610,18.0,true,3623,2815,1600,343,465,0,2,1,UP,1.0,210.283,987.698,343.891,1143.0,1080.0,1661.0,4.331,
16,MOOSE,Circle3,3,2,21,3,5,854,32,6.0,100,DOWN,225,18.0,true,3804,2770,881,322,712,1,1,1,UP,1.0,218.724,901.0,473.555,1138.503,1080.0,1661.0,4.331,
16,MOOSE,Circle3,3,2,22,3,6,854,32,6.0,300,DOWN,341,18.0,true,6632,5407,1649,590,635,-2,3,1,DOWN,1.0,233.0,872.0,489.069,1136.416,1080.0,1661.0,4.331,
16,MOOSE,Circle3,3,2,23,3,7,854,32,6.0,50,UP,41,18.0,true,2557,1600,1087,322,635,0,2,1,UP,1.0,286.488,970.0,422.549,1113.522,1080.0,1661.0,4.331,
16,MOOSE,Circle3,3,2,24,3,8,854,32,3.0,100,UP,108,18.0,true,5280,4160,1776,428,692,0,2,1,DOWN,1.0,185.0,942.0,417.0,1144.813,1080.0,1661.0,4.331,
16,MOOSE,Circle3,3,2,25,4,1,854,32,3.0,300,DOWN,709,18.0,true,7941,6720,2177,385,836,0,1,1,UP,1.0,180.717,816.0,491.724,1215.0,1080.0,1661.0,4.331,
16,MOOSE,Circle3,3,2,26,4,2,854,32,6.0,100,UP,647,18.0,true,5264,4161,2656,369,734,-1,2,1,DOWN,1.0,183.0,1039.0,376.453,1282.28,1080.0,1661.0,4.331,
16,MOOSE,Circle3,3,2,27,4,3,854,32,3.0,100,DOWN,442,18.0,true,4314,3872,1697,411,31,0,2,1,UP,1.0,116.0,1027.0,396.284,1276.718,1080.0,1661.0,4.331,
16,MOOSE,Circle3,3,2,28,4,4,854,32,3.0,200,UP,615,18.0,true,5414,4321,2096,366,727,-1,2,1,UP,1.0,78.0,1054.0,322.282,1244.448,1080.0,1661.0,4.331,
16,MOOSE,Circle3,3,2,29,4,5,854,32,3.0,50,UP,568,18.0,true,4763,3695,2175,403,665,0,1,1,DOWN,1.0,110.478,1005.0,359.0,1237.718,1080.0,1661.0,4.331,
16,MOOSE,Circle3,3,2,30,4,6,854,32,6.0,200,DOWN,790,18.0,true,4719,3905,1025,128,686,2,1,1,DOWN,1.0,115.0,892.0,425.736,1171.724,1080.0,1661.0,4.331,
16,MOOSE,Circle3,3,2,31,4,7,854,32,6.0,300,UP,246,18.0,true,8498,7375,3903,327,796,0,3,1,UP,1.0,222.55,930.0,492.0,1208.0,1080.0,1661.0,4.331,
16,MOOSE,Circle3,3,2,32,4,8,854,32,6.0,50,DOWN,598,18.0,true,2148,847,272,553,748,-1,1,1,DOWN,1.0,291.649,849.684,473.453,1035.0,1080.0,1661.0,4.331,
16,MOOSE,Circle3,3,3,1,1,1,854,32,6.0,200,DOWN,525,18.0,true,8068,6144,1680,548,1376,-1,2,2,DOWN,1.0,279.351,564.0,675.333,998.332,1080.0,1661.0,4.331,
16,MOOSE,Circle3,3,3,2,1,2,854,32,6.0,300,DOWN,604,18.0,true,6363,5441,1474,237,685,2,1,1,DOWN,1.0,260.0,757.658,552.0,966.557,1080.0,1661.0,4.331,
16,MOOSE,Circle3,3,3,3,1,3,854,32,6.0,50,UP,630,18.0,true,2840,1889,1072,342,609,0,1,1,UP,1.0,360.0,796.0,482.0,950.337,1080.0,1661.0,4.331,
16,MOOSE,Circle3,3,3,4,1,4,854,32,6.0,100,UP,307,18.0,true,3146,2081,912,359,706,-1,1,1,DOWN,1.0,313.463,787.34,515.351,940.347,1080.0,1661.0,4.331,
16,MOOSE,Circle3,3,3,5,1,5,854,32,3.0,50,DOWN,156,18.0,true,4511,2913,1824,936,662,1,1,1,UP,1.0,316.27,735.0,533.357,962.341,1080.0,1661.0,4.331,
16,MOOSE,Circle3,3,3,6,1,6,854,32,3.0,200,UP,68,18.0,true,6347,5280,1152,420,647,0,1,1,UP,1.0,289.0,724.0,495.268,931.281,1080.0,1661.0,4.331,
16,MOOSE,Circle3,3,3,7,1,7,854,32,3.0,100,DOWN,479,18.0,true,7132,6193,5071,301,638,0,4,1,DOWN,1.0,253.842,741.281,485.0,899.5,1080.0,1661.0,4.331,
16,MOOSE,Circle3,3,3,8,1,8,854,32,3.0,300,UP,257,18.0,true,5717,4624,1200,432,661,0,1,1,UP,1.0,293.0,742.0,597.0,894.176,1080.0,1661.0,4.331,
16,MOOSE,Circle3,3,3,9,2,1,854,32,3.0,300,DOWN,733,18.0,true,5710,4400,832,355,955,0,1,1,DOWN,1.0,291.99,552.0,573.0,1003.303,1080.0,1661.0,4.331,
16,MOOSE,Circle3,3,3,10,2,2,854,32,6.0,50,DOWN,663,18.0,true,3110,2032,1472,332,746,-1,1,1,DOWN,1.0,339.0,786.0,557.0,943.0,1080.0,1661.0,4.331,
16,MOOSE,Circle3,3,3,11,2,3,854,32,6.0,100,DOWN,460,18.0,true,4637,3696,2545,324,617,1,1,1,DOWN,1.0,345.296,829.277,562.0,989.0,1080.0,1661.0,4.331,
16,MOOSE,Circle3,3,3,12,2,4,854,32,6.0,300,UP,538,18.0,true,5390,4432,991,324,634,-1,1,1,UP,1.0,280.0,812.428,520.625,1004.695,1080.0,1661.0,4.331,
16,MOOSE,Circle3,3,3,13,2,5,854,32,6.0,200,UP,463,18.0,true,5169,4112,783,386,671,0,1,1,DOWN,1.0,211.386,780.0,507.718,990.814,1080.0,1661.0,4.331,
16,MOOSE,Circle3,3,3,14,2,6,854,32,3.0,100,UP,241,18.0,true,4115,3465,1441,609,41,0,0,1,UP,1.0,241.0,729.396,469.0,957.94,1080.0,1661.0,4.331,
16,MOOSE,Circle3,3,3,15,2,7,854,32,3.0,200,DOWN,268,18.0,true,4958,3952,1217,522,484,0,1,1,UP,1.0,157.0,757.0,433.126,953.71,1080.0,1661.0,4.331,
16,MOOSE,Circle3,3,3,16,2,8,854,32,3.0,50,UP,637,18.0,true,4884,3904,3393,259,721,0,2,1,UP,1.0,241.0,836.0,561.0,1059.0,1080.0,1661.0,4.331,
16,MOOSE,Circle3,3,3,17,3,1,854,32,3.0,200,UP,387,18.0,true,4818,3329,1056,521,968,0,0,1,UP,1.0,234.0,639.0,491.149,974.0,1080.0,1661.0,4.331,
16,MOOSE,Circle3,3,3,18,3,2,854,32,3.0,100,UP,704,18.0,true,5182,4016,2895,515,651,0,0,1,UP,1.0,139.0,787.0,402.186,945.0,1080.0,1661.0,4.331,
16,MOOSE,Circle3,3,3,19,3,3,854,32,3.0,300,UP,36,18.0,true,9510,8271,3567,424,815,0,2,1,DOWN,1.0,190.0,783.0,474.0,1025.0,1080.0,1661.0,4.331,
16,MOOSE,Circle3,3,3,20,3,4,854,32,6.0,100,DOWN,805,18.0,true,3839,2656,1104,422,761,1,2,1,UP,1.0,163.429,769.693,415.0,961.09,1080.0,1661.0,4.331,
16,MOOSE,Circle3,3,3,21,3,5,854,32,3.0,50,DOWN,291,18.0,true,4025,2625,1265,673,727,1,0,1,UP,1.0,211.0,766.0,466.0,954.688,1080.0,1661.0,4.331,
16,MOOSE,Circle3,3,3,22,3,6,854,32,6.0,200,UP,420,18.0,true,4761,4032,1265,116,613,-1,1,1,DOWN,1.0,197.723,784.0,427.0,936.648,1080.0,1661.0,4.331,
16,MOOSE,Circle3,3,3,23,3,7,854,32,6.0,50,DOWN,666,18.0,true,3588,2817,1616,127,644,-1,1,1,UP,1.0,150.0,783.0,419.614,966.0,1080.0,1661.0,4.331,
16,MOOSE,Circle3,3,3,24,3,8,854,32,6.0,300,DOWN,403,18.0,true,7434,7065,785,316,53,0,1,1,UP,1.0,93.0,709.0,462.5,1039.591,1080.0,1661.0,4.331,
16,MOOSE,Circle3,3,3,25,4,1,854,32,3.0,100,DOWN,354,18.0,true,4257,2689,1024,389,1179,0,2,1,DOWN,1.0,257.0,668.0,530.0,936.0,1080.0,1661.0,4.331,
16,MOOSE,Circle3,3,3,26,4,2,854,32,3.0,200,DOWN,513,18.0,true,5566,4465,1569,468,633,0,2,1,DOWN,1.0,197.0,699.883,540.3,931.457,1080.0,1661.0,4.331,
16,MOOSE,Circle3,3,3,27,4,3,854,32,6.0,200,DOWN,393,18.0,true,5138,3889,464,440,809,1,0,1,DOWN,1.0,184.0,728.35,461.0,955.72,1080.0,1661.0,4.331,
16,MOOSE,Circle3,3,3,28,4,4,854,32,3.0,50,UP,332,18.0,true,3374,2368,1665,323,683,0,1,1,UP,1.0,78.0,770.0,417.0,1001.0,1080.0,1661.0,4.331,
16,MOOSE,Circle3,3,3,29,4,5,854,32,6.0,300,UP,189,18.0,true,5967,5150,1376,295,522,-1,1,1,DOWN,1.0,102.711,728.0,540.0,985.635,1080.0,1661.0,4.331,
16,MOOSE,Circle3,3,3,30,4,6,854,32,3.0,300,DOWN,783,18.0,true,6584,5600,1840,246,738,-1,2,1,DOWN,1.0,130.0,710.0,609.554,1090.0,1080.0,1661.0,4.331,
16,MOOSE,Circle3,3,3,31,4,7,854,32,6.0,50,UP,34,18.0,true,2841,1633,1136,370,838,0,2,1,UP,1.0,179.73,921.0,372.0,1114.0,1080.0,1661.0,4.331,
16,MOOSE,Circle3,3,3,32,4,8,854,32,6.0,100,UP,373,18.0,true,3712,2832,1521,194,686,1,2,1,UP,1.0,122.492,855.0,385.0,1059.311,1080.0,1661.0,4.331,
16,MOOSE,Circle3,3,4,1,1,1,854,32,6.0,300,DOWN,466,18.0,true,10609,6175,1807,362,4072,1,2,1,UP,1.0,183.664,512.0,499.0,922.0,1080.0,1661.0,4.331,
16,MOOSE,Circle3,3,4,2,1,2,854,32,3.0,200,DOWN,549,18.0,true,5457,4432,1359,408,617,-1,1,1,UP,1.0,273.825,715.705,516.0,921.148,1080.0,1661.0,4.331,
16,MOOSE,Circle3,3,4,3,1,3,854,32,3.0,100,UP,403,18.0,true,3145,2335,1024,304,506,0,1,1,UP,1.0,219.0,740.0,466.587,893.0,1080.0,1661.0,4.331,
16,MOOSE,Circle3,3,4,4,1,4,854,32,3.0,50,UP,715,18.0,true,7497,6256,4815,518,723,0,2,1,DOWN,1.0,194.0,665.0,595.731,973.0,1080.0,1661.0,4.331,
16,MOOSE,Circle3,3,4,5,1,5,854,32,6.0,200,UP,102,18.0,true,9831,8480,4740,592,759,-2,2,1,DOWN,1.0,279.481,587.652,579.0,888.0,1080.0,1661.0,4.331,
16,MOOSE,Circle3,3,4,6,1,6,854,32,3.0,300,UP,237,18.0,true,5581,4751,1248,277,553,-1,1,1,UP,1.0,315.0,565.0,531.441,797.818,1080.0,1661.0,4.331,
16,MOOSE,Circle3,3,4,7,1,7,854,32,6.0,100,DOWN,589,18.0,true,3637,2624,1136,217,796,1,1,1,DOWN,1.0,299.52,548.0,610.0,759.0,1080.0,1661.0,4.331,
16,MOOSE,Circle3,3,4,8,1,8,854,32,6.0,50,DOWN,254,18.0,true,3530,2241,945,838,451,-1,2,1,UP,1.0,277.0,588.0,474.416,731.0,1080.0,1661.0,4.331,
16,MOOSE,Circle3,3,4,9,2,1,854,32,3.0,100,DOWN,662,18.0,true,4937,3071,1840,729,1137,0,1,1,DOWN,1.0,233.0,512.0,557.0,839.0,1080.0,1661.0,4.331,
16,MOOSE,Circle3,3,4,10,2,2,854,32,3.0,50,DOWN,345,18.0,true,5462,4548,2593,870,44,0,2,1,UP,1.0,211.0,664.0,448.0,858.0,1080.0,1661.0,4.331,
16,MOOSE,Circle3,3,4,11,2,3,854,32,6.0,100,UP,23,18.0,true,2678,1376,207,660,642,2,0,1,UP,1.0,248.117,672.0,396.0,841.558,1080.0,1661.0,4.331,
16,MOOSE,Circle3,3,4,12,2,4,854,32,6.0,50,UP,469,18.0,true,2926,1888,1121,307,731,0,1,1,UP,1.0,242.0,661.0,437.0,819.0,1080.0,1661.0,4.331,
16,MOOSE,Circle3,3,4,13,2,5,854,32,3.0,200,UP,356,18.0,true,4739,3823,1120,329,587,0,1,1,UP,1.0,258.0,609.0,484.206,808.175,1080.0,1661.0,4.331,
16,MOOSE,Circle3,3,4,14,2,6,854,32,6.0,200,DOWN,378,18.0,true,4615,3728,1169,229,658,-1,2,1,DOWN,1.0,243.0,585.0,487.561,791.537,1080.0,1661.0,4.331,
16,MOOSE,Circle3,3,4,15,2,7,854,32,3.0,300,DOWN,770,18.0,true,6123,5328,1008,370,425,0,1,1,UP,1.0,261.0,563.0,523.0,832.316,1080.0,1661.0,4.331,
16,MOOSE,Circle3,3,4,16,2,8,854,32,6.0,300,UP,430,18.0,true,5426,4704,1281,305,417,0,1,1,UP,1.0,268.671,561.5,484.0,790.283,1080.0,1661.0,4.331,
16,MOOSE,Circle3,3,4,17,3,1,854,32,6.0,50,DOWN,105,18.0,true,6975,5248,3792,347,1380,-1,3,1,UP,1.0,179.0,509.0,558.179,965.0,1080.0,1661.0,4.331,
16,MOOSE,Circle3,3,4,18,3,2,854,32,6.0,100,DOWN,495,18.0,true,3241,2192,1009,384,665,0,2,1,DOWN,1.0,219.0,624.0,469.0,827.722,1080.0,1661.0,4.331,
16,MOOSE,Circle3,3,4,19,3,3,854,32,6.0,300,UP,139,18.0,true,5411,4239,959,558,614,-2,1,1,UP,1.0,204.837,629.0,400.0,834.561,1080.0,1661.0,4.331,
16,MOOSE,Circle3,3,4,20,3,4,854,32,3.0,300,DOWN,612,18.0,true,5756,4464,1024,591,701,-1,1,1,DOWN,1.0,155.261,574.494,500.485,852.076,1080.0,1661.0,4.331,
16,MOOSE,Circle3,3,4,21,3,5,854,32,6.0,200,UP,352,18.0,true,4116,3276,768,792,48,2,1,1,UP,1.0,198.826,678.0,373.182,865.519,1080.0,1661.0,4.331,
16,MOOSE,Circle3,3,4,22,3,6,854,32,3.0,100,UP,68,18.0,true,2630,1184,64,788,658,0,0,1,DOWN,1.0,228.276,710.0,379.0,883.453,1080.0,1661.0,4.331,
16,MOOSE,Circle3,3,4,23,3,7,854,32,3.0,200,DOWN,731,18.0,true,8171,6991,4704,512,668,0,3,1,DOWN,1.0,223.0,647.499,523.0,1003.691,1080.0,1661.0,4.331,
16,MOOSE,Circle3,3,4,24,3,8,854,32,3.0,50,UP,432,18.0,true,3960,2879,2384,395,686,0,3,1,UP,1.0,234.0,740.715,496.0,901.0,1080.0,1661.0,4.331,
16,MOOSE,Circle3,3,4,25,4,1,854,32,6.0,50,UP,280,18.0,true,4159,2800,2240,522,837,-2,3,1,UP,1.0,304.295,548.0,533.0,880.0,1080.0,1661.0,4.331,
16,MOOSE,Circle3,3,4,26,4,2,854,32,6.0,100,UP,574,18.0,true,2610,1100,44,658,852,-1,0,1,UP,1.0,296.486,748.286,443.17,918.0,1080.0,1661.0,4.331,
16,MOOSE,Circle3,3,4,27,4,3,854,32,6.0,300,DOWN,779,18.0,true,7015,5472,1425,766,777,0,1,1,DOWN,1.0,246.0,680.0,463.628,873.544,1080.0,1661.0,4.331,
16,MOOSE,Circle3,3,4,28,4,4,854,32,3.0,200,UP,60,18.0,true,6339,4895,1807,465,979,0,1,2,UP,1.0,248.0,702.0,465.508,896.524,1080.0,1661.0,4.331,
16,MOOSE,Circle3,3,4,29,4,5,854,32,3.0,100,DOWN,224,18.0,true,4342,3296,2273,357,689,0,1,1,DOWN,1.0,302.0,658.298,487.099,863.5,1080.0,1661.0,4.331,
16,MOOSE,Circle3,3,4,30,4,6,854,32,6.0,200,DOWN,535,18.0,true,5086,4049,1009,392,645,2,1,1,DOWN,1.0,316.0,634.0,545.0,807.874,1080.0,1661.0,4.331,
16,MOOSE,Circle3,3,4,31,4,7,854,32,3.0,300,UP,261,18.0,true,5131,4080,576,464,587,1,1,1,UP,1.0,278.293,638.0,486.672,822.532,1080.0,1661.0,4.331,
16,MOOSE,Circle3,3,4,32,4,8,854,32,3.0,50,DOWN,722,18.0,true,3498,2143,1647,625,730,-1,3,1,DOWN,1.0,278.0,603.699,488.146,797.0,1080.0,1661.0,4.331,
16,MOOSE,iOS,4,1,1,1,1,854,32,6.0,100,DOWN,710,18.0,true,6904,5120,2480,310,1474,-1,2,2,DOWN,1.0,280.0,523.0,475.0,1545.0,1080.0,1661.0,4.331,
16,MOOSE,iOS,4,1,2,1,2,854,32,3.0,200,UP,476,18.0,true,9094,8000,2225,278,816,-1,3,2,DOWN,1.0,276.289,587.0,575.0,1763.0,1080.0,1661.0,4.331,
16,MOOSE,iOS,4,1,3,1,3,854,32,6.0,300,UP,348,18.0,true,8240,7345,2144,32,863,-1,1,1,DOWN,1.0,236.0,385.5,503.0,1577.0,1080.0,1661.0,4.331,
16,MOOSE,iOS,4,1,4,1,4,854,32,3.0,100,DOWN,132,18.0,true,6733,5649,2289,161,923,0,2,1,UP,1.0,286.69,338.518,464.0,1705.0,1080.0,1661.0,4.331,
16,MOOSE,iOS,4,1,5,1,5,854,32,3.0,50,UP,366,18.0,true,4427,3600,1514,180,647,0,1,1,UP,1.0,283.0,224.0,616.0,1255.0,1080.0,1661.0,4.331,
16,MOOSE,iOS,4,1,6,1,6,854,32,6.0,50,UP,747,18.0,true,3504,2687,1084,187,630,0,1,1,UP,1.0,204.0,524.0,419.0,1381.0,1080.0,1661.0,4.331,
16,MOOSE,iOS,4,1,7,1,7,854,32,3.0,300,DOWN,562,18.0,true,7644,6927,1359,76,641,0,3,2,DOWN,1.0,271.0,496.0,494.0,1556.0,1080.0,1661.0,4.331,
16,MOOSE,iOS,4,1,8,1,8,854,32,6.0,200,DOWN,294,18.0,true,4238,3585,1195,78,575,1,1,1,DOWN,1.0,273.609,724.0,460.0,1563.0,1080.0,1661.0,4.331,
16,MOOSE,iOS,4,1,9,2,1,854,32,6.0,50,DOWN,513,18.0,true,5753,4641,2321,14,1098,1,1,1,UP,1.0,178.0,723.0,448.0,1479.0,1080.0,1661.0,4.331,
16,MOOSE,iOS,4,1,10,2,2,854,32,6.0,300,DOWN,585,18.0,true,8856,7904,2575,177,775,1,1,1,DOWN,1.0,197.0,692.0,487.0,1499.0,1080.0,1661.0,4.331,
16,MOOSE,iOS,4,1,11,2,3,854,32,3.0,200,DOWN,724,18.0,true,5500,4608,1564,354,538,0,1,1,UP,1.0,232.0,667.0,563.0,1661.0,1080.0,1661.0,4.331,
16,MOOSE,iOS,4,1,12,2,4,854,32,3.0,50,DOWN,347,18.0,true,4409,3137,1801,349,923,0,2,1,DOWN,1.0,223.0,788.0,382.0,1626.0,1080.0,1661.0,4.331,
16,MOOSE,iOS,4,1,13,2,5,854,32,6.0,200,UP,613,18.0,true,5316,4352,1179,130,834,-1,1,1,DOWN,1.0,220.0,561.0,476.0,1355.0,1080.0,1661.0,4.331,
16,MOOSE,iOS,4,1,14,2,6,854,32,3.0,300,UP,437,18.0,true,6422,6188,1856,183,51,0,1,1,UP,1.0,265.0,417.0,550.0,1345.0,1080.0,1661.0,4.331,
16,MOOSE,iOS,4,1,15,2,7,854,32,6.0,100,UP,558,18.0,true,4725,3872,768,271,582,-1,1,1,DOWN,1.0,243.0,341.0,543.0,1384.0,1080.0,1661.0,4.331,
16,MOOSE,iOS,4,1,16,2,8,854,32,3.0,100,UP,103,18.0,true,5566,5379,1617,141,46,0,2,1,UP,1.0,238.0,402.0,505.0,1391.0,1080.0,1661.0,4.331,
16,MOOSE,iOS,4,1,17,3,1,854,32,3.0,100,DOWN,115,18.0,true,4907,3393,1744,135,1379,0,1,1,DOWN,1.0,221.0,623.0,371.0,1585.0,1080.0,1661.0,4.331,
16,MOOSE,iOS,4,1,18,3,2,854,32,6.0,200,DOWN,638,18.0,true,8480,7489,1250,204,787,0,2,3,DOWN,1.0,142.0,444.0,492.0,1651.0,1080.0,1661.0,4.331,
16,MOOSE,iOS,4,1,19,3,3,854,32,6.0,300,UP,249,18.0,true,7153,6639,1534,10,504,0,1,1,DOWN,1.0,200.0,320.0,502.0,1302.0,1080.0,1661.0,4.331,
16,MOOSE,iOS,4,1,20,3,4,854,32,3.0,300,UP,259,18.0,true,8885,7937,1537,177,771,0,2,1,DOWN,1.0,183.0,334.0,480.0,1328.0,1080.0,1661.0,4.331,
16,MOOSE,iOS,4,1,21,3,5,854,32,6.0,100,UP,115,18.0,true,4329,3457,847,133,739,0,1,1,UP,1.0,194.0,304.0,388.0,1257.0,1080.0,1661.0,4.331,
16,MOOSE,iOS,4,1,22,3,6,854,32,3.0,50,DOWN,777,18.0,true,3499,2656,1804,13,830,0,1,1,DOWN,1.0,248.5,715.0,384.0,1469.0,1080.0,1661.0,4.331,
16,MOOSE,iOS,4,1,23,3,7,854,32,6.0,50,UP,94,18.0,true,4049,3423,1807,39,587,0,2,1,UP,1.0,234.505,565.0,461.0,1261.0,1080.0,1661.0,4.331,
16,MOOSE,iOS,4,1,24,3,8,854,32,3.0,200,DOWN,446,18.0,true,5178,4464,1981,69,645,-1,2,1,DOWN,1.0,289.904,471.0,451.0,1467.0,1080.0,1661.0,4.331,
16,MOOSE,iOS,4,1,25,4,1,854,32,6.0,50,DOWN,734,18.0,true,3201,1713,1056,199,1289,-1,2,1,DOWN,1.0,166.0,452.0,303.0,1282.0,1080.0,1661.0,4.331,
16,MOOSE,iOS,4,1,26,4,2,854,32,3.0,200,UP,163,18.0,true,5049,4987,1454,25,37,0,1,1,UP,1.0,125.503,439.0,326.0,1318.0,1080.0,1661.0,4.331,
16,MOOSE,iOS,4,1,27,4,3,854,32,3.0,100,UP,640,18.0,true,4908,3937,1488,7,964,0,2,1,DOWN,1.0,128.0,371.0,451.0,1462.0,1080.0,1661.0,4.331,
16,MOOSE,iOS,4,1,28,4,4,854,32,3.0,300,DOWN,398,18.0,true,5621,4736,1786,254,631,0,2,1,DOWN,1.0,255.522,418.0,478.0,1398.0,1080.0,1661.0,4.331,
16,MOOSE,iOS,4,1,29,4,5,854,32,3.0,50,UP,104,18.0,true,3522,2768,1244,14,740,0,2,1,UP,1.0,256.0,429.0,486.0,1159.0,1080.0,1661.0,4.331,
16,MOOSE,iOS,4,1,30,4,6,854,32,6.0,300,DOWN,713,18.0,true,7238,5969,1681,220,1049,1,1,1,DOWN,1.0,287.0,586.0,460.0,1419.0,1080.0,1661.0,4.331,
16,MOOSE,iOS,4,1,31,4,7,854,32,6.0,100,DOWN,232,18.0,true,4532,3440,1099,326,766,1,1,1,DOWN,1.0,305.856,609.0,451.0,1429.0,1080.0,1661.0,4.331,
16,MOOSE,iOS,4,1,32,4,8,854,32,6.0,200,UP,500,18.0,true,5277,4512,1278,47,718,1,2,1,DOWN,1.0,244.0,363.0,619.0,1409.0,1080.0,1661.0,4.331,
16,MOOSE,iOS,4,2,1,1,1,854,32,3.0,100,UP,307,18.0,true,5577,4097,1677,90,1390,0,2,1,DOWN,1.0,249.0,226.0,692.0,1356.0,1080.0,1661.0,4.331,
16,MOOSE,iOS,4,2,2,1,2,854,32,3.0,200,DOWN,760,18.0,true,4625,3744,1119,94,787,1,0,1,DOWN,1.0,27.43,550.0,418.0,1589.0,1080.0,1661.0,4.331,
16,MOOSE,iOS,4,2,3,1,3,854,32,6.0,100,UP,719,18.0,true,4879,3726,1386,500,653,-2,1,1,UP,1.0,261.0,327.0,556.0,1283.0,1080.0,1661.0,4.331,
16,MOOSE,iOS,4,2,4,1,4,854,32,6.0,50,UP,34,18.0,true,3444,2767,1057,15,662,0,1,1,DOWN,1.0,151.672,299.0,496.0,1401.5,1080.0,1661.0,4.331,
16,MOOSE,iOS,4,2,5,1,5,854,32,3.0,300,DOWN,689,18.0,true,7822,6928,1808,251,643,0,2,3,DOWN,1.0,150.0,509.0,421.0,1492.0,1080.0,1661.0,4.331,
16,MOOSE,iOS,4,2,6,1,6,854,32,6.0,300,UP,325,18.0,true,8942,8048,1793,314,580,2,3,4,UP,1.0,186.0,480.0,454.0,1505.0,1080.0,1661.0,4.331,
16,MOOSE,iOS,4,2,7,1,7,854,32,6.0,200,DOWN,778,18.0,true,3730,3040,1391,72,618,-2,2,1,DOWN,1.0,198.521,694.0,369.0,1472.0,1080.0,1661.0,4.331,
16,MOOSE,iOS,4,2,8,1,8,854,32,3.0,50,DOWN,334,18.0,true,3252,2611,832,612,29,0,1,1,UP,1.0,284.0,685.0,381.0,1386.0,1080.0,1661.0,4.331,
16,MOOSE,iOS,4,2,9,2,1,854,32,3.0,300,UP,490,18.0,true,8118,5825,1456,1023,1270,0,2,2,DOWN,1.0,205.385,473.0,477.0,1342.0,1080.0,1661.0,4.331,
16,MOOSE,iOS,4,2,10,2,2,854,32,6.0,50,DOWN,539,18.0,true,2860,2063,1264,5,792,0,1,1,DOWN,1.0,183.0,840.0,267.0,1260.0,1080.0,1661.0,4.331,
16,MOOSE,iOS,4,2,11,2,3,854,32,6.0,300,DOWN,317,18.0,true,6303,6179,944,81,43,-1,1,1,UP,1.0,126.0,689.0,377.0,1710.0,1080.0,1661.0,4.331,
16,MOOSE,iOS,4,2,12,2,4,854,32,3.0,50,UP,114,18.0,true,3427,3212,1391,165,50,0,1,1,UP,1.0,300.615,660.0,429.0,1426.0,1080.0,1661.0,4.331,
16,MOOSE,iOS,4,2,13,2,5,854,32,3.0,100,DOWN,236,18.0,true,4255,3729,1279,89,437,-1,2,1,DOWN,1.0,174.928,705.0,429.0,1678.0,1080.0,1661.0,4.331,
16,MOOSE,iOS,4,2,14,2,6,854,32,3.0,200,UP,536,18.0,true,6221,5505,1406,23,693,0,1,2,UP,1.0,187.375,557.0,516.0,1523.0,1080.0,1661.0,4.331,
16,MOOSE,iOS,4,2,15,2,7,854,32,6.0,100,DOWN,547,18.0,true,4123,3376,913,147,600,-1,1,1,DOWN,1.0,175.0,749.0,371.0,1652.0,1080.0,1661.0,4.331,
16,MOOSE,iOS,4,2,16,2,8,854,32,6.0,200,UP,594,18.0,true,6960,6144,2204,53,763,-1,1,1,UP,1.0,187.0,554.5,506.0,1304.5,1080.0,1661.0,4.331,
16,MOOSE,iOS,4,2,17,3,1,854,32,6.0,300,UP,506,18.0,true,6440,4848,1291,11,1581,-2,1,1,DOWN,1.0,150.0,676.0,457.0,1481.0,1080.0,1661.0,4.331,
16,MOOSE,iOS,4,2,18,3,2,854,32,6.0,50,DOWN,235,18.0,true,3087,2496,1390,18,573,0,1,1,DOWN,1.0,164.0,812.0,252.0,1498.0,1080.0,1661.0,4.331,
16,MOOSE,iOS,4,2,19,3,3,854,32,3.0,100,DOWN,817,18.0,true,6239,5199,2397,165,875,0,1,1,DOWN,1.0,177.616,875.0,321.0,1701.0,1080.0,1661.0,4.331,
16,MOOSE,iOS,4,2,20,3,4,854,32,6.0,200,UP,362,18.0,true,4294,3647,906,89,558,-1,1,1,UP,1.0,287.0,617.0,499.0,1487.0,1080.0,1661.0,4.331,
16,MOOSE,iOS,4,2,21,3,5,854,32,3.0,300,DOWN,802,18.0,true,7914,7233,1439,173,508,0,2,1,DOWN,1.0,263.617,645.0,507.0,1739.0,1080.0,1661.0,4.331,
16,MOOSE,iOS,4,2,22,3,6,854,32,3.0,200,UP,465,18.0,true,7435,6400,1455,309,726,0,2,1,UP,1.0,295.496,515.0,603.0,1374.0,1080.0,1661.0,4.331,
16,MOOSE,iOS,4,2,23,3,7,854,32,3.0,50,DOWN,377,18.0,true,3047,2464,1278,12,571,0,1,1,DOWN,1.0,344.0,823.0,437.0,1661.0,1080.0,1661.0,4.331,
16,MOOSE,iOS,4,2,24,3,8,854,32,6.0,100,UP,261,18.0,true,4452,3697,1533,165,590,2,2,1,UP,1.0,312.554,675.0,536.0,1565.0,1080.0,1661.0,4.331,
16,MOOSE,iOS,4,2,25,4,1,854,32,6.0,100,DOWN,168,18.0,true,5413,4112,2081,121,1180,1,1,1,DOWN,1.0,225.0,806.0,359.0,1650.0,1080.0,1661.0,4.331,
16,MOOSE,iOS,4,2,26,4,2,854,32,3.0,300,UP,439,18.0,true,6240,5249,2059,312,679,0,2,1,UP,1.0,192.0,476.0,694.0,1631.0,1080.0,1661.0,4.331,
16,MOOSE,iOS,4,2,27,4,3,854,32,6.0,200,DOWN,765,18.0,true,6724,6080,1373,39,605,0,2,2,DOWN,1.0,199.022,416.0,625.0,1876.0,1080.0,1661.0,4.331,
16,MOOSE,iOS,4,2,28,4,4,854,32,3.0,50,UP,519,18.0,true,4129,3890,1632,210,29,0,2,1,UP,1.0,251.728,370.0,563.0,1379.0,1080.0,1661.0,4.331,
16,MOOSE,iOS,4,2,29,4,5,854,32,6.0,300,DOWN,443,18.0,true,6045,5875,1088,134,36,-1,1,1,UP,1.0,215.0,741.0,436.0,1832.0,1080.0,1661.0,4.331,
16,MOOSE,iOS,4,2,30,4,6,854,32,3.0,200,DOWN,393,18.0,true,4734,4688,1277,16,30,0,1,1,UP,1.0,216.493,800.0,425.0,1726.0,1080.0,1661.0,4.331,
16,MOOSE,iOS,4,2,31,4,7,854,32,6.0,50,UP,135,18.0,true,3692,2673,1152,10,1009,2,1,1,UP,1.0,259.0,336.0,574.0,1434.0,1080.0,1661.0,4.331,
16,MOOSE,iOS,4,2,32,4,8,854,32,3.0,100,UP,74,18.0,true,3834,2720,795,394,720,0,2,1,UP,1.0,247.0,450.0,594.0,1467.0,1080.0,1661.0,4.331,
16,MOOSE,iOS,4,3,1,1,1,854,32,3.0,50,UP,195,18.0,true,4091,2784,1486,168,1139,0,1,1,UP,1.0,335.0,520.0,691.0,1218.0,1080.0,1661.0,4.331,
16,MOOSE,iOS,4,3,2,1,2,854,32,6.0,50,DOWN,712,18.0,true,3320,2448,1457,218,654,-1,2,1,DOWN,1.0,379.0,511.0,572.0,1452.0,1080.0,1661.0,4.331,
16,MOOSE,iOS,4,3,3,1,3,854,32,3.0,300,UP,106,18.0,true,10174,9072,1712,376,726,1,0,4,DOWN,1.0,322.47,192.0,719.0,1687.0,1080.0,1661.0,4.331,
16,MOOSE,iOS,4,3,4,1,4,854,32,6.0,200,UP,29,18.0,true,4679,4207,1690,29,443,2,2,1,UP,1.0,264.0,182.0,680.0,1400.0,1080.0,1661.0,4.331,
16,MOOSE,iOS,4,3,5,1,5,854,32,3.0,100,UP,622,18.0,true,4247,3585,1171,73,589,0,1,1,UP,1.0,330.424,660.0,522.0,1253.0,1080.0,1661.0,4.331,
16,MOOSE,iOS,4,3,6,1,6,854,32,6.0,100,DOWN,431,18.0,true,4148,3633,1439,6,509,1,1,1,UP,1.0,336.455,540.0,583.0,1631.0,1080.0,1661.0,4.331,
16,MOOSE,iOS,4,3,7,1,7,854,32,3.0,200,DOWN,609,18.0,true,4349,3771,653,541,37,-1,1,1,DOWN,1.0,393.505,632.0,596.0,1561.0,1080.0,1661.0,4.331,
16,MOOSE,iOS,4,3,8,1,8,854,32,6.0,300,DOWN,372,18.0,true,5342,4400,573,364,578,1,1,1,DOWN,1.0,457.019,676.0,595.0,1580.0,1080.0,1661.0,4.331,
16,MOOSE,iOS,4,3,9,2,1,854,32,3.0,100,DOWN,823,18.0,true,4017,2784,1419,199,1034,-1,2,1,DOWN,1.0,297.0,649.0,464.0,1359.0,1080.0,1661.0,4.331,
16,MOOSE,iOS,4,3,10,2,2,854,32,3.0,300,DOWN,519,18.0,true,5251,4561,1009,183,507,0,2,2,DOWN,1.0,250.972,571.0,557.0,1652.0,1080.0,1661.0,4.331,
16,MOOSE,iOS,4,3,11,2,3,854,32,6.0,300,UP,139,18.0,true,6311,5697,716,571,43,-2,2,2,DOWN,1.0,110.0,625.0,492.0,1490.0,1080.0,1661.0,4.331,
16,MOOSE,iOS,4,3,12,2,4,854,32,3.0,200,UP,567,18.0,true,5027,3984,1263,154,889,0,1,1,DOWN,1.0,269.0,610.0,479.0,1534.0,1080.0,1661.0,4.331,
16,MOOSE,iOS,4,3,13,2,5,854,32,3.0,50,DOWN,820,18.0,true,3091,2113,1182,230,748,0,1,1,DOWN,1.0,364.045,723.0,431.0,1495.0,1080.0,1661.0,4.331,
16,MOOSE,iOS,4,3,14,2,6,854,32,6.0,100,UP,465,18.0,true,5462,4529,639,233,700,0,3,3,DOWN,1.0,225.0,594.0,470.0,1586.0,1080.0,1661.0,4.331,
16,MOOSE,iOS,4,3,15,2,7,854,32,6.0,50,UP,202,18.0,true,3455,2688,1244,91,676,0,1,1,UP,1.0,276.0,717.5,425.0,1420.0,1080.0,1661.0,4.331,
16,MOOSE,iOS,4,3,16,2,8,854,32,6.0,200,DOWN,405,18.0,false,4907,4047,700,15,845,-3,1,1,UP,1.0,237.0,673.0,419.0,1620.0,1080.0,1661.0,4.331,
16,MOOSE,iOS,4,3,17,2,8,854,32,6.0,200,DOWN,560,18.0,true,4732,3729,1869,43,960,1,1,1,DOWN,1.0,217.5,674.0,401.0,1549.0,1080.0,1661.0,4.331,
16,MOOSE,iOS,4,3,18,3,1,854,32,6.0,50,UP,536,18.0,true,3529,2128,1375,102,1299,-2,1,1,UP,1.0,192.0,759.658,555.0,1341.0,1080.0,1661.0,4.331,
16,MOOSE,iOS,4,3,19,3,2,854,32,6.0,300,DOWN,828,18.0,true,4243,3456,1513,101,686,-2,2,1,DOWN,1.0,351.0,637.0,489.0,1327.0,1080.0,1661.0,4.331,
16,MOOSE,iOS,4,3,20,3,3,854,32,3.0,100,DOWN,657,18.0,true,3560,2927,1197,5,628,0,1,1,DOWN,1.0,310.091,682.0,434.0,1481.0,1080.0,1661.0,4.331,
16,MOOSE,iOS,4,3,21,3,4,854,32,3.0,50,UP,696,18.0,true,3967,3828,1374,96,43,-1,1,1,UP,1.0,309.44,573.0,473.0,1366.0,1080.0,1661.0,4.331,
16,MOOSE,iOS,4,3,22,3,5,854,32,6.0,200,DOWN,664,18.0,true,5062,4528,1856,17,517,0,1,1,DOWN,1.0,317.557,684.0,435.0,1421.0,1080.0,1661.0,4.331,
16,MOOSE,iOS,4,3,23,3,6,854,32,3.0,300,DOWN,317,18.0,true,5448,4719,1485,13,716,0,1,2,DOWN,1.0,343.555,603.0,538.0,1344.0,1080.0,1661.0,4.331,
16,MOOSE,iOS,4,3,24,3,7,854,32,6.0,100,UP,715,18.0,true,4848,3583,958,415,850,2,2,1,UP,1.0,301.0,656.0,529.0,1488.0,1080.0,1661.0,4.331,
16,MOOSE,iOS,4,3,25,3,8,854,32,3.0,200,UP,264,18.0,true,4520,3744,974,43,733,0,2,1,UP,1.0,261.0,548.0,503.0,1535.0,1080.0,1661.0,4.331,
16,MOOSE,iOS,4,3,26,4,1,854,32,6.0,300,UP,480,18.0,true,8747,7247,816,350,1150,0,1,1,DOWN,1.0,188.0,599.0,599.0,1509.0,1080.0,1661.0,4.331,
16,MOOSE,iOS,4,3,27,4,2,854,32,6.0,50,DOWN,330,18.0,true,3643,3522,1372,65,56,2,1,1,UP,1.0,277.0,747.0,482.0,1706.0,1080.0,1661.0,4.331,
16,MOOSE,iOS,4,3,28,4,3,854,32,3.0,50,DOWN,442,18.0,true,3048,2239,1037,308,501,0,1,1,UP,1.0,353.0,804.0,513.0,1502.0,1080.0,1661.0,4.331,
16,MOOSE,iOS,4,3,29,4,4,854,32,3.0,100,UP,381,18.0,true,4444,3281,1264,281,882,0,2,1,UP,1.0,276.582,618.0,597.0,1422.0,1080.0,1661.0,4.331,
16,MOOSE,iOS,4,3,30,4,5,854,32,6.0,200,UP,260,18.0,true,5044,4224,1087,61,759,2,2,2,UP,1.0,347.0,547.0,591.0,1500.0,1080.0,1661.0,4.331,
16,MOOSE,iOS,4,3,31,4,6,854,32,6.0,100,DOWN,421,18.0,true,3038,2668,718,313,57,2,1,1,UP,1.0,415.415,713.0,518.0,1261.0,1080.0,1661.0,4.331,
16,MOOSE,iOS,4,3,32,4,7,854,32,3.0,200,DOWN,606,18.0,true,6761,6160,953,135,466,0,1,4,UP,1.0,353.174,607.0,613.0,1806.0,1080.0,1661.0,4.331,
16,MOOSE,iOS,4,3,33,4,8,854,32,3.0,300,UP,316,18.0,true,6422,5536,2127,99,787,0,2,1,UP,1.0,327.0,603.0,552.0,1409.0,1080.0,1661.0,4.331,
16,MOOSE,iOS,4,4,1,1,1,854,32,3.0,200,DOWN,246,18.0,true,8968,7825,2157,67,1076,0,2,3,DOWN,1.0,321.0,643.35,535.0,1628.0,1080.0,1661.0,4.331,
16,MOOSE,iOS,4,4,2,1,2,854,32,3.0,100,UP,247,18.0,true,5741,4959,1158,152,630,0,2,2,UP,2.0,346.0,677.0,718.0,1582.0,1080.0,1661.0,4.331,
16,MOOSE,iOS,4,4,3,1,3,854,32,6.0,300,UP,317,18.0,true,7502,6609,2183,147,746,-2,3,2,UP,1.0,258.48,682.0,528.0,1573.0,1080.0,1661.0,4.331,
16,MOOSE,iOS,4,4,4,1,4,854,32,3.0,300,DOWN,381,18.0,true,8624,7713,1629,180,731,0,3,3,DOWN,1.0,306.0,581.5,550.0,1470.0,1080.0,1661.0,4.331,
16,MOOSE,iOS,4,4,5,1,5,854,32,6.0,100,DOWN,333,18.0,true,3636,3008,1323,137,491,0,2,1,DOWN,1.0,388.452,683.0,530.0,1380.0,1080.0,1661.0,4.331,
16,MOOSE,iOS,4,4,6,1,6,854,32,6.0,200,UP,336,18.0,true,6632,5841,1953,366,425,0,1,1,DOWN,1.0,365.447,612.0,655.0,1520.268,1080.0,1661.0,4.331,
16,MOOSE,iOS,4,4,7,1,7,854,32,3.0,50,UP,319,18.0,true,4933,4820,1921,82,31,0,1,1,UP,1.0,415.484,644.0,594.0,1283.0,1080.0,1661.0,4.331,
16,MOOSE,iOS,4,4,8,1,8,854,32,6.0,50,DOWN,677,18.0,true,2482,1182,395,513,787,0,1,1,DOWN,1.0,429.502,777.0,536.0,1394.0,1080.0,1661.0,4.331,
16,MOOSE,iOS,4,4,9,2,1,854,32,6.0,50,UP,466,18.0,true,5616,4303,1952,163,1150,1,2,1,UP,1.0,285.0,702.0,551.0,1435.0,1080.0,1661.0,4.331,
16,MOOSE,iOS,4,4,10,2,2,854,32,6.0,100,UP,446,18.0,true,6321,6158,1457,118,45,2,2,2,UP,1.0,344.0,697.0,533.0,1392.0,1080.0,1661.0,4.331,
16,MOOSE,iOS,4,4,11,2,3,854,32,3.0,200,UP,316,18.0,true,5861,5119,1920,113,629,0,1,1,DOWN,1.0,346.0,556.0,575.0,1388.0,1080.0,1661.0,4.331,
16,MOOSE,iOS,4,4,12,2,4,854,32,3.0,100,DOWN,325,18.0,true,5430,4672,2543,49,709,0,2,1,DOWN,1.0,350.0,664.0,545.0,1500.0,1080.0,1661.0,4.331,
16,MOOSE,iOS,4,4,13,2,5,854,32,3.0,300,UP,332,18.0,true,7623,7523,2224,59,41,1,2,1,UP,1.0,264.0,603.0,592.0,1396.0,1080.0,1661.0,4.331,
16,MOOSE,iOS,4,4,14,2,6,854,32,3.0,50,DOWN,302,18.0,true,3175,2794,1263,337,44,0,1,1,UP,1.0,367.0,834.0,532.0,1390.0,1080.0,1661.0,4.331,
16,MOOSE,iOS,4,4,15,2,7,854,32,6.0,300,DOWN,585,18.0,true,4243,3392,1040,285,566,1,1,1,DOWN,1.0,388.0,738.0,640.0,1442.053,1080.0,1661.0,4.331,
16,MOOSE,iOS,4,4,16,2,8,854,32,6.0,200,DOWN,249,18.0,true,5653,5603,997,19,31,0,2,2,UP,1.0,392.0,690.0,582.0,1395.0,1080.0,1661.0,4.331,
16,MOOSE,iOS,4,4,17,3,1,854,32,6.0,200,DOWN,746,18.0,true,4324,2768,878,313,1243,-1,2,1,DOWN,1.0,313.0,706.5,1070.0,1919.0,1080.0,1661.0,4.331,
16,MOOSE,iOS,4,4,18,3,2,854,32,3.0,300,UP,120,18.0,true,9652,9392,2111,228,32,-1,3,1,UP,1.0,338.0,468.0,859.0,1380.0,1080.0,1661.0,4.331,
16,MOOSE,iOS,4,4,19,3,3,854,32,6.0,300,UP,41,18.0,true,6675,5856,736,83,736,0,1,1,UP,1.0,305.0,402.0,739.0,1304.0,1080.0,1661.0,4.331,
16,MOOSE,iOS,4,4,20,3,4,854,32,6.0,50,UP,744,18.0,true,4009,3489,1792,4,516,1,2,1,DOWN,1.0,388.315,381.0,638.0,1149.0,1080.0,1661.0,4.331,
16,MOOSE,iOS,4,4,21,3,5,854,32,3.0,200,UP,524,18.0,true,5539,4656,1456,316,567,0,1,1,UP,1.0,426.489,423.0,672.0,1288.0,1080.0,1661.0,4.331,
16,MOOSE,iOS,4,4,22,3,6,854,32,3.0,100,DOWN,446,18.0,true,4146,3584,1631,5,557,0,2,1,UP,1.0,401.747,581.0,598.0,1505.0,1080.0,1661.0,4.331,
16,MOOSE,iOS,4,4,23,3,7,854,32,3.0,50,DOWN,193,18.0,true,3280,2223,992,395,662,0,1,1,UP,1.0,423.0,502.5,570.0,1496.0,1080.0,1661.0,4.331,
16,MOOSE,iOS,4,4,24,3,8,854,32,6.0,100,DOWN,289,18.0,true,3635,3041,943,42,552,0,2,1,DOWN,1.0,425.466,538.0,573.0,1294.0,1080.0,1661.0,4.331,
16,MOOSE,iOS,4,4,25,4,1,854,32,6.0,50,DOWN,784,18.0,true,3193,2063,1385,137,993,-1,2,1,DOWN,1.0,325.0,412.52,502.0,1334.0,1080.0,1661.0,4.331,
16,MOOSE,iOS,4,4,26,4,2,854,32,6.0,100,UP,326,18.0,true,4894,4810,1759,25,59,0,1,1,UP,1.0,333.0,375.0,560.0,1316.0,1080.0,1661.0,4.331,
16,MOOSE,iOS,4,4,27,4,3,854,32,3.0,200,DOWN,217,18.0,true,3669,3403,1103,222,44,0,2,1,UP,1.0,404.356,494.0,521.0,1376.0,1080.0,1661.0,4.331,
16,MOOSE,iOS,4,4,28,4,4,854,32,6.0,300,DOWN,607,18.0,true,5878,5456,1504,17,405,1,1,1,UP,1.0,350.466,579.0,529.0,1628.0,1080.0,1661.0,4.331,
16,MOOSE,iOS,4,4,29,4,5,854,32,6.0,200,UP,473,18.0,true,6658,6427,494,181,50,0,1,1,UP,1.0,377.0,431.0,621.0,1490.0,1080.0,1661.0,4.331,
16,MOOSE,iOS,4,4,30,4,6,854,32,3.0,100,UP,309,18.0,true,3553,2720,525,359,474,0,1,1,UP,1.0,347.509,386.0,653.0,1329.0,1080.0,1661.0,4.331,
16,MOOSE,iOS,4,4,31,4,7,854,32,3.0,50,UP,273,18.0,true,3622,3007,1367,128,487,0,1,1,UP,1.0,393.0,507.0,654.0,1224.0,1080.0,1661.0,4.331,
16,MOOSE,iOS,4,4,32,4,8,854,32,3.0,300,DOWN,321,18.0,true,9312,8671,2350,46,595,0,1,2,UP,1.0,420.467,376.0,736.0,1684.0,1080.0,1661.0,4.331,
16,MOOSE,Drag,4,4,1,1,1,854,32,3.0,300,UP,365,18.0,true,8002,6607,740,201,1194,1,1,1,DOWN,1.0,250.0,351.0,1078.517,1452.0,1080.0,1661.0,4.331,
16,MOOSE,Drag,4,4,2,1,2,854,32,6.0,50,UP,271,18.0,false,2331,1695,689,150,486,7,1,1,DOWN,1.0,261.0,517.0,518.0,1370.0,1080.0,1661.0,4.331,
16,MOOSE,Drag,4,4,3,1,2,854,32,6.0,200,DOWN,398,18.0,true,5228,4048,752,433,747,-2,1,1,DOWN,1.0,213.0,566.68,452.0,1414.0,1080.0,1661.0,4.331,
16,MOOSE,Drag,4,4,4,1,3,854,32,3.0,50,UP,128,18.0,true,3841,2677,1156,661,503,-1,2,1,UP,1.0,162.322,479.0,545.0,1622.0,1080.0,1661.0,4.331,
16,MOOSE,Drag,4,4,5,1,4,854,32,6.0,300,DOWN,820,18.0,true,6158,5295,843,350,513,-1,1,1,DOWN,1.0,93.0,601.0,408.0,1715.5,1080.0,1661.0,4.331,
16,MOOSE,Drag,4,4,6,1,5,854,32,3.0,100,DOWN,548,18.0,true,3443,3106,814,302,35,0,1,1,UP,1.0,115.0,649.0,320.0,1405.0,1080.0,1661.0,4.331,
16,MOOSE,Drag,4,4,7,1,6,854,32,3.0,200,DOWN,550,18.0,true,5678,4815,912,306,557,0,1,1,DOWN,1.0,89.716,614.0,318.0,1538.0,1080.0,1661.0,4.331,
16,MOOSE,Drag,4,4,8,1,7,854,32,6.0,50,UP,228,18.0,true,2236,1136,303,374,726,0,1,1,UP,1.0,228.0,526.0,385.0,1242.0,1080.0,1661.0,4.331,
16,MOOSE,Drag,4,4,9,1,8,854,32,6.0,100,UP,581,18.0,true,3686,2897,673,284,505,1,1,1,DOWN,1.0,226.0,414.0,477.0,1277.0,1080.0,1661.0,4.331,
16,MOOSE,Drag,4,4,10,2,1,854,32,3.0,100,UP,34,18.0,true,4892,3457,1217,260,1175,0,2,1,UP,1.0,291.0,556.0,526.0,1416.0,1080.0,1661.0,4.331,
16,MOOSE,Drag,4,4,11,2,2,854,32,6.0,200,UP,425,18.0,true,5763,4432,53,670,661,-1,0,1,UP,1.0,261.0,471.0,523.0,1254.0,1080.0,1661.0,4.331,
16,MOOSE,Drag,4,4,12,2,3,854,32,6.0,300,UP,46,18.0,true,7437,7121,512,272,44,2,1,1,UP,1.0,191.0,421.0,708.0,1391.0,1080.0,1661.0,4.331,
16,MOOSE,Drag,4,4,13,2,4,854,32,3.0,50,DOWN,366,18.0,true,2719,2225,1297,13,481,0,1,1,UP,1.0,233.0,550.0,483.0,1574.0,1080.0,1661.0,4.331,
16,MOOSE,Drag,4,4,14,2,5,854,32,6.0,50,DOWN,617,18.0,true,2477,1680,817,203,594,0,1,1,DOWN,1.0,292.0,665.0,487.0,1416.0,1080.0,1661.0,4.331,
16,MOOSE,Drag,4,4,15,2,6,854,32,3.0,300,DOWN,437,18.0,true,7415,6608,1617,85,722,0,1,1,DOWN,1.0,219.0,554.426,462.0,1502.0,1080.0,1661.0,4.331,
16,MOOSE,Drag,4,4,16,2,7,854,32,3.0,200,UP,138,18.0,true,6048,5899,1440,110,39,0,2,1,UP,1.0,206.0,442.0,617.0,1352.0,1080.0,1661.0,4.331,
16,MOOSE,Drag,4,4,17,2,8,854,32,6.0,100,DOWN,434,18.0,true,3097,1999,143,472,626,0,1,1,DOWN,1.0,217.0,642.808,475.0,1559.0,1080.0,1661.0,4.331,
16,MOOSE,Drag,4,4,18,3,1,854,32,3.0,50,UP,61,18.0,true,4376,2960,863,294,1122,0,1,1,DOWN,1.0,314.0,474.0,640.0,1445.0,1080.0,1661.0,4.331,
16,MOOSE,Drag,4,4,19,3,2,854,32,6.0,100,UP,708,18.0,true,4505,3487,720,287,731,-1,1,1,DOWN,1.0,186.285,569.0,418.0,1276.0,1080.0,1661.0,4.331,
16,MOOSE,Drag,4,4,20,3,3,854,32,6.0,300,DOWN,549,18.0,true,6774,6654,1057,76,44,1,1,1,UP,1.0,148.515,550.0,434.0,1476.0,1080.0,1661.0,4.331,
16,MOOSE,Drag,4,4,21,3,4,854,32,3.0,300,UP,348,18.0,true,7642,6688,1063,284,670,0,1,1,DOWN,1.0,193.0,429.0,634.0,1305.0,1080.0,1661.0,4.331,
16,MOOSE,Drag,4,4,22,3,5,854,32,3.0,100,UP,448,18.0,true,4189,3183,991,351,655,0,1,1,UP,1.0,288.0,473.0,553.0,1379.0,1080.0,1661.0,4.331,
16,MOOSE,Drag,4,4,23,3,6,854,32,6.0,50,DOWN,202,18.0,true,2906,2627,1088,236,43,1,1,1,UP,1.0,248.0,615.0,404.0,1386.0,1080.0,1661.0,4.331,
16,MOOSE,Drag,4,4,24,3,7,854,32,3.0,200,DOWN,641,18.0,true,5572,5007,1120,279,286,1,0,1,DOWN,1.0,307.0,502.0,569.0,1363.0,1080.0,1661.0,4.331,
16,MOOSE,Drag,4,4,25,3,8,854,32,6.0,200,DOWN,661,18.0,true,4550,3968,1098,43,539,1,1,1,DOWN,1.0,314.0,489.0,507.0,1370.0,1080.0,1661.0,4.331,
16,MOOSE,Drag,4,4,26,4,1,854,32,6.0,100,DOWN,145,18.0,true,2995,1969,609,101,925,2,1,1,DOWN,1.0,294.0,610.0,539.0,1502.0,1080.0,1661.0,4.331,
16,MOOSE,Drag,4,4,27,4,2,854,32,3.0,100,DOWN,310,18.0,true,3684,2880,1376,118,686,1,1,1,DOWN,1.0,331.0,572.5,549.0,1454.0,1080.0,1661.0,4.331,
16,MOOSE,Drag,4,4,28,4,3,854,32,6.0,200,UP,146,18.0,true,4749,3584,481,422,743,0,1,1,UP,1.0,266.0,448.0,846.0,1439.0,1080.0,1661.0,4.331,
16,MOOSE,Drag,4,4,29,4,4,854,32,6.0,50,UP,336,18.0,true,2651,1551,514,378,722,0,1,1,UP,1.0,312.0,510.0,600.0,1185.0,1080.0,1661.0,4.331,
16,MOOSE,Drag,4,4,30,4,5,854,32,3.0,300,DOWN,677,18.0,true,6343,5503,754,98,742,0,1,1,DOWN,1.0,335.0,495.0,675.0,1417.0,1080.0,1661.0,4.331,
16,MOOSE,Drag,4,4,31,4,6,854,32,3.0,50,DOWN,763,18.0,true,3053,1936,992,307,810,0,2,1,DOWN,1.0,302.0,638.0,546.0,1456.0,1080.0,1661.0,4.331,
16,MOOSE,Drag,4,4,32,4,7,854,32,6.0,300,UP,452,18.0,true,6941,5792,96,495,654,0,0,1,UP,1.0,297.0,393.0,797.0,1395.0,1080.0,1661.0,4.331,
16,MOOSE,Drag,4,4,33,4,8,854,32,3.0,200,UP,242,18.0,true,5836,5040,993,170,626,0,1,1,UP,1.0,270.0,437.0,712.0,1403.0,1080.0,1661.0,4.331,
