ID, Device, Mode, Round, Trial, Block, Trial in Block, Text Length (lines), Visible Lines, Frame Height, Distance, Direction, Target Line, Line Height, Hit, T_Trial, T_Scroll, T_FineTune, T_Select, T_StartScrolling, errorDistance(lines), inFrameCount, visibleCount, Start direction, Finger count, FP_X-MIN, FP_Y-MIN, FP_X-MAX, FP_Y-MAX, ScrollareaX, ScrollareaY, Px_mm
11,MOOSE,TrackPoint,1,1,1,1,854,32,6.0,100,UP,360,18.0,true,19226,14559,2319,1475,3192,1,2,2,DOWN,2.0,300.0,143.0,1062.0,1201.0,1080.0,1661.0,4.331
11,MOOSE,TrackPoint,1,2,1,2,854,32,3.0,50,UP,41,18.0,true,7854,5424,3935,349,2081,-1,3,1,UP,1.0,314.0,623.0,474.0,1153.0,1080.0,1661.0,4.331
11,MOOSE,TrackPoint,1,3,1,3,854,32,3.0,200,DOWN,804,18.0,true,13430,12016,3071,366,1048,0,2,1,DOWN,1.0,227.446,212.0,588.0,1604.0,1080.0,1661.0,4.331
11,MOOSE,TrackPoint,1,4,1,4,854,32,3.0,300,UP,218,18.0,true,36102,34193,2209,1019,890,-1,7,6,UP,1.0,266.0,50.0,618.0,1623.0,1080.0,1661.0,4.331
11,MOOSE,TrackPoint,1,5,1,5,854,32,6.0,300,UP,296,18.0,true,11168,9154,2145,780,1234,-1,1,1,DOWN,1.0,399.0,157.0,639.707,1355.5,1080.0,1661.0,4.331
11,MOOSE,TrackPoint,1,6,1,6,854,32,6.0,200,DOWN,418,18.0,true,9024,7216,1180,923,885,0,1,1,DOWN,1.0,476.481,316.0,627.0,1553.0,1080.0,1661.0,4.331
11,MOOSE,TrackPoint,1,7,1,7,854,32,6.0,50,DOWN,741,18.0,true,7602,5824,2366,785,993,-1,1,1,DOWN,1.0,537.0,1027.0,630.0,1452.358,1080.0,1661.0,4.331
11,MOOSE,TrackPoint,1,8,1,8,854,32,3.0,100,DOWN,612,18.0,true,5935,5362,2415,511,62,1,1,1,UP,1.0,454.0,812.0,524.0,1492.0,1080.0,1661.0,4.331
11,MOOSE,TrackPoint,1,9,2,1,854,32,3.0,50,DOWN,507,18.0,true,7435,6064,2047,452,919,0,2,1,DOWN,1.0,368.0,799.0,484.0,1376.0,1080.0,1661.0,4.331
11,MOOSE,TrackPoint,1,10,2,2,854,32,6.0,200,UP,282,18.0,true,8240,7246,3130,193,801,0,2,1,DOWN,1.0,384.0,413.0,547.705,1575.0,1080.0,1661.0,4.331
11,MOOSE,TrackPoint,1,11,2,3,854,32,3.0,100,UP,360,18.0,true,12058,10832,3661,411,815,-1,2,2,DOWN,1.0,459.0,427.0,664.0,1350.0,1080.0,1661.0,4.331
11,MOOSE,TrackPoint,1,12,2,4,854,32,6.0,300,DOWN,480,18.0,true,17037,15312,541,819,906,-1,1,1,DOWN,1.0,358.0,329.5,551.592,1572.0,1080.0,1661.0,4.331
11,MOOSE,TrackPoint,1,13,2,5,854,32,6.0,100,DOWN,697,18.0,true,6578,5375,3533,353,850,1,2,1,UP,1.0,440.0,733.0,591.0,1495.0,1080.0,1661.0,4.331
11,MOOSE,TrackPoint,1,14,2,6,854,32,3.0,200,UP,241,18.0,true,9238,8047,2766,641,550,0,2,1,DOWN,1.0,400.0,416.0,573.0,1505.0,1080.0,1661.0,4.331
11,MOOSE,TrackPoint,1,15,2,7,854,32,6.0,50,UP,35,18.0,true,4882,4635,2335,212,35,-2,1,1,UP,1.0,355.0,646.0,499.5,1117.0,1080.0,1661.0,4.331
11,MOOSE,TrackPoint,1,16,2,8,854,32,3.0,300,DOWN,740,18.0,true,11088,9712,2144,538,838,0,1,1,DOWN,1.0,457.0,368.0,564.0,1572.0,1080.0,1661.0,4.331
11,MOOSE,TrackPoint,1,17,3,1,854,32,3.0,100,DOWN,458,18.0,true,14831,12863,1820,484,1484,0,2,1,UP,1.0,162.0,788.0,654.0,1442.0,1080.0,1661.0,4.331
11,MOOSE,TrackPoint,1,18,3,2,854,32,3.0,50,UP,210,18.0,true,8816,7472,3120,499,845,-1,2,1,DOWN,1.0,306.0,823.0,559.0,1327.0,1080.0,1661.0,4.331
11,MOOSE,TrackPoint,1,19,3,3,854,32,6.0,50,DOWN,489,18.0,true,9451,7776,2336,405,1270,-1,2,1,UP,1.0,349.0,667.0,446.0,1375.479,1080.0,1661.0,4.331
11,MOOSE,TrackPoint,1,20,3,4,854,32,3.0,200,DOWN,792,18.0,true,11020,9648,2446,522,850,0,1,1,UP,1.0,280.0,779.0,397.0,1602.0,1080.0,1661.0,4.331
11,MOOSE,TrackPoint,1,21,3,5,854,32,3.0,300,UP,263,18.0,true,11001,9567,1965,222,1212,-1,0,1,DOWN,1.0,359.0,465.5,489.0,1622.0,1080.0,1661.0,4.331
11,MOOSE,TrackPoint,1,22,3,6,854,32,6.0,200,UP,507,18.0,true,7816,5985,1502,577,1254,0,1,1,UP,1.0,442.0,281.0,535.5,1270.0,1080.0,1661.0,4.331
11,MOOSE,TrackPoint,1,23,3,7,854,32,6.0,100,UP,169,18.0,true,6839,5345,2175,201,1293,-1,2,1,UP,1.0,407.0,398.0,479.0,1362.0,1080.0,1661.0,4.331
11,MOOSE,TrackPoint,1,24,3,8,854,32,6.0,300,DOWN,351,18.0,true,8882,7791,3145,56,1035,-1,2,1,DOWN,1.0,349.0,598.0,494.0,1793.482,1080.0,1661.0,4.331
11,MOOSE,TrackPoint,1,25,4,1,854,32,6.0,100,DOWN,509,18.0,true,7621,4336,1998,592,2693,1,2,1,DOWN,2.0,315.0,742.0,1046.0,1493.0,1080.0,1661.0,4.331
11,MOOSE,TrackPoint,1,26,4,2,854,32,6.0,200,DOWN,311,18.0,true,9033,7296,397,709,1028,1,2,2,DOWN,1.0,343.0,683.0,512.0,1871.0,1080.0,1661.0,4.331
11,MOOSE,TrackPoint,1,27,4,3,854,32,3.0,50,DOWN,229,18.0,true,4814,3760,2063,132,922,1,2,1,DOWN,1.0,395.0,1029.0,488.0,1542.0,1080.0,1661.0,4.331
11,MOOSE,TrackPoint,1,28,4,4,854,32,3.0,200,UP,231,18.0,true,5897,4191,126,912,794,0,1,1,DOWN,1.0,403.5,395.5,516.0,1638.0,1080.0,1661.0,4.331
11,MOOSE,TrackPoint,1,29,4,5,854,32,6.0,300,UP,197,18.0,true,5908,4559,2333,283,1066,0,1,1,UP,1.0,371.0,368.0,451.0,1477.0,1080.0,1661.0,4.331
11,MOOSE,TrackPoint,1,30,4,6,854,32,3.0,300,DOWN,359,18.0,true,10038,9024,2480,114,900,-1,1,1,DOWN,1.0,430.5,543.0,586.0,1572.0,1080.0,1661.0,4.331
11,MOOSE,TrackPoint,1,31,4,7,854,32,6.0,50,UP,427,18.0,true,6102,5216,2622,70,816,-1,1,1,UP,1.0,447.0,905.0,531.5,1407.0,1080.0,1661.0,4.331
11,MOOSE,TrackPoint,1,32,4,8,854,32,3.0,100,UP,107,18.0,true,3971,2160,171,945,866,-1,1,1,DOWN,1.0,451.481,485.5,591.0,1289.0,1080.0,1661.0,4.331
11,MOOSE,TrackPoint,2,1,1,1,854,32,6.0,50,DOWN,322,18.0,true,9052,4271,1995,620,4161,0,2,1,DOWN,1.0,245.0,561.0,448.0,1362.0,1080.0,1661.0,4.331
11,MOOSE,TrackPoint,2,2,1,2,854,32,6.0,300,UP,351,18.0,true,9464,7791,893,1015,658,2,1,1,UP,1.0,293.0,422.0,482.343,1348.0,1080.0,1661.0,4.331
11,MOOSE,TrackPoint,2,3,1,3,854,32,3.0,100,UP,297,18.0,true,8606,7424,2464,273,909,0,1,1,DOWN,1.0,431.0,637.5,588.5,1298.0,1080.0,1661.0,4.331
11,MOOSE,TrackPoint,2,4,1,4,854,32,3.0,300,DOWN,837,18.0,true,11670,9838,1564,628,1204,0,1,1,UP,1.0,511.0,371.0,559.0,1259.0,1080.0,1661.0,4.331
11,MOOSE,TrackPoint,2,5,1,5,854,32,6.0,100,DOWN,121,18.0,true,10839,7856,3263,392,2591,1,1,1,DOWN,1.0,446.0,894.0,504.0,1250.0,1080.0,1661.0,4.331
11,MOOSE,TrackPoint,2,6,1,6,854,32,6.0,200,DOWN,644,18.0,true,9440,7839,3066,290,1311,2,1,1,DOWN,1.0,425.518,805.0,503.0,1281.0,1080.0,1661.0,4.331
11,MOOSE,TrackPoint,2,7,1,7,854,32,3.0,50,UP,619,18.0,true,5067,4550,669,486,31,-1,1,1,UP,1.0,425.0,1078.683,481.5,1391.0,1080.0,1661.0,4.331
11,MOOSE,TrackPoint,2,8,1,8,854,32,3.0,200,UP,205,18.0,true,6226,4734,270,693,799,0,1,1,DOWN,1.0,444.0,852.0,555.0,1398.0,1080.0,1661.0,4.331
11,MOOSE,TrackPoint,2,9,2,1,854,32,6.0,300,DOWN,722,18.0,true,14216,11215,1374,674,2327,-1,1,1,UP,1.0,387.0,668.0,470.0,1390.0,1080.0,1661.0,4.331
11,MOOSE,TrackPoint,2,10,2,2,854,32,6.0,50,UP,383,18.0,true,5317,5152,2141,130,35,1,1,1,UP,1.0,408.0,1029.0,449.0,1369.0,1080.0,1661.0,4.331
11,MOOSE,TrackPoint,2,11,2,3,854,32,3.0,100,DOWN,249,18.0,true,6232,5794,1483,386,52,0,1,1,UP,1.0,419.5,822.0,488.0,1337.644,1080.0,1661.0,4.331
11,MOOSE,TrackPoint,2,12,2,4,854,32,3.0,200,DOWN,784,18.0,true,9955,8704,2239,195,1056,1,2,1,UP,1.0,460.0,870.0,565.0,1426.5,1080.0,1661.0,4.331
11,MOOSE,TrackPoint,2,13,2,5,854,32,6.0,200,UP,74,18.0,true,6663,5567,1918,136,960,-1,1,1,DOWN,1.0,485.0,735.0,600.0,1416.0,1080.0,1661.0,4.331
11,MOOSE,TrackPoint,2,14,2,6,854,32,6.0,100,UP,469,18.0,true,4561,2751,252,839,971,-2,1,1,UP,1.0,488.0,708.0,538.0,1270.0,1080.0,1661.0,4.331
11,MOOSE,TrackPoint,2,15,2,7,854,32,3.0,300,UP,423,18.0,true,10259,8799,1166,432,1028,1,1,1,UP,1.0,392.0,722.744,476.529,1358.0,1080.0,1661.0,4.331
11,MOOSE,TrackPoint,2,16,2,8,854,32,3.0,50,DOWN,83,18.0,true,7436,6095,2635,281,1060,0,1,1,DOWN,1.0,416.0,695.0,455.0,1165.5,1080.0,1661.0,4.331
11,MOOSE,TrackPoint,2,17,3,1,854,32,6.0,50,DOWN,369,18.0,true,5886,3504,956,384,1998,0,1,1,DOWN,1.0,300.0,828.0,422.0,1148.0,1080.0,1661.0,4.331
11,MOOSE,TrackPoint,2,18,3,2,854,32,3.0,100,UP,491,18.0,true,5840,4384,430,598,858,1,1,1,DOWN,1.0,385.0,838.0,488.0,1283.0,1080.0,1661.0,4.331
11,MOOSE,TrackPoint,2,19,3,3,854,32,6.0,100,UP,247,18.0,true,6825,5840,2238,215,770,-1,1,1,DOWN,1.0,453.345,740.0,509.0,1238.0,1080.0,1661.0,4.331
11,MOOSE,TrackPoint,2,20,3,4,854,32,6.0,300,UP,434,18.0,true,7762,6736,1949,64,962,0,2,1,UP,1.0,458.0,428.5,556.0,1196.0,1080.0,1661.0,4.331
11,MOOSE,TrackPoint,2,21,3,5,854,32,3.0,200,UP,622,18.0,false,6642,5743,1853,42,857,-3,2,1,UP,1.0,462.0,546.0,535.48,1226.481,1080.0,1661.0,4.331
11,MOOSE,TrackPoint,2,22,3,5,854,32,3.0,50,DOWN,618,18.0,true,9230,7615,1693,450,1165,0,1,1,DOWN,1.0,457.0,725.0,547.297,1245.0,1080.0,1661.0,4.331
11,MOOSE,TrackPoint,2,23,3,6,854,32,6.0,200,DOWN,471,18.0,true,8111,7584,923,497,30,-2,1,1,UP,1.0,455.0,761.0,517.0,1377.0,1080.0,1661.0,4.331
11,MOOSE,TrackPoint,2,24,3,7,854,32,3.0,200,UP,361,18.0,true,8274,6224,2207,639,1411,-1,1,1,DOWN,1.0,392.0,518.5,458.0,1468.0,1080.0,1661.0,4.331
11,MOOSE,TrackPoint,2,25,3,8,854,32,3.0,300,DOWN,512,18.0,true,8057,6846,633,347,864,0,1,1,DOWN,1.0,305.0,719.0,423.0,1414.0,1080.0,1661.0,4.331
11,MOOSE,TrackPoint,2,26,4,1,854,32,3.0,200,DOWN,617,18.0,true,10671,9073,1919,190,1408,-1,1,1,DOWN,1.0,294.0,801.0,410.0,1383.0,1080.0,1661.0,4.331
11,MOOSE,TrackPoint,2,27,4,2,854,32,6.0,50,UP,735,18.0,true,6046,5086,2878,139,821,0,2,1,UP,1.0,387.0,1141.0,434.0,1450.0,1080.0,1661.0,4.331
11,MOOSE,TrackPoint,2,28,4,3,854,32,6.0,300,DOWN,485,18.0,true,12946,11535,1759,79,1332,0,1,1,DOWN,1.0,373.5,913.0,477.0,1698.345,1080.0,1661.0,4.331
11,MOOSE,TrackPoint,2,29,4,4,854,32,3.0,300,UP,488,18.0,true,7645,5680,2301,404,1561,1,1,1,DOWN,1.0,382.49,298.5,543.0,1462.0,1080.0,1661.0,4.331
11,MOOSE,TrackPoint,2,30,4,5,854,32,3.0,50,UP,317,18.0,true,5402,4062,1886,396,944,-1,0,1,DOWN,1.0,450.0,688.0,526.0,1234.0,1080.0,1661.0,4.331
11,MOOSE,TrackPoint,2,31,4,6,854,32,3.0,100,DOWN,326,18.0,false,6224,5231,1452,89,904,3,2,1,UP,1.0,423.0,748.0,522.0,1421.5,1080.0,1661.0,4.331
11,MOOSE,TrackPoint,2,32,4,6,854,32,6.0,200,UP,107,18.0,true,11584,10206,2735,152,1226,0,3,2,DOWN,1.0,443.0,366.0,675.0,1349.0,1080.0,1661.0,4.331
11,MOOSE,TrackPoint,2,33,4,7,854,32,6.0,100,DOWN,622,18.0,true,6129,4736,751,322,1071,0,1,1,DOWN,1.0,438.0,753.0,486.0,1075.0,1080.0,1661.0,4.331
11,MOOSE,TrackPoint,2,34,4,8,854,32,3.0,100,DOWN,473,18.0,true,7495,6545,1964,124,826,0,1,1,DOWN,1.0,437.0,870.0,490.0,1288.762,1080.0,1661.0,4.331
11,MOOSE,TrackPoint,3,1,1,1,854,32,3.0,300,DOWN,373,18.0,true,10470,5968,1757,992,3510,-1,1,1,DOWN,1.0,304.0,608.0,483.0,1560.473,1080.0,1661.0,4.331
11,MOOSE,TrackPoint,3,2,1,2,854,32,3.0,50,DOWN,233,18.0,true,6018,5200,1870,117,701,0,2,1,UP,1.0,379.5,759.0,569.0,1249.5,1080.0,1661.0,4.331
11,MOOSE,TrackPoint,3,3,1,3,854,32,6.0,300,UP,196,18.0,true,6864,5584,1292,462,818,0,1,1,DOWN,1.0,416.0,309.5,558.0,1643.5,1080.0,1661.0,4.331
11,MOOSE,TrackPoint,3,4,1,4,854,32,6.0,100,UP,64,18.0,true,5716,4400,1614,321,995,-1,1,1,DOWN,1.0,429.0,471.0,636.5,1058.0,1080.0,1661.0,4.331
11,MOOSE,TrackPoint,3,5,1,5,854,32,6.0,50,UP,659,18.0,true,4263,3057,781,178,1028,0,1,1,UP,1.0,503.535,594.519,609.481,1092.0,1080.0,1661.0,4.331
11,MOOSE,TrackPoint,3,6,1,6,854,32,6.0,200,DOWN,360,18.0,true,6302,4928,1883,212,1162,0,1,1,UP,1.0,458.0,715.593,570.0,1361.0,1080.0,1661.0,4.331
11,MOOSE,TrackPoint,3,7,1,7,854,32,3.0,100,UP,241,18.0,false,3832,3757,2615,52,23,2,1,1,UP,1.0,506.0,779.5,604.0,1284.0,1080.0,1661.0,4.331
11,MOOSE,TrackPoint,3,8,1,7,854,32,3.0,200,DOWN,481,18.0,true,7947,6473,1800,92,1382,1,2,1,UP,1.0,433.0,751.0,577.0,1572.0,1080.0,1661.0,4.331
11,MOOSE,TrackPoint,3,9,1,8,854,32,3.0,100,UP,208,18.0,true,11844,10175,2256,296,1373,0,4,2,UP,1.0,474.0,714.0,608.5,1409.0,1080.0,1661.0,4.331
11,MOOSE,TrackPoint,3,10,2,1,854,32,3.0,300,UP,36,18.0,true,24586,15647,3182,100,8839,-1,2,1,DOWN,1.0,372.0,48.0,535.0,1064.468,1080.0,1661.0,4.331
11,MOOSE,TrackPoint,3,11,2,2,854,32,3.0,100,DOWN,342,18.0,true,8643,7311,3358,290,1042,0,1,1,DOWN,1.0,346.322,744.0,413.0,1182.0,1080.0,1661.0,4.331
11,MOOSE,TrackPoint,3,12,2,3,854,32,3.0,200,UP,198,18.0,true,5502,5251,1392,222,29,1,1,1,UP,1.0,353.0,655.0,440.0,1317.0,1080.0,1661.0,4.331
11,MOOSE,TrackPoint,3,13,2,4,854,32,6.0,100,DOWN,229,18.0,true,4921,3984,1661,36,901,0,1,1,DOWN,1.0,384.0,572.0,482.0,1108.365,1080.0,1661.0,4.331
11,MOOSE,TrackPoint,3,14,2,5,854,32,6.0,200,UP,510,18.0,true,5548,4543,1916,185,820,0,2,1,UP,1.0,403.0,427.0,581.0,1209.0,1080.0,1661.0,4.331
11,MOOSE,TrackPoint,3,15,2,6,854,32,6.0,300,DOWN,651,18.0,true,8363,6911,843,221,1231,-1,1,1,DOWN,1.0,372.0,405.0,596.0,1268.0,1080.0,1661.0,4.331
11,MOOSE,TrackPoint,3,16,2,7,854,32,6.0,50,DOWN,133,18.0,true,4505,3407,1678,225,873,1,1,1,DOWN,1.0,409.505,748.0,485.0,1120.0,1080.0,1661.0,4.331
11,MOOSE,TrackPoint,3,17,2,8,854,32,3.0,50,UP,772,18.0,true,4329,3376,1644,38,915,-1,2,1,UP,1.0,389.0,842.0,506.0,1246.0,1080.0,1661.0,4.331
11,MOOSE,TrackPoint,3,18,3,1,854,32,3.0,100,DOWN,669,18.0,true,7706,5984,1134,320,1402,-1,1,1,DOWN,1.0,358.0,776.0,451.0,1351.5,1080.0,1661.0,4.331
11,MOOSE,TrackPoint,3,19,3,2,854,32,3.0,200,DOWN,693,18.0,true,9837,8848,2875,172,817,0,3,1,UP,1.0,337.0,774.0,437.0,1272.0,1080.0,1661.0,4.331
11,MOOSE,TrackPoint,3,20,3,3,854,32,3.0,300,DOWN,481,18.0,true,9745,8496,1759,373,876,1,0,1,DOWN,1.0,341.0,799.0,422.0,1311.0,1080.0,1661.0,4.331
11,MOOSE,TrackPoint,3,21,3,4,854,32,6.0,300,DOWN,350,18.0,true,11092,9888,1118,271,933,0,1,1,DOWN,1.0,268.0,918.0,429.0,1599.5,1080.0,1661.0,4.331
11,MOOSE,TrackPoint,3,22,3,5,854,32,6.0,200,UP,603,18.0,true,6533,5518,2142,99,916,0,1,1,DOWN,1.0,304.493,747.519,404.0,1441.0,1080.0,1661.0,4.331
11,MOOSE,TrackPoint,3,23,3,6,854,32,6.0,50,UP,197,18.0,true,5719,4655,940,134,930,-1,1,1,DOWN,1.0,417.0,654.5,530.0,1147.498,1080.0,1661.0,4.331
11,MOOSE,TrackPoint,3,24,3,7,854,32,6.0,100,UP,128,18.0,true,8056,6527,2414,339,1190,-2,0,1,UP,1.0,464.0,682.5,506.0,1018.0,1080.0,1661.0,4.331
11,MOOSE,TrackPoint,3,25,3,8,854,32,3.0,50,UP,570,18.0,true,5850,4640,2223,335,875,0,1,1,UP,1.0,361.0,742.0,474.0,1269.0,1080.0,1661.0,4.331
11,MOOSE,TrackPoint,3,26,4,1,854,32,3.0,300,UP,22,18.0,false,12065,10000,1595,49,2016,-2,2,1,DOWN,1.0,367.0,631.577,604.0,1152.0,1080.0,1661.0,4.331
11,MOOSE,TrackPoint,3,27,4,1,854,32,3.0,50,DOWN,740,18.0,true,5257,3761,1647,343,1153,0,1,1,DOWN,1.0,469.644,735.0,577.0,1083.7,1080.0,1661.0,4.331
11,MOOSE,TrackPoint,3,28,4,2,854,32,6.0,100,DOWN,281,18.0,true,4825,3889,1456,85,851,-1,1,1,DOWN,1.0,501.0,719.0,629.0,1207.0,1080.0,1661.0,4.331
11,MOOSE,TrackPoint,3,29,4,3,854,32,6.0,50,DOWN,240,18.0,true,4030,2960,907,136,934,-1,1,1,DOWN,1.0,529.0,773.0,587.0,1042.0,1080.0,1661.0,4.331
11,MOOSE,TrackPoint,3,30,4,4,854,32,3.0,200,UP,15,18.0,true,8656,7232,2622,438,986,-1,0,1,DOWN,1.0,507.0,236.0,618.0,926.0,1080.0,1661.0,4.331
11,MOOSE,TrackPoint,3,31,4,5,854,32,6.0,200,DOWN,566,18.0,true,7400,5855,974,356,1189,1,1,1,DOWN,1.0,412.0,489.0,535.0,1263.0,1080.0,1661.0,4.331
11,MOOSE,TrackPoint,3,32,4,6,854,32,6.0,300,UP,112,18.0,true,6236,4879,1549,78,1279,2,1,1,UP,1.0,403.0,454.0,541.351,1433.0,1080.0,1661.0,4.331
11,MOOSE,TrackPoint,3,33,4,7,854,32,3.0,300,UP,136,18.0,true,6038,4911,1743,89,1038,0,2,1,DOWN,1.0,476.0,294.5,548.0,1211.0,1080.0,1661.0,4.331
11,MOOSE,TrackPoint,3,34,4,8,854,32,3.0,100,UP,692,18.0,true,5110,4176,1484,13,921,0,1,1,UP,1.0,404.0,770.0,518.0,1240.0,1080.0,1661.0,4.331
11,MOOSE,TrackPoint,4,1,1,1,854,32,6.0,100,DOWN,761,18.0,true,7861,4720,1803,138,3003,-2,2,1,DOWN,1.0,248.0,635.0,482.0,1321.0,1080.0,1661.0,4.331
11,MOOSE,TrackPoint,4,2,1,2,854,32,3.0,300,DOWN,616,18.0,true,11318,9983,2399,299,1036,0,1,1,UP,1.0,352.0,800.0,496.0,1473.5,1080.0,1661.0,4.331
11,MOOSE,TrackPoint,4,3,1,3,854,32,6.0,300,UP,145,18.0,true,5860,4016,105,776,1068,0,1,1,DOWN,1.0,381.0,276.0,552.0,1380.0,1080.0,1661.0,4.331
11,MOOSE,TrackPoint,4,4,1,4,854,32,3.0,100,DOWN,154,18.0,true,5121,4001,1483,153,967,0,2,1,DOWN,1.0,453.52,525.0,595.5,1181.0,1080.0,1661.0,4.331
11,MOOSE,TrackPoint,4,5,1,5,854,32,6.0,200,UP,240,18.0,true,3873,2463,159,514,896,-1,1,1,UP,1.0,469.0,746.0,545.0,1533.0,1080.0,1661.0,4.331
11,MOOSE,TrackPoint,4,6,1,6,854,32,3.0,200,UP,129,18.0,true,6216,5152,1553,152,912,-1,2,2,UP,1.0,425.0,617.5,552.0,1403.0,1080.0,1661.0,4.331
11,MOOSE,TrackPoint,4,7,1,7,854,32,3.0,50,DOWN,637,18.0,true,4223,2942,846,217,1064,-1,1,1,DOWN,1.0,467.0,871.0,511.0,1182.0,1080.0,1661.0,4.331
11,MOOSE,TrackPoint,4,8,1,8,854,32,6.0,50,UP,677,18.0,true,3965,2720,1211,124,1121,2,1,1,DOWN,1.0,464.0,850.0,550.0,1265.0,1080.0,1661.0,4.331
11,MOOSE,TrackPoint,4,9,2,1,854,32,6.0,50,DOWN,535,18.0,true,8923,7023,2559,181,1719,1,1,1,DOWN,1.0,312.0,864.0,422.0,1124.0,1080.0,1661.0,4.331
11,MOOSE,TrackPoint,4,10,2,2,854,32,6.0,200,DOWN,559,18.0,true,12357,9601,1692,193,2563,2,1,1,DOWN,1.0,339.0,892.0,488.0,1457.0,1080.0,1661.0,4.331
11,MOOSE,TrackPoint,4,11,2,3,854,32,6.0,300,DOWN,638,18.0,true,9084,7391,764,315,1378,1,1,1,DOWN,1.0,304.659,955.0,491.0,1623.341,1080.0,1661.0,4.331
11,MOOSE,TrackPoint,4,12,2,4,854,32,3.0,50,UP,750,18.0,false,4244,3232,1550,120,892,2,1,1,DOWN,1.0,421.0,1007.0,517.5,1575.0,1080.0,1661.0,4.331
11,MOOSE,TrackPoint,4,13,2,4,854,32,3.0,50,UP,645,18.0,true,7096,5775,939,329,992,0,1,1,UP,1.0,445.0,859.089,659.304,1417.0,1080.0,1661.0,4.331
11,MOOSE,TrackPoint,4,14,2,5,854,32,3.0,200,DOWN,319,18.0,true,6035,4464,1549,537,1034,-1,1,1,DOWN,1.0,456.631,887.0,628.0,1576.339,1080.0,1661.0,4.331
11,MOOSE,TrackPoint,4,15,2,6,854,32,6.0,100,UP,104,18.0,true,3748,2160,283,477,1111,0,1,1,UP,1.0,490.0,999.0,592.5,1540.0,1080.0,1661.0,4.331
11,MOOSE,TrackPoint,4,16,2,7,854,32,3.0,300,UP,264,18.0,true,12082,10544,1200,308,1230,0,1,1,DOWN,1.0,532.0,287.0,649.698,1242.0,1080.0,1661.0,4.331
11,MOOSE,TrackPoint,4,17,2,8,854,32,3.0,100,UP,674,18.0,true,5264,4352,1837,16,896,-1,2,1,UP,1.0,343.0,898.0,425.0,1351.0,1080.0,1661.0,4.331
11,MOOSE,TrackPoint,4,18,3,1,854,32,6.0,200,DOWN,641,18.0,false,7826,5713,348,113,2000,-4,1,1,DOWN,1.0,360.0,835.0,500.0,1405.712,1080.0,1661.0,4.331
11,MOOSE,TrackPoint,4,19,3,1,854,32,6.0,100,UP,482,18.0,true,6281,4926,1500,395,960,-2,1,1,UP,1.0,431.0,994.0,504.0,1373.0,1080.0,1661.0,4.331
11,MOOSE,TrackPoint,4,20,3,2,854,32,3.0,100,DOWN,717,18.0,true,6022,4736,800,391,895,0,1,1,DOWN,1.0,438.5,1003.0,489.0,1306.0,1080.0,1661.0,4.331
11,MOOSE,TrackPoint,4,21,3,3,854,32,6.0,300,UP,345,18.0,true,4906,4016,1341,97,793,0,1,1,UP,1.0,440.483,562.0,570.0,1507.0,1080.0,1661.0,4.331
11,MOOSE,TrackPoint,4,22,3,4,854,32,3.0,50,UP,140,18.0,true,4046,3529,605,477,40,-1,0,1,UP,1.0,441.777,940.0,485.0,1273.0,1080.0,1661.0,4.331
11,MOOSE,TrackPoint,4,23,3,5,854,32,3.0,200,UP,160,18.0,true,6655,5263,2683,327,1065,-1,3,1,UP,1.0,472.0,603.0,591.0,1334.0,1080.0,1661.0,4.331
11,MOOSE,TrackPoint,4,24,3,6,854,32,6.0,50,DOWN,521,18.0,true,4528,3040,846,425,1063,2,1,1,DOWN,1.0,478.0,885.0,499.0,1149.0,1080.0,1661.0,4.331
11,MOOSE,TrackPoint,4,25,3,7,854,32,3.0,300,DOWN,587,18.0,true,10523,9439,1276,347,737,-1,1,1,UP,1.0,298.646,608.0,485.0,1559.0,1080.0,1661.0,4.331
11,MOOSE,TrackPoint,4,26,3,8,854,32,6.0,200,DOWN,258,18.0,true,8030,6752,1425,185,1093,1,1,1,DOWN,1.0,309.0,762.0,403.0,1372.5,1080.0,1661.0,4.331
11,MOOSE,TrackPoint,4,27,4,1,854,32,6.0,200,UP,263,18.0,true,8687,5536,1290,92,3059,-1,1,1,UP,1.0,388.0,522.0,462.0,1119.0,1080.0,1661.0,4.331
11,MOOSE,TrackPoint,4,28,4,2,854,32,6.0,300,DOWN,751,18.0,true,7211,5968,798,228,1015,-1,1,1,UP,1.0,321.5,455.0,553.0,1608.0,1080.0,1661.0,4.331
11,MOOSE,TrackPoint,4,29,4,3,854,32,3.0,100,UP,736,18.0,true,6583,5551,2126,112,920,0,1,1,UP,1.0,258.0,868.0,305.5,1442.0,1080.0,1661.0,4.331
11,MOOSE,TrackPoint,4,30,4,4,854,32,6.0,100,DOWN,690,18.0,true,5649,3711,1374,229,1709,-2,2,1,DOWN,1.0,299.0,690.0,338.0,1297.0,1080.0,1661.0,4.331
11,MOOSE,TrackPoint,4,31,4,5,854,32,3.0,200,DOWN,342,18.0,true,8245,8072,1548,121,52,1,2,1,UP,1.0,315.0,764.0,402.0,1288.0,1080.0,1661.0,4.331
11,MOOSE,TrackPoint,4,32,4,6,854,32,3.0,50,DOWN,610,18.0,true,4486,2815,783,611,1060,-1,1,1,DOWN,1.0,308.0,872.0,341.0,1184.0,1080.0,1661.0,4.331
11,MOOSE,TrackPoint,4,33,4,7,854,32,6.0,50,UP,116,18.0,true,5008,3552,497,463,993,-2,1,1,DOWN,1.0,303.0,652.0,389.0,1182.0,1080.0,1661.0,4.331
11,MOOSE,TrackPoint,4,34,4,8,854,32,3.0,300,UP,502,18.0,true,6645,5168,1867,19,1458,1,1,1,DOWN,1.0,266.0,513.5,399.0,1415.0,1080.0,1661.0,4.331
11,MOOSE,Drag,1,1,1,1,854,32,6.0,300,DOWN,573,18.0,true,16795,11232,1135,483,5080,0,1,1,DOWN,1.0,149.0,679.0,450.6,1414.5,1080.0,1661.0,4.331
11,MOOSE,Drag,1,2,1,2,854,32,6.0,100,UP,130,18.0,true,7903,6128,1761,409,1366,0,1,1,UP,1.0,264.48,284.0,559.5,1566.0,1080.0,1661.0,4.331
11,MOOSE,Drag,1,3,1,3,854,32,6.0,50,DOWN,266,18.0,true,4376,3152,1456,283,941,0,1,1,DOWN,1.0,403.5,581.0,541.0,1682.0,1080.0,1661.0,4.331
11,MOOSE,Drag,1,4,1,4,854,32,6.0,200,UP,235,18.0,true,11762,11505,1424,228,29,0,1,2,UP,1.0,241.0,257.0,614.0,1734.0,1080.0,1661.0,4.331
11,MOOSE,Drag,1,5,1,5,854,32,3.0,300,UP,410,18.0,true,20621,19379,1585,206,1036,0,2,1,DOWN,1.0,341.0,66.0,678.0,1878.709,1080.0,1661.0,4.331
11,MOOSE,Drag,1,6,1,6,854,32,3.0,100,DOWN,726,18.0,true,5901,4576,849,497,828,0,1,1,DOWN,1.0,502.0,649.0,614.0,1354.0,1080.0,1661.0,4.331
11,MOOSE,Drag,1,7,1,7,854,32,3.0,50,UP,482,18.0,true,4461,4048,626,380,33,-1,0,1,UP,1.0,447.405,695.0,553.0,1223.0,1080.0,1661.0,4.331
11,MOOSE,Drag,1,8,1,8,854,32,3.0,200,DOWN,251,18.0,true,8926,8668,1120,207,51,0,1,2,UP,1.0,285.565,619.0,556.0,1507.0,1080.0,1661.0,4.331
11,MOOSE,Drag,1,9,2,1,854,32,3.0,100,UP,46,18.0,true,7401,5793,1609,323,1285,0,2,1,DOWN,1.0,340.0,617.0,589.0,1136.0,1080.0,1661.0,4.331
11,MOOSE,Drag,1,10,2,2,854,32,6.0,300,UP,61,18.0,true,11832,10143,865,529,1160,-1,0,1,UP,1.0,289.0,644.0,528.0,1208.0,1080.0,1661.0,4.331
11,MOOSE,Drag,1,11,2,3,854,32,3.0,200,UP,501,18.0,true,9161,8176,1297,367,618,0,1,1,UP,1.0,262.0,643.0,576.0,1270.0,1080.0,1661.0,4.331
11,MOOSE,Drag,1,12,2,4,854,32,6.0,200,DOWN,390,18.0,true,8551,8161,1233,350,40,0,2,1,UP,1.0,353.753,640.0,537.0,1408.0,1080.0,1661.0,4.331
11,MOOSE,Drag,1,13,2,5,854,32,6.0,100,DOWN,239,18.0,true,6284,4608,704,557,1119,-2,1,1,UP,1.0,391.0,650.0,554.0,1350.0,1080.0,1661.0,4.331
11,MOOSE,Drag,1,14,2,6,854,32,6.0,50,UP,51,18.0,true,4875,3745,1233,272,858,-1,1,1,DOWN,1.0,447.462,587.0,651.431,1140.0,1080.0,1661.0,4.331
11,MOOSE,Drag,1,15,2,7,854,32,3.0,300,DOWN,581,18.0,true,10416,8944,1089,450,1022,0,1,1,DOWN,1.0,365.0,656.0,596.0,1655.5,1080.0,1661.0,4.331
11,MOOSE,Drag,1,16,2,8,854,32,3.0,50,DOWN,624,18.0,true,3633,2238,1007,426,969,0,0,1,DOWN,1.0,451.0,727.0,568.0,1288.0,1080.0,1661.0,4.331
11,MOOSE,Drag,1,17,3,1,854,32,6.0,100,UP,143,18.0,true,17612,4609,1264,212,12791,0,1,1,UP,1.0,101.279,615.0,546.0,1357.0,1080.0,1661.0,4.331
11,MOOSE,Drag,1,18,3,2,854,32,3.0,100,DOWN,392,18.0,true,4469,3376,687,448,645,0,1,1,DOWN,1.0,347.966,703.0,462.0,1317.0,1080.0,1661.0,4.331
11,MOOSE,Drag,1,19,3,3,854,32,3.0,300,UP,438,18.0,false,10115,8721,1233,127,1267,2,1,1,UP,1.0,324.521,631.0,642.0,1373.0,1080.0,1661.0,4.331
11,MOOSE,Drag,1,20,3,3,854,32,3.0,300,UP,429,18.0,true,10257,8896,1023,379,982,0,1,1,UP,1.0,297.464,636.0,665.0,1311.0,1080.0,1661.0,4.331
11,MOOSE,Drag,1,21,3,4,854,32,6.0,200,UP,518,18.0,true,7313,5936,1008,441,936,0,1,1,DOWN,1.0,268.0,667.0,606.0,1359.0,1080.0,1661.0,4.331
11,MOOSE,Drag,1,22,3,5,854,32,6.0,300,UP,330,18.0,true,9164,7633,1057,316,1215,0,1,1,UP,1.0,317.0,675.0,634.0,1354.0,1080.0,1661.0,4.331
11,MOOSE,Drag,1,23,3,6,854,32,3.0,200,DOWN,755,18.0,true,7033,5294,1247,455,1284,0,1,1,DOWN,1.0,393.944,724.0,585.0,1378.0,1080.0,1661.0,4.331
11,MOOSE,Drag,1,24,3,7,854,32,6.0,50,DOWN,264,18.0,true,4046,2384,961,235,1427,0,1,1,DOWN,1.0,425.0,769.0,525.0,1211.0,1080.0,1661.0,4.331
11,MOOSE,Drag,1,25,3,8,854,32,3.0,50,DOWN,728,18.0,true,3473,2399,1312,333,741,0,1,1,DOWN,1.0,398.0,773.0,520.0,1232.0,1080.0,1661.0,4.331
11,MOOSE,Drag,1,26,4,1,854,32,6.0,300,DOWN,518,18.0,true,8456,6577,577,480,1399,-1,1,1,DOWN,1.0,366.0,694.0,574.0,1577.5,1080.0,1661.0,4.331
11,MOOSE,Drag,1,27,4,2,854,32,3.0,200,UP,528,18.0,true,8044,6944,1297,290,810,0,1,1,DOWN,1.0,377.0,502.0,744.0,1399.0,1080.0,1661.0,4.331
11,MOOSE,Drag,1,28,4,3,854,32,3.0,50,UP,206,18.0,true,3879,2464,865,455,960,-1,1,1,UP,1.0,493.0,546.0,672.0,1048.0,1080.0,1661.0,4.331
11,MOOSE,Drag,1,29,4,4,854,32,6.0,200,DOWN,594,18.0,true,6537,5551,1117,96,890,-1,1,1,UP,2.0,420.0,570.0,1010.0,1475.0,1080.0,1661.0,4.331
11,MOOSE,Drag,1,30,4,5,854,32,6.0,100,DOWN,409,18.0,true,3991,3556,689,392,43,1,1,1,UP,1.0,456.476,699.0,652.0,1358.0,1080.0,1661.0,4.331
11,MOOSE,Drag,1,31,4,6,854,32,3.0,300,DOWN,678,18.0,true,7759,6863,1744,221,675,0,2,1,DOWN,1.0,467.0,621.0,660.0,1431.0,1080.0,1661.0,4.331
11,MOOSE,Drag,1,32,4,7,854,32,3.0,100,UP,561,18.0,true,6103,5695,896,390,18,1,1,1,UP,1.0,443.578,662.0,699.0,1308.0,1080.0,1661.0,4.331
11,MOOSE,Drag,1,33,4,8,854,32,6.0,50,UP,661,18.0,true,3476,2128,624,498,850,0,1,1,UP,1.0,508.0,660.0,670.0,1053.0,1080.0,1661.0,4.331
11,MOOSE,iOS,1,1,1,1,854,32,3.0,50,UP,774,18.0,true,9253,6704,2705,114,2435,0,1,1,UP,1.0,238.0,458.0,643.5,1096.0,1080.0,1661.0,4.331
11,MOOSE,iOS,1,2,1,2,854,32,6.0,200,UP,299,18.0,true,19690,18528,3153,198,964,2,2,2,UP,1.0,380.618,381.0,817.0,1303.0,1080.0,1661.0,4.331
11,MOOSE,iOS,1,3,1,3,854,32,6.0,100,UP,93,18.0,true,8390,6751,2415,583,1056,0,2,1,DOWN,1.0,286.0,332.0,581.0,1328.0,1080.0,1661.0,4.331
11,MOOSE,iOS,1,4,1,4,854,32,3.0,100,UP,688,18.0,true,6730,5664,2240,209,857,0,1,1,UP,1.0,360.0,338.0,617.0,1293.0,1080.0,1661.0,4.331
11,MOOSE,iOS,1,5,1,5,854,32,6.0,50,DOWN,234,18.0,true,5104,4128,2113,158,818,-1,2,1,DOWN,1.0,464.0,517.0,558.0,1236.0,1080.0,1661.0,4.331
11,MOOSE,iOS,1,6,1,6,854,32,3.0,200,DOWN,671,18.0,true,15184,13792,1888,601,791,1,0,1,DOWN,1.0,486.0,461.0,737.0,1443.0,1080.0,1661.0,4.331
11,MOOSE,iOS,1,7,1,7,854,32,6.0,300,DOWN,581,18.0,true,8626,7392,2145,130,1104,-1,2,1,DOWN,1.0,365.0,415.0,607.467,1319.0,1080.0,1661.0,4.331
11,MOOSE,iOS,1,8,1,8,854,32,3.0,300,DOWN,686,18.0,true,7503,7396,2202,43,64,1,0,1,DOWN,1.0,366.0,398.0,546.0,1369.0,1080.0,1661.0,4.331
11,MOOSE,iOS,1,9,2,1,854,32,3.0,200,UP,127,18.0,true,10848,6432,1631,181,4235,-1,0,1,UP,1.0,310.0,220.0,654.0,1310.0,1080.0,1661.0,4.331
11,MOOSE,iOS,1,10,2,2,854,32,3.0,300,UP,363,18.0,true,11311,9776,1280,534,1001,0,2,2,UP,1.0,273.0,123.0,636.0,1313.0,1080.0,1661.0,4.331
11,MOOSE,iOS,1,11,2,3,854,32,3.0,100,DOWN,289,18.0,true,6462,5630,1930,94,738,0,1,1,DOWN,1.0,466.586,587.0,595.0,1287.0,1080.0,1661.0,4.331
11,MOOSE,iOS,1,12,2,4,854,32,6.0,100,DOWN,283,18.0,true,9917,8544,1185,711,662,2,2,2,DOWN,1.0,448.0,442.0,772.0,1347.0,1080.0,1661.0,4.331
11,MOOSE,iOS,1,13,2,5,854,32,6.0,200,DOWN,592,18.0,true,13481,10656,1776,311,2514,-1,1,2,DOWN,1.0,218.467,328.0,664.0,1432.0,1080.0,1661.0,4.331
11,MOOSE,iOS,1,14,2,6,854,32,6.0,300,UP,296,18.0,true,6716,5455,874,175,1086,-1,2,2,UP,1.0,192.0,157.0,580.0,1294.0,1080.0,1661.0,4.331
11,MOOSE,iOS,1,15,2,7,854,32,6.0,50,UP,667,18.0,true,5721,5264,2448,384,73,0,1,1,DOWN,1.0,339.0,350.0,637.0,1330.0,1080.0,1661.0,4.331
11,MOOSE,iOS,1,16,2,8,854,32,3.0,50,DOWN,681,18.0,true,4170,4075,1503,55,40,0,2,1,UP,1.0,393.0,348.5,553.0,1141.0,1080.0,1661.0,4.331
11,MOOSE,iOS,1,17,3,1,854,32,6.0,50,DOWN,217,18.0,true,7345,5888,2814,141,1316,0,2,1,UP,1.0,261.0,449.0,486.0,1173.0,1080.0,1661.0,4.331
11,MOOSE,iOS,1,18,3,2,854,32,6.0,100,DOWN,355,18.0,false,5079,3872,1134,490,717,-3,1,1,DOWN,1.0,267.0,490.0,377.0,1230.0,1080.0,1661.0,4.331
11,MOOSE,iOS,1,19,3,2,854,32,3.0,100,UP,588,18.0,true,8116,6960,2784,133,1023,0,1,1,DOWN,1.0,276.0,467.0,495.0,1237.0,1080.0,1661.0,4.331
11,MOOSE,iOS,1,20,3,3,854,32,6.0,300,DOWN,832,18.0,true,7113,6271,893,166,676,0,1,1,DOWN,1.0,320.0,520.0,451.0,1245.0,1080.0,1661.0,4.331
11,MOOSE,iOS,1,21,3,4,854,32,6.0,100,DOWN,140,18.0,true,4314,3374,1180,16,924,0,1,1,DOWN,1.0,300.0,575.0,402.0,1264.0,1080.0,1661.0,4.331
11,MOOSE,iOS,1,22,3,5,854,32,6.0,200,UP,635,18.0,true,9428,7936,1632,405,1087,-2,1,1,DOWN,1.0,230.0,500.0,494.0,1445.0,1080.0,1661.0,4.331
11,MOOSE,iOS,1,23,3,6,854,32,3.0,200,DOWN,218,18.0,true,6085,5360,1617,31,694,0,1,1,DOWN,1.0,283.0,558.0,379.453,1257.0,1080.0,1661.0,4.331
11,MOOSE,iOS,1,24,3,7,854,32,3.0,50,UP,609,18.0,true,5909,4880,2817,212,817,0,1,1,UP,1.0,257.0,508.0,444.0,1198.0,1080.0,1661.0,4.331
11,MOOSE,iOS,1,25,3,8,854,32,3.0,300,UP,478,18.0,true,6144,6082,1325,28,34,0,1,1,UP,1.0,193.0,211.0,453.0,1370.0,1080.0,1661.0,4.331
11,MOOSE,iOS,1,26,4,1,854,32,6.0,50,UP,55,18.0,true,16487,10062,703,385,6040,1,2,2,UP,1.0,207.0,446.0,603.0,1266.5,1080.0,1661.0,4.331
11,MOOSE,iOS,1,27,4,2,854,32,3.0,100,DOWN,722,18.0,true,4374,3408,1552,259,707,-1,1,1,DOWN,1.0,358.0,344.0,613.0,1160.0,1080.0,1661.0,4.331
11,MOOSE,iOS,1,28,4,3,854,32,6.0,300,UP,298,18.0,true,11289,10432,1312,189,668,1,2,2,DOWN,1.0,146.51,173.0,538.0,1559.0,1080.0,1661.0,4.331
11,MOOSE,iOS,1,29,4,4,854,32,3.0,200,UP,266,18.0,true,4916,4090,105,771,55,1,1,1,UP,1.0,362.724,429.0,566.0,1298.0,1080.0,1661.0,4.331
11,MOOSE,iOS,1,30,4,5,854,32,6.0,100,UP,593,18.0,true,8366,7360,1839,244,762,-1,1,1,UP,1.0,400.0,209.0,737.0,1245.0,1080.0,1661.0,4.331
11,MOOSE,iOS,1,31,4,6,854,32,3.0,300,DOWN,666,18.0,true,6073,5631,1402,381,61,1,0,1,UP,1.0,294.461,302.0,500.0,1327.0,1080.0,1661.0,4.331
11,MOOSE,iOS,1,32,4,7,854,32,3.0,50,DOWN,320,18.0,true,5366,4287,2287,484,595,0,1,1,DOWN,1.0,408.0,560.0,517.0,1085.0,1080.0,1661.0,4.331
11,MOOSE,iOS,1,33,4,8,854,32,6.0,200,DOWN,525,18.0,true,6305,5633,1041,58,614,1,1,1,DOWN,1.0,412.0,479.0,555.0,1267.0,1080.0,1661.0,4.331
11,MOOSE,iOS,2,1,1,1,854,32,6.0,300,UP,537,18.0,true,9371,4189,782,79,5103,1,1,1,UP,1.0,250.0,312.0,521.0,1415.0,1080.0,1661.0,4.331
11,MOOSE,iOS,2,2,1,2,854,32,3.0,50,DOWN,289,18.0,true,3508,2593,552,315,600,0,1,1,DOWN,1.0,364.49,457.0,461.0,1082.0,1080.0,1661.0,4.331
11,MOOSE,iOS,2,3,1,3,854,32,6.0,50,DOWN,720,18.0,true,4247,2848,1165,401,998,0,1,1,DOWN,1.0,319.526,443.0,400.0,1177.0,1080.0,1661.0,4.331
11,MOOSE,iOS,2,4,1,4,854,32,3.0,300,UP,244,18.0,true,9519,8319,1660,255,945,0,1,3,DOWN,1.0,349.532,269.0,559.0,1286.0,1080.0,1661.0,4.331
11,MOOSE,iOS,2,5,1,5,854,32,3.0,100,DOWN,352,18.0,true,6543,5648,1852,198,697,0,3,2,DOWN,1.0,386.0,216.0,634.5,1052.0,1080.0,1661.0,4.331
11,MOOSE,iOS,2,6,1,6,854,32,6.0,100,DOWN,581,18.0,true,5733,5025,2352,117,591,0,1,1,DOWN,1.0,452.0,327.0,619.0,1082.0,1080.0,1661.0,4.331
11,MOOSE,iOS,2,7,1,7,854,32,3.0,200,UP,523,18.0,true,11842,10719,2528,138,985,0,1,3,DOWN,1.0,433.453,232.5,670.0,1194.0,1080.0,1661.0,4.331
11,MOOSE,iOS,2,8,1,8,854,32,6.0,200,UP,48,18.0,true,5980,4944,1820,197,839,1,1,1,UP,1.0,411.0,308.0,662.0,1114.0,1080.0,1661.0,4.331
11,MOOSE,iOS,2,9,2,1,854,32,6.0,50,UP,769,18.0,true,6013,4336,1083,180,1497,0,1,1,UP,1.0,369.0,348.0,584.0,1218.0,1080.0,1661.0,4.331
11,MOOSE,iOS,2,10,2,2,854,32,6.0,300,DOWN,586,18.0,true,6774,6466,1071,276,32,0,1,1,UP,1.0,328.972,376.0,562.0,1374.0,1080.0,1661.0,4.331
11,MOOSE,iOS,2,11,2,3,854,32,6.0,200,DOWN,445,18.0,true,7344,7244,2273,61,39,-2,2,2,UP,1.0,312.555,145.0,718.0,1301.0,1080.0,1661.0,4.331
11,MOOSE,iOS,2,12,2,4,854,32,3.0,200,DOWN,291,18.0,true,6737,6593,3152,111,33,0,2,1,UP,1.0,409.47,368.0,628.0,1173.0,1080.0,1661.0,4.331
11,MOOSE,iOS,2,13,2,5,854,32,6.0,100,UP,333,18.0,true,5723,5039,1760,134,550,0,1,1,DOWN,1.0,387.42,331.0,627.0,1219.0,1080.0,1661.0,4.331
11,MOOSE,iOS,2,14,2,6,854,32,3.0,100,UP,252,18.0,false,5120,5086,1278,14,20,2,1,1,UP,1.0,427.026,307.0,679.0,1180.0,1080.0,1661.0,4.331
11,MOOSE,iOS,2,15,2,6,854,32,3.0,100,UP,583,18.0,true,6777,6033,1903,62,682,0,1,1,DOWN,1.0,421.0,326.0,626.0,1025.0,1080.0,1661.0,4.331
11,MOOSE,iOS,2,16,2,7,854,32,3.0,50,UP,445,18.0,true,6327,5552,3535,47,728,0,2,1,UP,1.0,351.0,312.0,626.0,1139.0,1080.0,1661.0,4.331
11,MOOSE,iOS,2,17,2,8,854,32,3.0,300,DOWN,709,18.0,true,6279,4816,2289,234,1229,0,1,1,DOWN,1.0,359.0,470.0,520.0,1235.0,1080.0,1661.0,4.331
11,MOOSE,iOS,2,18,3,1,854,32,6.0,200,UP,461,18.0,true,12402,9071,2097,303,3028,-1,3,3,UP,1.0,293.0,202.0,634.0,1257.0,1080.0,1661.0,4.331
11,MOOSE,iOS,2,19,3,2,854,32,6.0,300,DOWN,355,18.0,true,8671,8417,1697,200,54,1,3,1,UP,1.0,344.0,314.0,625.0,1171.0,1080.0,1661.0,4.331
11,MOOSE,iOS,2,20,3,3,854,32,6.0,50,DOWN,746,18.0,true,5632,4610,2033,88,934,-1,2,1,DOWN,1.0,450.0,393.0,605.5,1104.0,1080.0,1661.0,4.331
11,MOOSE,iOS,2,21,3,4,854,32,6.0,100,UP,199,18.0,true,8494,8274,817,170,50,0,2,2,UP,1.0,259.0,288.0,698.0,1160.0,1080.0,1661.0,4.331
11,MOOSE,iOS,2,22,3,5,854,32,3.0,50,DOWN,534,18.0,true,6635,6399,3375,174,62,0,2,1,UP,1.0,359.0,454.51,526.0,1104.0,1080.0,1661.0,4.331
11,MOOSE,iOS,2,23,3,6,854,32,3.0,100,UP,135,18.0,true,5641,4817,2046,63,761,0,2,1,DOWN,1.0,401.0,319.0,669.0,1158.0,1080.0,1661.0,4.331
11,MOOSE,iOS,2,24,3,7,854,32,3.0,200,DOWN,407,18.0,true,6712,5839,2513,148,725,0,1,1,DOWN,1.0,403.0,484.0,611.0,1309.0,1080.0,1661.0,4.331
11,MOOSE,iOS,2,25,3,8,854,32,3.0,300,UP,355,18.0,true,9425,9138,2605,254,33,0,1,2,UP,1.0,344.0,344.0,624.0,1228.0,1080.0,1661.0,4.331
11,MOOSE,iOS,2,26,4,1,854,32,3.0,50,UP,697,18.0,true,7131,5071,1793,23,2037,0,1,1,UP,1.0,342.0,238.0,715.0,1154.0,1080.0,1661.0,4.331
11,MOOSE,iOS,2,27,4,2,854,32,3.0,100,DOWN,172,18.0,true,4128,3217,784,317,594,0,1,1,DOWN,1.0,416.0,440.0,629.0,1353.0,1080.0,1661.0,4.331
11,MOOSE,iOS,2,28,4,3,854,32,6.0,100,DOWN,485,18.0,false,5301,4400,1536,90,811,3,0,1,DOWN,1.0,364.0,480.0,491.0,1164.0,1080.0,1661.0,4.331
11,MOOSE,iOS,2,29,4,3,854,32,6.0,300,UP,172,18.0,true,7833,6417,1420,431,985,-2,1,1,UP,1.0,251.418,232.0,791.0,1292.0,1080.0,1661.0,4.331
11,MOOSE,iOS,2,30,4,4,854,32,6.0,50,UP,676,18.0,true,5266,4431,1839,289,546,0,2,1,DOWN,1.0,436.418,329.0,705.0,1168.0,1080.0,1661.0,4.331
11,MOOSE,iOS,2,31,4,5,854,32,6.0,100,DOWN,295,18.0,true,4447,4355,1123,39,53,2,1,1,UP,1.0,366.0,459.0,550.0,1314.0,1080.0,1661.0,4.331
11,MOOSE,iOS,2,32,4,6,854,32,3.0,300,DOWN,446,18.0,true,3676,2624,797,7,1045,-1,1,1,DOWN,1.0,307.0,511.0,562.0,1274.0,1080.0,1661.0,4.331
11,MOOSE,iOS,2,33,4,7,854,32,3.0,200,UP,73,18.0,true,7039,6194,2242,92,753,0,2,2,DOWN,1.0,282.651,312.0,595.0,1424.0,1080.0,1661.0,4.331
11,MOOSE,iOS,2,34,4,8,854,32,6.0,200,DOWN,224,18.0,true,5748,5006,1774,137,605,0,1,2,DOWN,1.0,369.0,447.0,581.0,1341.0,1080.0,1661.0,4.331
11,MOOSE,iOS,3,1,1,1,854,32,3.0,300,DOWN,815,18.0,true,9128,7137,3009,462,1529,0,2,2,DOWN,1.0,254.0,261.0,864.0,1328.0,1080.0,1661.0,4.331
11,MOOSE,iOS,3,2,1,2,854,32,3.0,200,UP,600,18.0,true,9085,8783,3650,277,25,0,2,2,UP,1.0,219.243,79.0,559.0,1335.0,1080.0,1661.0,4.331
11,MOOSE,iOS,3,3,1,3,854,32,3.0,50,UP,48,18.0,true,5716,5385,2178,278,53,0,2,1,DOWN,1.0,358.0,5.0,544.0,953.5,1080.0,1661.0,4.331
11,MOOSE,iOS,3,4,1,4,854,32,6.0,100,DOWN,698,18.0,true,5229,3743,1521,367,1119,-2,1,1,DOWN,1.0,371.0,90.0,548.0,894.0,1080.0,1661.0,4.331
11,MOOSE,iOS,3,5,1,5,854,32,6.0,300,UP,172,18.0,true,8625,7775,1694,111,739,1,1,1,DOWN,1.0,150.216,86.0,549.0,1401.0,1080.0,1661.0,4.331
11,MOOSE,iOS,3,6,1,6,854,32,6.0,200,DOWN,596,18.0,true,4709,3919,1598,107,683,0,1,1,DOWN,1.0,315.334,313.0,459.0,1043.0,1080.0,1661.0,4.331
11,MOOSE,iOS,3,7,1,7,854,32,3.0,100,UP,239,18.0,true,5438,4543,1711,44,851,0,1,1,DOWN,1.0,263.514,265.0,548.0,1291.0,1080.0,1661.0,4.331
11,MOOSE,iOS,3,8,1,8,854,32,6.0,50,DOWN,664,18.0,true,4164,3199,1760,88,877,-1,2,1,DOWN,1.0,374.0,358.0,503.0,1036.0,1080.0,1661.0,4.331
11,MOOSE,iOS,3,9,2,1,854,32,6.0,100,UP,31,18.0,true,6810,4529,2015,72,2209,1,2,1,UP,2.0,198.454,285.0,1016.0,1362.0,1080.0,1661.0,4.331
11,MOOSE,iOS,3,10,2,2,854,32,3.0,300,UP,305,18.0,true,7743,7009,3056,15,719,0,2,1,DOWN,1.0,268.0,383.0,644.0,1499.0,1080.0,1661.0,4.331
11,MOOSE,iOS,3,11,2,3,854,32,3.0,200,DOWN,310,18.0,true,8539,7664,2895,62,813,0,2,1,DOWN,1.0,383.281,267.5,524.0,1205.0,1080.0,1661.0,4.331
11,MOOSE,iOS,3,12,2,4,854,32,3.0,100,DOWN,244,18.0,true,5860,4848,2031,293,719,0,2,1,DOWN,1.0,466.0,135.0,640.0,1085.0,1080.0,1661.0,4.331
11,MOOSE,iOS,3,13,2,5,854,32,6.0,50,UP,306,18.0,true,4190,3329,1216,263,598,-2,1,1,DOWN,1.0,515.0,239.0,664.0,1201.0,1080.0,1661.0,4.331
11,MOOSE,iOS,3,14,2,6,854,32,6.0,300,DOWN,410,18.0,true,6046,5720,896,285,41,1,1,1,UP,1.0,511.344,424.0,691.0,1105.0,1080.0,1661.0,4.331
11,MOOSE,iOS,3,15,2,7,854,32,3.0,50,DOWN,657,18.0,true,4033,3603,1378,372,58,1,1,1,UP,1.0,497.984,381.0,610.0,1142.5,1080.0,1661.0,4.331
11,MOOSE,iOS,3,16,2,8,854,32,6.0,200,UP,446,18.0,true,8136,7136,1488,39,961,0,2,2,DOWN,1.0,363.922,200.0,698.0,1435.0,1080.0,1661.0,4.331
11,MOOSE,iOS,3,17,3,1,854,32,3.0,200,DOWN,325,18.0,true,6520,4571,1799,7,1942,0,3,1,DOWN,2.0,311.0,422.0,1030.0,1415.0,1080.0,1661.0,4.331
11,MOOSE,iOS,3,18,3,2,854,32,6.0,100,DOWN,669,18.0,true,5129,4225,1761,155,749,1,1,1,DOWN,1.0,410.0,472.0,560.0,1281.0,1080.0,1661.0,4.331
11,MOOSE,iOS,3,19,3,3,854,32,6.0,50,UP,783,18.0,true,5383,4751,2365,11,621,0,2,1,DOWN,1.0,405.464,426.0,649.0,1254.0,1080.0,1661.0,4.331
11,MOOSE,iOS,3,20,3,4,854,32,6.0,200,UP,72,18.0,true,5842,4031,794,174,1637,0,1,1,UP,1.0,315.982,446.0,560.0,1331.0,1080.0,1661.0,4.331
11,MOOSE,iOS,3,21,3,5,854,32,3.0,50,UP,439,18.0,true,3051,1918,588,182,951,1,1,1,UP,1.0,368.961,589.0,517.0,1368.0,1080.0,1661.0,4.331
11,MOOSE,iOS,3,22,3,6,854,32,3.0,100,DOWN,742,18.0,false,3487,2416,525,12,1059,-10,1,1,DOWN,1.0,418.0,494.0,543.0,1321.0,1080.0,1661.0,4.331
11,MOOSE,iOS,3,23,3,6,854,32,3.0,300,UP,360,18.0,true,6041,5520,1630,330,191,1,1,1,UP,1.0,402.5,307.0,752.0,1314.0,1080.0,1661.0,4.331
11,MOOSE,iOS,3,24,3,7,854,32,6.0,300,DOWN,407,18.0,true,7255,6002,1651,337,916,-1,2,1,DOWN,1.0,400.5,393.0,686.0,1225.0,1080.0,1661.0,4.331
11,MOOSE,iOS,3,25,3,8,854,32,3.0,100,DOWN,612,18.0,true,4891,4333,879,500,58,0,2,2,UP,1.0,447.0,318.0,650.0,1108.0,1080.0,1661.0,4.331
11,MOOSE,iOS,3,26,4,1,854,32,6.0,200,DOWN,748,18.0,true,7431,5568,975,80,1783,0,1,1,DOWN,1.0,106.0,320.0,555.0,1101.0,1080.0,1661.0,4.331
11,MOOSE,iOS,3,27,4,2,854,32,3.0,50,DOWN,477,18.0,true,3267,2432,1360,15,820,0,1,1,DOWN,1.0,495.512,470.0,597.0,1091.0,1080.0,1661.0,4.331
11,MOOSE,iOS,3,28,4,3,854,32,3.0,100,UP,272,18.0,true,5264,4528,1259,3,733,0,1,1,DOWN,1.0,454.0,267.0,720.0,1338.0,1080.0,1661.0,4.331
11,MOOSE,iOS,3,29,4,4,854,32,3.0,300,DOWN,437,18.0,true,6051,5878,1434,130,43,0,2,1,UP,1.0,463.52,372.0,701.0,1147.0,1080.0,1661.0,4.331
11,MOOSE,iOS,3,30,4,5,854,32,6.0,300,UP,374,18.0,true,6844,6750,862,57,37,1,1,2,UP,1.0,385.456,256.0,779.0,1322.0,1080.0,1661.0,4.331
11,MOOSE,iOS,3,31,4,6,854,32,6.0,100,UP,604,18.0,true,5494,4064,1968,380,1050,-1,1,1,UP,1.0,458.136,264.0,815.0,1412.0,1080.0,1661.0,4.331
11,MOOSE,iOS,3,32,4,7,854,32,3.0,200,UP,353,18.0,true,7498,6641,1441,87,770,0,1,1,UP,1.0,486.867,149.0,865.0,1398.0,1080.0,1661.0,4.331
11,MOOSE,iOS,3,33,4,8,854,32,6.0,50,DOWN,523,18.0,true,4551,3664,2526,72,815,-1,2,1,DOWN,1.0,590.0,168.0,778.0,1037.0,1080.0,1661.0,4.331
11,MOOSE,iOS,4,1,1,1,854,32,3.0,200,UP,301,18.0,true,13461,7216,1629,17,6228,0,1,1,UP,1.0,237.0,344.0,1066.0,1900.0,1080.0,1661.0,4.331
11,MOOSE,iOS,4,2,1,2,854,32,3.0,100,DOWN,280,18.0,true,4927,3663,1710,174,1090,0,1,1,DOWN,1.0,530.0,256.0,715.0,1171.0,1080.0,1661.0,4.331
11,MOOSE,iOS,4,3,1,3,854,32,6.0,100,DOWN,495,18.0,true,4739,3935,1259,10,794,0,1,1,DOWN,1.0,571.0,328.0,702.0,1138.0,1080.0,1661.0,4.331
11,MOOSE,iOS,4,4,1,4,854,32,6.0,300,DOWN,565,18.0,true,8856,7823,2207,65,968,1,2,2,DOWN,1.0,456.541,122.0,951.0,1280.0,1080.0,1661.0,4.331
11,MOOSE,iOS,4,5,1,5,854,32,3.0,300,DOWN,716,18.0,true,7629,5967,1757,848,814,1,1,2,DOWN,1.0,529.0,262.0,801.0,1093.0,1080.0,1661.0,4.331
11,MOOSE,iOS,4,6,1,6,854,32,6.0,200,UP,46,18.0,true,8838,7856,1598,133,849,1,2,2,DOWN,1.0,478.466,180.0,916.0,1275.0,1080.0,1661.0,4.331
11,MOOSE,iOS,4,7,1,7,854,32,6.0,50,UP,96,18.0,true,6049,4447,1359,693,909,-2,0,1,DOWN,1.0,514.0,300.0,803.0,1123.0,1080.0,1661.0,4.331
11,MOOSE,iOS,4,8,1,8,854,32,3.0,50,UP,208,18.0,true,5322,3872,1040,544,906,0,0,1,UP,1.0,606.0,288.0,857.0,993.0,1080.0,1661.0,4.331
11,MOOSE,iOS,4,9,2,1,854,32,3.0,50,DOWN,570,18.0,true,6167,4624,2575,125,1418,-1,1,1,DOWN,1.0,395.0,468.0,622.0,1145.0,1080.0,1661.0,4.331
11,MOOSE,iOS,4,10,2,2,854,32,3.0,300,UP,330,18.0,true,6747,6641,1182,39,67,1,1,1,UP,1.0,446.558,578.0,674.0,1403.0,1080.0,1661.0,4.331
11,MOOSE,iOS,4,11,2,3,854,32,3.0,200,DOWN,638,18.0,true,4264,3184,943,187,893,0,2,1,DOWN,1.0,509.717,402.0,712.0,1242.0,1080.0,1661.0,4.331
11,MOOSE,iOS,4,12,2,4,854,32,6.0,300,UP,291,18.0,true,7623,6385,1298,248,990,0,2,2,UP,1.0,474.049,461.0,666.0,1405.0,1080.0,1661.0,4.331
11,MOOSE,iOS,4,13,2,5,854,32,6.0,100,UP,400,18.0,true,6704,6351,1263,296,57,1,2,2,UP,1.0,472.0,494.0,609.0,1421.0,1080.0,1661.0,4.331
11,MOOSE,iOS,4,14,2,6,854,32,6.0,50,DOWN,402,18.0,true,3005,2503,676,463,39,0,1,1,DOWN,1.0,542.495,549.0,641.0,1187.0,1080.0,1661.0,4.331
11,MOOSE,iOS,4,15,2,7,854,32,3.0,100,UP,215,18.0,true,3879,2640,1356,154,1085,0,1,1,UP,1.0,437.893,696.0,608.0,1389.0,1080.0,1661.0,4.331
11,MOOSE,iOS,4,16,2,8,854,32,6.0,200,DOWN,661,18.0,true,6748,5744,1679,211,793,1,1,1,DOWN,1.0,437.0,404.0,697.0,1351.0,1080.0,1661.0,4.331
11,MOOSE,iOS,4,17,3,1,854,32,6.0,200,DOWN,762,18.0,true,5525,3711,813,79,1735,2,1,1,DOWN,1.0,338.544,552.0,532.0,1465.0,1080.0,1661.0,4.331
11,MOOSE,iOS,4,18,3,2,854,32,6.0,100,DOWN,403,18.0,true,5696,4416,1520,399,881,0,1,1,DOWN,1.0,456.0,569.0,616.0,1333.0,1080.0,1661.0,4.331
11,MOOSE,iOS,4,19,3,3,854,32,6.0,300,UP,133,18.0,true,6164,6048,2559,55,61,-1,3,1,UP,1.0,260.928,655.0,618.0,1514.0,1080.0,1661.0,4.331
11,MOOSE,iOS,4,20,3,4,854,32,3.0,100,UP,681,18.0,true,3929,2385,1083,98,1446,0,1,1,UP,1.0,376.189,468.5,587.0,1420.0,1080.0,1661.0,4.331
11,MOOSE,iOS,4,21,3,5,854,32,3.0,300,DOWN,530,18.0,true,7951,7102,2240,117,732,0,2,1,DOWN,1.0,322.0,488.0,631.0,1308.0,1080.0,1661.0,4.331
11,MOOSE,iOS,4,22,3,6,854,32,3.0,50,UP,573,18.0,true,4483,4412,1740,10,61,0,1,1,UP,1.0,394.949,348.0,661.0,1359.0,1080.0,1661.0,4.331
11,MOOSE,iOS,4,23,3,7,854,32,3.0,200,UP,521,18.0,true,6014,4816,1760,106,1092,1,1,2,UP,1.0,470.0,530.0,633.0,1316.856,1080.0,1661.0,4.331
11,MOOSE,iOS,4,24,3,8,854,32,6.0,50,DOWN,251,18.0,true,3638,2160,268,469,1009,0,1,1,UP,1.0,514.0,513.0,681.0,1425.0,1080.0,1661.0,4.331
11,MOOSE,iOS,4,25,4,1,854,32,6.0,50,UP,270,18.0,true,4397,2385,1119,16,1996,0,1,1,UP,1.0,363.0,582.0,723.0,1255.0,1080.0,1661.0,4.331
11,MOOSE,iOS,4,26,4,2,854,32,6.0,100,UP,496,18.0,true,5556,4480,1099,41,1035,0,1,1,DOWN,1.0,431.0,428.0,801.0,1332.0,1080.0,1661.0,4.331
11,MOOSE,iOS,4,27,4,3,854,32,6.0,300,DOWN,338,18.0,true,8258,8199,2687,12,47,-2,1,1,UP,1.0,441.621,262.0,751.0,1246.0,1080.0,1661.0,4.331
11,MOOSE,iOS,4,28,4,4,854,32,3.0,200,DOWN,558,18.0,true,5322,4160,861,25,1137,0,1,1,DOWN,1.0,523.0,376.0,778.0,1232.0,1080.0,1661.0,4.331
11,MOOSE,iOS,4,29,4,5,854,32,6.0,200,UP,476,18.0,true,7274,6243,2431,64,967,0,3,1,UP,1.0,354.512,333.0,745.0,1407.0,1080.0,1661.0,4.331
11,MOOSE,iOS,4,30,4,6,854,32,3.0,300,UP,153,18.0,true,5231,3728,379,341,1162,0,1,1,UP,1.0,356.621,291.0,850.0,1458.0,1080.0,1661.0,4.331
11,MOOSE,iOS,4,31,4,7,854,32,3.0,100,DOWN,716,18.0,true,4306,2945,1325,296,1065,0,2,1,DOWN,1.0,438.169,539.0,554.0,1218.0,1080.0,1661.0,4.331
11,MOOSE,iOS,4,32,4,8,854,32,3.0,50,DOWN,414,18.0,true,3043,1601,798,523,919,0,1,1,DOWN,1.0,477.0,618.0,559.0,1179.0,1080.0,1661.0,4.331
11,MOOSE,Drag,2,1,1,1,854,32,3.0,100,DOWN,710,18.0,true,7564,5902,2016,156,1506,0,2,1,DOWN,1.0,206.0,569.5,557.0,1335.0,1080.0,1661.0,4.331
11,MOOSE,Drag,2,2,1,2,854,32,3.0,200,DOWN,289,18.0,true,8360,7393,1936,80,887,0,1,1,DOWN,1.0,215.0,576.0,486.0,1439.0,1080.0,1661.0,4.331
11,MOOSE,Drag,2,3,1,3,854,32,6.0,200,UP,141,18.0,true,9035,8852,2128,127,56,-1,2,1,DOWN,1.0,246.0,396.0,623.0,1506.0,1080.0,1661.0,4.331
11,MOOSE,Drag,2,4,1,4,854,32,3.0,300,UP,448,18.0,true,13063,12127,2737,135,801,0,3,1,DOWN,1.0,274.0,249.858,682.0,1269.0,1080.0,1661.0,4.331
11,MOOSE,Drag,2,5,1,5,854,32,6.0,100,DOWN,606,18.0,true,5329,4287,1983,132,910,1,2,1,DOWN,1.0,403.96,429.0,605.0,1333.0,1080.0,1661.0,4.331
11,MOOSE,Drag,2,6,1,6,854,32,6.0,300,UP,500,18.0,true,10365,10069,1360,239,57,-1,2,1,DOWN,1.0,163.488,238.0,691.0,1312.0,1080.0,1661.0,4.331
11,MOOSE,Drag,2,7,1,7,854,32,6.0,50,DOWN,74,18.0,true,4319,4163,1728,104,52,0,2,1,UP,1.0,492.0,319.0,599.0,917.0,1080.0,1661.0,4.331
11,MOOSE,Drag,2,8,1,8,854,32,3.0,50,UP,326,18.0,true,4140,3024,1536,287,829,0,2,1,UP,1.0,537.0,292.0,658.0,865.0,1080.0,1661.0,4.331
11,MOOSE,Drag,2,9,2,1,854,32,3.0,50,DOWN,107,18.0,true,4808,3151,1345,218,1439,1,2,1,UP,1.0,380.0,380.0,534.0,989.0,1080.0,1661.0,4.331
11,MOOSE,Drag,2,10,2,2,854,32,6.0,200,DOWN,234,18.0,true,7033,5857,1472,366,810,0,1,1,DOWN,1.0,262.0,384.0,553.0,1325.0,1080.0,1661.0,4.331
11,MOOSE,Drag,2,11,2,3,854,32,3.0,300,DOWN,756,18.0,true,12445,10975,1471,391,1079,0,2,1,DOWN,1.0,247.0,387.0,501.0,1489.0,1080.0,1661.0,4.331
11,MOOSE,Drag,2,12,2,4,854,32,6.0,100,UP,267,18.0,true,6637,6180,961,411,46,-1,1,1,UP,1.0,278.0,372.0,593.0,1262.0,1080.0,1661.0,4.331
11,MOOSE,Drag,2,13,2,5,854,32,3.0,200,UP,113,18.0,true,8423,7993,880,382,48,1,1,1,UP,1.0,338.0,329.5,670.0,1216.0,1080.0,1661.0,4.331
11,MOOSE,Drag,2,14,2,6,854,32,3.0,100,UP,380,18.0,true,5502,4288,1760,62,1152,0,3,1,UP,1.0,345.0,394.0,602.0,1189.0,1080.0,1661.0,4.331
11,MOOSE,Drag,2,15,2,7,854,32,6.0,50,UP,376,18.0,true,3363,2305,1040,185,873,1,1,1,UP,1.0,422.0,456.0,616.0,1096.0,1080.0,1661.0,4.331
11,MOOSE,Drag,2,16,2,8,854,32,6.0,300,DOWN,413,18.0,true,10925,10594,1857,266,65,-1,2,1,UP,1.0,212.0,425.0,621.0,1544.0,1080.0,1661.0,4.331
11,MOOSE,Drag,2,17,3,1,854,32,3.0,100,UP,135,18.0,true,6349,4592,1745,174,1583,0,1,1,DOWN,2.0,344.0,410.0,997.0,1071.0,1080.0,1661.0,4.331
11,MOOSE,Drag,2,18,3,2,854,32,6.0,50,UP,587,18.0,true,3525,2416,1008,220,889,-1,1,1,UP,1.0,507.0,468.0,666.0,1067.0,1080.0,1661.0,4.331
11,MOOSE,Drag,2,19,3,3,854,32,6.0,200,UP,256,18.0,true,7504,6305,481,382,817,-1,1,1,UP,1.0,312.0,363.0,786.0,1284.0,1080.0,1661.0,4.331
11,MOOSE,Drag,2,20,3,4,854,32,3.0,50,UP,291,18.0,true,3084,2286,991,36,762,0,1,1,UP,1.0,435.0,485.0,655.0,1189.0,1080.0,1661.0,4.331
11,MOOSE,Drag,2,21,3,5,854,32,3.0,300,DOWN,647,18.0,true,8015,6943,1056,179,893,-1,1,1,DOWN,1.0,272.0,493.0,671.0,1562.0,1080.0,1661.0,4.331
11,MOOSE,Drag,2,22,3,6,854,32,6.0,300,DOWN,495,18.0,true,8026,6512,1009,93,1421,2,1,1,DOWN,1.0,281.0,504.0,565.0,1565.0,1080.0,1661.0,4.331
11,MOOSE,Drag,2,23,3,7,854,32,3.0,200,DOWN,598,18.0,true,5838,4883,1827,150,805,-1,1,1,DOWN,1.0,373.0,547.0,627.0,1555.0,1080.0,1661.0,4.331
11,MOOSE,Drag,2,24,3,8,854,32,6.0,100,DOWN,143,18.0,true,4267,3344,1104,41,882,-1,1,1,DOWN,1.0,434.0,521.0,638.0,1362.0,1080.0,1661.0,4.331
11,MOOSE,Drag,2,25,4,1,854,32,3.0,100,DOWN,717,18.0,true,5736,5597,1232,127,12,1,2,1,UP,1.0,420.0,525.0,611.0,1516.0,1080.0,1661.0,4.331
11,MOOSE,Drag,2,26,4,2,854,32,6.0,300,UP,350,18.0,true,9976,9216,1856,176,584,-1,1,1,DOWN,1.0,240.047,295.0,720.0,1317.0,1080.0,1661.0,4.331
11,MOOSE,Drag,2,27,4,3,854,32,6.0,100,UP,593,18.0,true,6634,5296,1472,458,880,0,2,1,DOWN,1.0,425.0,296.0,659.0,1176.0,1080.0,1661.0,4.331
11,MOOSE,Drag,2,28,4,4,854,32,3.0,200,UP,329,18.0,true,7463,7279,1663,146,38,0,2,1,UP,1.0,370.875,341.0,657.0,1189.0,1080.0,1661.0,4.331
11,MOOSE,Drag,2,29,4,5,854,32,3.0,50,DOWN,313,18.0,true,3104,2096,1328,22,986,0,1,1,DOWN,1.0,425.681,328.5,564.0,1181.0,1080.0,1661.0,4.331
11,MOOSE,Drag,2,30,4,6,854,32,6.0,50,DOWN,835,18.0,true,4344,3439,1472,78,827,-1,1,1,DOWN,1.0,509.0,349.0,626.0,970.0,1080.0,1661.0,4.331
11,MOOSE,Drag,2,31,4,7,854,32,3.0,300,UP,210,18.0,true,8956,7920,2480,276,760,0,2,1,UP,1.0,321.162,222.0,702.0,1256.0,1080.0,1661.0,4.331
11,MOOSE,Drag,2,32,4,8,854,32,6.0,200,DOWN,495,18.0,true,4083,3121,784,205,757,-1,1,1,DOWN,1.0,485.912,477.0,695.0,1143.0,1080.0,1661.0,4.331
11,MOOSE,Circle3,1,1,1,1,854,32,6.0,100,UP,119,18.0,true,10972,6862,1134,624,3486,2,0,2,DOWN,1.0,354.0,717.0,556.0,901.717,1080.0,1661.0,4.331
11,MOOSE,Circle3,1,2,1,2,854,32,3.0,300,DOWN,761,18.0,true,14516,14000,4290,258,258,0,2,1,DOWN,1.0,462.971,714.854,716.0,1000.879,1080.0,1661.0,4.331
11,MOOSE,Circle3,1,3,1,3,854,32,6.0,300,UP,381,18.0,true,10839,9600,2625,511,728,1,2,1,UP,1.0,373.075,637.732,748.645,1046.0,1080.0,1661.0,4.331
11,MOOSE,Circle3,1,4,1,4,854,32,6.0,50,DOWN,208,18.0,true,14552,13663,4096,596,293,1,3,3,DOWN,1.0,510.5,869.0,632.0,1010.0,1080.0,1661.0,4.331
11,MOOSE,Circle3,1,5,1,5,854,32,3.0,200,DOWN,446,18.0,true,6119,4958,927,442,719,-1,1,1,DOWN,1.0,378.899,712.0,692.407,1110.472,1080.0,1661.0,4.331
11,MOOSE,Circle3,1,6,1,6,854,32,3.0,50,DOWN,96,18.0,true,11856,10864,5393,405,587,0,2,2,DOWN,1.0,501.005,864.754,756.0,1100.5,1080.0,1661.0,4.331
11,MOOSE,Circle3,1,7,1,7,854,32,6.0,200,UP,203,18.0,true,8596,8321,1105,190,85,0,1,1,DOWN,1.0,422.35,743.773,780.0,1124.678,1080.0,1661.0,4.331
11,MOOSE,Circle3,1,8,1,8,854,32,3.0,100,UP,281,18.0,true,12712,11921,8033,463,328,0,1,1,UP,1.0,436.0,794.659,686.0,1101.0,1080.0,1661.0,4.331
11,MOOSE,Circle3,1,9,2,1,854,32,3.0,50,UP,616,18.0,true,21629,19792,6784,70,1767,0,2,3,DOWN,1.0,376.0,725.0,769.652,1108.349,1080.0,1661.0,4.331
11,MOOSE,Circle3,1,10,2,2,854,32,6.0,100,DOWN,406,18.0,true,5232,3967,991,324,941,0,1,1,DOWN,1.0,340.184,752.275,667.718,1076.814,1080.0,1661.0,4.331
11,MOOSE,Circle3,1,11,2,3,854,32,3.0,300,UP,338,18.0,true,22344,21376,3456,98,870,1,2,1,DOWN,1.0,121.642,631.724,659.418,1214.0,1080.0,1661.0,4.331
11,MOOSE,Circle3,1,12,2,4,854,32,6.0,200,DOWN,217,18.0,true,8049,7713,1120,118,218,0,1,1,DOWN,1.0,166.651,783.242,515.07,1257.335,1080.0,1661.0,4.331
11,MOOSE,Circle3,1,13,2,5,854,32,6.0,300,DOWN,539,18.0,true,15879,14656,1679,446,777,-1,1,2,DOWN,1.0,90.631,644.267,566.0,1268.583,1080.0,1661.0,4.331
11,MOOSE,Circle3,1,14,2,6,854,32,3.0,100,DOWN,148,18.0,true,11212,10795,6865,364,53,0,2,1,UP,1.0,244.112,720.293,570.519,1175.695,1080.0,1661.0,4.331
11,MOOSE,Circle3,1,15,2,7,854,32,3.0,200,UP,163,18.0,true,12223,12012,6417,164,47,0,3,1,UP,1.0,190.599,740.854,595.0,1186.647,1080.0,1661.0,4.331
11,MOOSE,Circle3,1,16,2,8,854,32,6.0,50,UP,106,18.0,true,8046,6801,3375,397,848,1,1,2,DOWN,1.0,296.601,810.633,617.0,1219.0,1080.0,1661.0,4.331
11,MOOSE,Circle3,1,17,3,1,854,32,3.0,200,UP,280,18.0,true,10417,8639,3055,432,1346,0,1,1,UP,1.0,102.0,743.167,611.0,1124.443,1080.0,1661.0,4.331
11,MOOSE,Circle3,1,18,3,2,854,32,6.0,200,UP,481,18.0,true,7701,6656,1872,485,560,-1,1,1,DOWN,1.0,199.157,789.305,564.868,1238.594,1080.0,1661.0,4.331
11,MOOSE,Circle3,1,19,3,3,854,32,3.0,100,DOWN,387,18.0,true,7499,6400,3296,102,997,-1,1,1,UP,1.0,166.878,772.624,597.342,1206.0,1080.0,1661.0,4.331
11,MOOSE,Circle3,1,20,3,4,854,32,3.0,300,DOWN,458,18.0,true,10773,9617,2513,402,754,1,1,1,UP,1.0,183.468,775.0,568.0,1321.0,1080.0,1661.0,4.331
11,MOOSE,Circle3,1,21,3,5,854,32,6.0,50,DOWN,650,18.0,true,3635,3120,1039,438,77,0,1,1,DOWN,1.0,351.0,958.695,582.396,1242.475,1080.0,1661.0,4.331
11,MOOSE,Circle3,1,22,3,6,854,32,6.0,300,UP,118,18.0,true,11924,11373,401,508,43,-1,1,1,UP,1.0,78.0,760.729,607.0,1334.0,1080.0,1661.0,4.331
11,MOOSE,Circle3,1,23,3,7,854,32,6.0,100,UP,455,18.0,true,5137,4225,640,257,655,0,1,1,UP,1.0,178.827,963.447,451.253,1274.0,1080.0,1661.0,4.331
11,MOOSE,Circle3,1,24,3,8,854,32,3.0,50,DOWN,157,18.0,true,4687,4201,784,449,37,0,0,1,UP,1.0,252.632,987.658,481.0,1239.687,1080.0,1661.0,4.331
11,MOOSE,Circle3,1,25,4,1,854,32,6.0,300,DOWN,441,18.0,true,13732,9824,1823,557,3351,-2,2,2,UP,1.0,166.391,739.08,664.746,1127.5,1080.0,1661.0,4.331
11,MOOSE,Circle3,1,26,4,2,854,32,6.0,50,UP,273,18.0,true,3610,3145,895,408,57,-1,2,1,UP,1.0,276.298,909.662,447.0,1094.328,1080.0,1661.0,4.331
11,MOOSE,Circle3,1,27,4,3,854,32,3.0,100,UP,190,18.0,true,19277,18192,4145,483,602,0,3,2,UP,1.0,289.715,878.641,568.0,1250.0,1080.0,1661.0,4.331
11,MOOSE,Circle3,1,28,4,4,854,32,6.0,200,DOWN,786,18.0,true,5907,4656,975,113,1138,-1,1,1,DOWN,1.0,344.301,825.0,558.313,1055.0,1080.0,1661.0,4.331
11,MOOSE,Circle3,1,29,4,5,854,32,6.0,100,DOWN,433,18.0,true,5366,4368,705,420,578,-1,1,1,UP,1.0,293.008,860.0,583.649,1129.0,1080.0,1661.0,4.331
11,MOOSE,Circle3,1,30,4,6,854,32,3.0,300,UP,431,18.0,true,10435,9423,2608,435,577,0,2,2,DOWN,1.0,312.298,838.638,630.1,1228.667,1080.0,1661.0,4.331
11,MOOSE,Circle3,1,31,4,7,854,32,3.0,200,DOWN,762,18.0,true,9440,8687,2751,559,194,0,1,1,DOWN,1.0,270.159,820.0,606.36,1215.0,1080.0,1661.0,4.331
11,MOOSE,Circle3,1,32,4,8,854,32,3.0,50,UP,372,18.0,true,8802,8129,1728,627,46,-1,0,1,DOWN,1.0,352.0,915.205,619.51,1225.0,1080.0,1661.0,4.331
11,MOOSE,Circle3,2,1,1,1,854,32,3.0,300,DOWN,711,18.0,true,29750,26065,4129,512,3173,0,1,1,DOWN,1.0,74.514,544.132,594.578,1198.276,1080.0,1661.0,4.331
11,MOOSE,Circle3,2,2,1,2,854,32,3.0,200,DOWN,787,18.0,true,6743,5554,1010,723,466,0,1,1,DOWN,1.0,241.722,800.713,514.0,1180.0,1080.0,1661.0,4.331
11,MOOSE,Circle3,2,3,1,3,854,32,6.0,200,UP,490,18.0,true,10882,9630,2976,632,620,-2,2,1,DOWN,1.0,181.98,769.931,496.0,1164.267,1080.0,1661.0,4.331
11,MOOSE,Circle3,2,4,1,4,854,32,6.0,300,DOWN,632,18.0,true,13474,12607,6703,387,480,1,4,1,DOWN,1.0,169.974,661.0,536.0,1147.107,1080.0,1661.0,4.331
11,MOOSE,Circle3,2,5,1,5,854,32,6.0,100,UP,147,18.0,true,4742,3777,577,395,570,1,1,1,UP,1.0,266.377,765.394,489.604,1027.825,1080.0,1661.0,4.331
11,MOOSE,Circle3,2,6,1,6,854,32,6.0,50,DOWN,194,18.0,true,3962,3216,2065,240,506,-1,1,1,UP,1.0,300.0,775.682,500.392,1005.0,1080.0,1661.0,4.331
11,MOOSE,Circle3,2,7,1,7,854,32,3.0,50,UP,29,18.0,true,11956,10688,7215,549,719,0,1,1,DOWN,1.0,198.0,828.0,486.355,1111.5,1080.0,1661.0,4.331
11,MOOSE,Circle3,2,8,1,8,854,32,3.0,100,UP,301,18.0,true,11734,10783,7183,323,628,0,2,1,DOWN,1.0,187.0,851.0,465.0,1273.0,1080.0,1661.0,4.331
11,MOOSE,Circle3,2,9,2,1,854,32,6.0,100,DOWN,605,18.0,true,22481,20463,1088,426,1592,-1,5,4,DOWN,1.0,255.0,700.0,532.0,1270.5,1080.0,1661.0,4.331
11,MOOSE,Circle3,2,10,2,2,854,32,3.0,300,UP,321,18.0,true,20560,20273,11585,73,214,0,3,1,DOWN,1.0,184.18,852.0,506.0,1220.0,1080.0,1661.0,4.331
11,MOOSE,Circle3,2,11,2,3,854,32,3.0,50,DOWN,290,18.0,true,3342,2288,1376,276,778,-1,1,1,DOWN,1.0,222.0,861.0,469.297,1096.0,1080.0,1661.0,4.331
11,MOOSE,Circle3,2,12,2,4,854,32,6.0,50,UP,230,18.0,true,4230,3921,1248,218,91,2,1,1,DOWN,1.0,236.0,825.316,477.34,1072.696,1080.0,1661.0,4.331
11,MOOSE,Circle3,2,13,2,5,854,32,6.0,200,DOWN,512,18.0,true,5244,5009,1072,100,135,-2,1,1,UP,1.0,188.708,870.651,482.0,1166.91,1080.0,1661.0,4.331
11,MOOSE,Circle3,2,14,2,6,854,32,3.0,200,UP,595,18.0,true,9615,9327,3023,40,248,0,2,1,DOWN,1.0,229.714,751.0,579.127,1200.344,1080.0,1661.0,4.331
11,MOOSE,Circle3,2,15,2,7,854,32,3.0,100,DOWN,283,18.0,false,6131,5824,1585,111,196,-2,1,1,DOWN,1.0,309.64,838.388,565.91,1181.074,1080.0,1661.0,4.331
11,MOOSE,Circle3,2,16,2,7,854,32,6.0,300,UP,204,18.0,true,11669,10768,608,293,608,0,1,1,DOWN,1.0,180.727,824.249,633.313,1362.893,1080.0,1661.0,4.331
11,MOOSE,Circle3,2,17,2,8,854,32,3.0,100,DOWN,127,18.0,true,5119,4671,2159,121,327,1,2,1,DOWN,1.0,167.135,963.9,473.89,1320.704,1080.0,1661.0,4.331
11,MOOSE,Circle3,2,18,3,1,854,32,6.0,100,DOWN,741,18.0,true,4648,2465,592,119,2064,-2,1,1,UP,1.0,157.542,613.622,510.0,1284.0,1080.0,1661.0,4.331
11,MOOSE,Circle3,2,19,3,2,854,32,3.0,300,UP,199,18.0,true,17876,17426,3167,420,30,0,4,3,UP,1.0,48.676,725.052,514.0,1218.0,1080.0,1661.0,4.331
11,MOOSE,Circle3,2,20,3,3,854,32,6.0,50,DOWN,605,18.0,true,4421,4161,1040,48,212,-1,1,1,DOWN,1.0,132.369,856.0,446.841,1205.66,1080.0,1661.0,4.331
11,MOOSE,Circle3,2,21,3,4,854,32,3.0,200,UP,235,18.0,true,5708,5034,874,565,109,-1,0,1,DOWN,1.0,56.0,857.354,396.0,1245.094,1080.0,1661.0,4.331
11,MOOSE,Circle3,2,22,3,5,854,32,6.0,300,UP,302,18.0,true,19067,18511,9039,235,321,0,2,1,UP,1.0,99.965,852.746,600.648,1365.298,1080.0,1661.0,4.331
11,MOOSE,Circle3,2,23,3,6,854,32,3.0,50,UP,587,18.0,true,9695,9154,2290,118,423,1,2,2,UP,1.0,265.056,1173.636,503.0,1415.982,1080.0,1661.0,4.331
11,MOOSE,Circle3,2,24,3,7,854,32,6.0,200,DOWN,501,18.0,true,6391,5040,671,381,970,0,1,1,DOWN,1.0,194.672,970.296,534.032,1428.092,1080.0,1661.0,4.331
11,MOOSE,Circle3,2,25,3,8,854,32,3.0,100,DOWN,833,18.0,true,7243,6337,2847,488,418,1,2,1,UP,1.0,198.891,952.298,498.08,1325.353,1080.0,1661.0,4.331
11,MOOSE,Circle3,2,26,4,1,854,32,3.0,300,DOWN,821,18.0,true,10496,8000,3552,135,2361,0,2,1,DOWN,1.0,135.921,692.0,553.117,1237.838,1080.0,1661.0,4.331
11,MOOSE,Circle3,2,27,4,2,854,32,6.0,100,UP,557,18.0,true,8943,8702,528,206,35,1,2,2,UP,1.0,186.353,914.101,546.956,1307.667,1080.0,1661.0,4.331
11,MOOSE,Circle3,2,28,4,3,854,32,6.0,200,UP,538,18.0,true,7045,6439,529,558,48,1,1,1,UP,1.0,115.018,973.644,455.306,1355.742,1080.0,1661.0,4.331
11,MOOSE,Circle3,2,29,4,4,854,32,6.0,50,UP,639,18.0,true,4419,2977,1985,478,964,2,1,1,DOWN,1.0,233.633,1071.381,448.336,1349.819,1080.0,1661.0,4.331
11,MOOSE,Circle3,2,30,4,5,854,32,6.0,300,DOWN,351,18.0,true,7910,7296,1103,223,391,0,1,1,UP,1.0,111.516,923.886,532.126,1392.704,1080.0,1661.0,4.331
11,MOOSE,Circle3,2,31,4,6,854,32,3.0,200,DOWN,387,18.0,false,5450,4943,1264,159,348,-3,1,1,DOWN,1.0,134.818,958.402,480.811,1439.859,1080.0,1661.0,4.331
11,MOOSE,Circle3,2,32,4,6,854,32,3.0,50,DOWN,400,18.0,false,9558,9250,7846,223,85,2,4,1,UP,1.0,197.754,1050.367,532.0,1337.78,1080.0,1661.0,4.331
11,MOOSE,Circle3,2,33,4,6,854,32,3.0,200,DOWN,271,18.0,true,14564,14180,6385,328,56,0,3,2,UP,1.0,76.194,945.0,549.0,1477.76,1080.0,1661.0,4.331
11,MOOSE,Circle3,2,34,4,7,854,32,3.0,50,DOWN,189,18.0,true,6103,5215,2768,271,617,1,2,1,UP,1.0,208.0,1033.988,520.341,1370.368,1080.0,1661.0,4.331
11,MOOSE,Circle3,2,35,4,8,854,32,3.0,100,UP,301,18.0,true,16909,16481,8591,380,48,0,4,2,UP,1.0,123.889,954.029,536.277,1409.0,1080.0,1661.0,4.331
11,MOOSE,Circle3,3,1,1,1,854,32,6.0,100,DOWN,456,18.0,true,7512,3759,973,613,3140,-1,1,1,DOWN,1.0,93.243,674.307,402.0,1023.0,1080.0,1661.0,4.331
11,MOOSE,Circle3,3,2,1,2,854,32,3.0,50,DOWN,192,18.0,true,4082,3560,830,349,173,0,1,1,UP,1.0,141.227,659.381,402.414,922.175,1080.0,1661.0,4.331
11,MOOSE,Circle3,3,3,1,3,854,32,3.0,100,DOWN,375,18.0,true,4804,4337,976,133,334,1,1,1,DOWN,1.0,136.271,681.0,451.0,1019.032,1080.0,1661.0,4.331
11,MOOSE,Circle3,3,4,1,4,854,32,6.0,50,UP,584,18.0,true,10246,9585,1999,427,234,0,2,3,DOWN,1.0,205.187,738.0,542.657,1058.166,1080.0,1661.0,4.331
11,MOOSE,Circle3,3,5,1,5,854,32,6.0,300,UP,487,18.0,true,16855,16113,2544,353,389,1,2,1,UP,1.0,190.338,709.723,561.504,1197.666,1080.0,1661.0,4.331
11,MOOSE,Circle3,3,6,1,6,854,32,3.0,200,UP,473,18.0,true,8856,7344,1697,1080,432,-1,1,1,DOWN,1.0,148.11,815.628,486.128,1254.0,1080.0,1661.0,4.331
11,MOOSE,Circle3,3,7,1,7,854,32,6.0,200,UP,550,18.0,true,8105,7057,1858,427,621,0,1,1,UP,1.0,66.169,852.0,439.509,1296.729,1080.0,1661.0,4.331
11,MOOSE,Circle3,3,8,1,8,854,32,3.0,300,DOWN,529,18.0,true,12859,12449,1913,198,212,0,1,1,UP,1.0,17.511,802.604,446.5,1257.431,1080.0,1661.0,4.331
11,MOOSE,Circle3,3,9,2,1,854,32,3.0,50,UP,411,18.0,true,8394,6447,1680,484,1463,0,1,1,DOWN,1.0,49.0,701.0,478.0,1203.646,1080.0,1661.0,4.331
11,MOOSE,Circle3,3,10,2,2,854,32,3.0,300,UP,22,18.0,false,8864,8065,530,253,546,2,1,1,UP,1.0,3.355,886.665,493.0,1308.33,1080.0,1661.0,4.331
11,MOOSE,Circle3,3,11,2,2,854,32,6.0,100,UP,402,18.0,true,6090,5178,481,454,458,0,1,1,UP,1.0,147.445,931.872,454.35,1358.692,1080.0,1661.0,4.331
11,MOOSE,Circle3,3,12,2,3,854,32,6.0,200,DOWN,782,18.0,true,14298,13968,3040,122,208,2,3,1,UP,1.0,0.0,816.653,467.82,1366.445,1080.0,1661.0,4.331
11,MOOSE,Circle3,3,13,2,4,854,32,3.0,100,UP,640,18.0,true,4910,4258,1666,237,415,0,1,1,UP,1.0,98.0,933.062,439.575,1295.261,1080.0,1661.0,4.331
11,MOOSE,Circle3,3,14,2,5,854,32,6.0,300,DOWN,565,18.0,true,15126,14271,3344,438,417,2,2,1,UP,1.0,0.0,926.567,414.0,1475.956,1080.0,1661.0,4.331
11,MOOSE,Circle3,3,15,2,6,854,32,3.0,200,DOWN,659,18.0,false,10886,10594,657,213,79,-5,1,1,UP,1.0,47.674,862.0,517.433,1428.6,1080.0,1661.0,4.331
11,MOOSE,Circle3,3,16,2,6,854,32,3.0,300,UP,345,18.0,true,22295,21489,5889,170,636,0,3,2,DOWN,1.0,23.241,827.865,425.0,1319.556,1080.0,1661.0,4.331
11,MOOSE,Circle3,3,17,2,7,854,32,6.0,50,DOWN,605,18.0,true,3939,3168,1489,73,698,-1,3,2,DOWN,1.0,171.014,976.661,383.0,1238.681,1080.0,1661.0,4.331
11,MOOSE,Circle3,3,18,2,8,854,32,3.0,200,DOWN,229,18.0,true,16910,16385,303,434,91,0,3,2,UP,1.0,84.0,834.96,496.664,1285.012,1080.0,1661.0,4.331
11,MOOSE,Circle3,3,19,3,1,854,32,6.0,200,UP,426,18.0,false,14426,12048,3631,184,2194,14,1,1,DOWN,1.0,124.733,668.0,666.613,1203.61,1080.0,1661.0,4.331
11,MOOSE,Circle3,3,20,3,1,854,32,6.0,50,UP,233,18.0,true,4038,2753,960,713,572,1,1,1,UP,1.0,151.304,814.687,484.699,1236.443,1080.0,1661.0,4.331
11,MOOSE,Circle3,3,21,3,2,854,32,3.0,50,DOWN,301,18.0,true,11453,10593,4897,419,441,-1,4,2,UP,1.0,72.0,796.622,485.0,1213.0,1080.0,1661.0,4.331
11,MOOSE,Circle3,3,22,3,3,854,32,6.0,100,DOWN,726,18.0,true,4655,3729,1489,432,494,0,2,1,DOWN,1.0,84.949,811.93,385.981,1238.0,1080.0,1661.0,4.331
11,MOOSE,Circle3,3,23,3,4,854,32,3.0,100,DOWN,446,18.0,true,19126,18129,3537,326,671,0,4,3,DOWN,1.0,75.318,835.442,487.5,1273.205,1080.0,1661.0,4.331
11,MOOSE,Circle3,3,24,3,5,854,32,6.0,200,UP,190,18.0,true,10219,9376,2017,211,632,0,2,1,DOWN,1.0,58.0,812.076,495.665,1259.547,1080.0,1661.0,4.331
11,MOOSE,Circle3,3,25,3,6,854,32,3.0,200,UP,55,18.0,true,8037,7637,2384,370,30,0,1,1,UP,1.0,77.0,844.097,480.227,1315.349,1080.0,1661.0,4.331
11,MOOSE,Circle3,3,26,3,7,854,32,3.0,300,UP,132,18.0,true,27312,26272,6017,539,501,0,3,3,UP,1.0,26.0,833.424,535.0,1308.42,1080.0,1661.0,4.331
11,MOOSE,Circle3,3,27,3,8,854,32,6.0,300,DOWN,600,18.0,true,9774,8703,2113,484,587,0,1,1,UP,1.0,98.0,794.709,583.666,1300.792,1080.0,1661.0,4.331
11,MOOSE,Circle3,3,28,4,1,854,32,6.0,200,DOWN,281,18.0,true,6955,5119,1312,204,1632,0,1,1,DOWN,1.0,188.941,704.0,528.0,1153.821,1080.0,1661.0,4.331
11,MOOSE,Circle3,3,29,4,2,854,32,3.0,300,DOWN,833,18.0,true,10061,9088,2417,468,505,-1,1,1,UP,1.0,97.919,828.152,465.796,1254.601,1080.0,1661.0,4.331
11,MOOSE,Circle3,3,30,4,3,854,32,6.0,50,DOWN,722,18.0,true,7833,6832,6177,571,430,0,3,1,DOWN,1.0,176.0,992.345,364.662,1224.339,1080.0,1661.0,4.331
11,MOOSE,Circle3,3,31,4,4,854,32,3.0,100,UP,454,18.0,true,7579,6818,4354,284,477,0,3,1,UP,1.0,272.822,926.42,443.091,1176.0,1080.0,1661.0,4.331
11,MOOSE,Circle3,3,32,4,5,854,32,6.0,300,UP,265,18.0,true,10896,9806,1679,581,509,-2,0,1,DOWN,1.0,207.388,844.472,526.773,1301.724,1080.0,1661.0,4.331
11,MOOSE,Circle3,3,33,4,6,854,32,6.0,100,UP,159,18.0,true,2922,2319,544,166,437,0,1,1,UP,1.0,258.313,1013.077,483.293,1351.181,1080.0,1661.0,4.331
11,MOOSE,Circle3,3,34,4,7,854,32,3.0,50,UP,241,18.0,true,5501,4416,2609,601,484,-1,1,2,UP,1.0,245.0,1055.661,459.5,1310.317,1080.0,1661.0,4.331
11,MOOSE,Circle3,3,35,4,8,854,32,3.0,200,DOWN,457,18.0,true,7851,6721,1936,434,696,0,1,1,DOWN,1.0,182.167,977.413,489.799,1389.884,1080.0,1661.0,4.331
11,MOOSE,Circle3,4,1,1,1,854,32,6.0,300,DOWN,585,18.0,true,15036,7632,1201,167,7237,1,1,1,DOWN,1.0,123.0,639.0,472.729,1050.515,1080.0,1661.0,4.331
11,MOOSE,Circle3,4,2,1,2,854,32,6.0,200,DOWN,692,18.0,true,5831,5345,1600,50,436,0,1,1,DOWN,1.0,23.928,702.224,499.391,1175.958,1080.0,1661.0,4.331
11,MOOSE,Circle3,4,3,1,3,854,32,6.0,100,UP,233,18.0,true,5526,4977,1328,414,135,-1,1,1,DOWN,1.0,134.664,804.343,554.606,1194.0,1080.0,1661.0,4.331
11,MOOSE,Circle3,4,4,1,4,854,32,3.0,300,UP,99,18.0,true,7264,6447,912,166,651,1,1,1,UP,1.0,90.311,881.711,477.129,1270.306,1080.0,1661.0,4.331
11,MOOSE,Circle3,4,5,1,5,854,32,3.0,100,DOWN,514,18.0,true,9403,8575,1552,331,497,0,1,1,UP,1.0,207.661,788.0,580.364,1206.263,1080.0,1661.0,4.331
11,MOOSE,Circle3,4,6,1,6,854,32,6.0,50,UP,687,18.0,true,4183,3680,688,275,228,0,1,1,DOWN,1.0,262.579,821.547,521.0,1049.71,1080.0,1661.0,4.331
11,MOOSE,Circle3,4,7,1,7,854,32,3.0,200,DOWN,701,18.0,true,12745,11585,1409,474,686,-1,1,2,UP,1.0,84.0,787.996,467.697,1187.425,1080.0,1661.0,4.331
11,MOOSE,Circle3,4,8,1,8,854,32,3.0,50,UP,135,18.0,true,4232,3343,1263,395,494,-1,1,1,DOWN,1.0,140.0,844.703,355.632,1126.0,1080.0,1661.0,4.331
11,MOOSE,Circle3,4,9,2,1,854,32,6.0,300,UP,32,18.0,true,11781,9551,1615,219,2011,-2,2,1,DOWN,1.0,125.354,675.625,586.114,1226.531,1080.0,1661.0,4.331
11,MOOSE,Circle3,4,10,2,2,854,32,3.0,300,DOWN,336,18.0,true,7216,6654,1088,212,350,1,1,1,DOWN,1.0,184.345,878.643,501.0,1387.359,1080.0,1661.0,4.331
11,MOOSE,Circle3,4,11,2,3,854,32,6.0,50,DOWN,802,18.0,true,3350,2832,286,450,68,0,1,1,UP,1.0,275.367,1045.64,480.29,1308.0,1080.0,1661.0,4.331
11,MOOSE,Circle3,4,12,2,4,854,32,6.0,100,DOWN,654,18.0,true,6892,6225,1505,362,305,-1,1,1,DOWN,1.0,196.0,853.0,528.0,1360.646,1080.0,1661.0,4.331
11,MOOSE,Circle3,4,13,2,5,854,32,3.0,100,UP,393,18.0,true,7836,6864,1520,853,119,1,1,1,DOWN,1.0,195.352,920.065,532.669,1246.667,1080.0,1661.0,4.331
11,MOOSE,Circle3,4,14,2,6,854,32,3.0,200,UP,43,18.0,true,7529,6287,336,475,767,0,0,1,DOWN,1.0,201.707,899.469,583.63,1326.912,1080.0,1661.0,4.331
11,MOOSE,Circle3,4,15,2,7,854,32,3.0,50,DOWN,369,18.0,false,3450,2766,2032,116,568,2,0,1,UP,1.0,297.271,1066.203,497.0,1308.397,1080.0,1661.0,4.331
11,MOOSE,Circle3,4,16,2,7,854,32,3.0,50,DOWN,797,18.0,true,4899,4127,3120,567,205,1,3,1,DOWN,1.0,283.0,1056.747,530.111,1327.024,1080.0,1661.0,4.331
11,MOOSE,Circle3,4,17,2,8,854,32,6.0,200,UP,487,18.0,true,7430,6479,1407,418,533,-2,1,1,DOWN,1.0,241.873,884.446,600.583,1309.644,1080.0,1661.0,4.331
11,MOOSE,Circle3,4,18,3,1,854,32,6.0,200,DOWN,479,18.0,true,5660,4241,1105,182,1237,-1,1,1,UP,1.0,211.259,667.0,587.0,1148.324,1080.0,1661.0,4.331
11,MOOSE,Circle3,4,19,3,2,854,32,3.0,200,DOWN,831,18.0,true,12869,12240,1568,146,483,0,2,2,UP,1.0,201.284,913.232,560.0,1330.858,1080.0,1661.0,4.331
11,MOOSE,Circle3,4,20,3,3,854,32,3.0,100,UP,493,18.0,true,6611,5904,1169,201,506,0,2,2,DOWN,1.0,305.981,920.357,558.0,1221.722,1080.0,1661.0,4.331
11,MOOSE,Circle3,4,21,3,4,854,32,3.0,50,UP,630,18.0,true,5545,4817,1807,291,437,0,2,1,DOWN,1.0,379.0,933.353,606.364,1176.332,1080.0,1661.0,4.331
11,MOOSE,Circle3,4,22,3,5,854,32,6.0,50,UP,644,18.0,true,3907,3377,1505,140,390,-1,2,1,DOWN,1.0,430.675,947.0,619.278,1169.0,1080.0,1661.0,4.331
11,MOOSE,Circle3,4,23,3,6,854,32,6.0,100,DOWN,830,18.0,true,4775,4433,1136,63,279,2,1,1,UP,1.0,370.476,911.132,637.57,1251.644,1080.0,1661.0,4.331
11,MOOSE,Circle3,4,24,3,7,854,32,6.0,300,DOWN,780,18.0,true,11440,11000,1217,386,54,0,1,1,UP,1.0,205.454,868.382,573.225,1496.661,1080.0,1661.0,4.331
11,MOOSE,Circle3,4,25,3,8,854,32,3.0,300,UP,316,18.0,true,10245,9745,2177,432,68,0,1,1,DOWN,1.0,196.501,948.757,672.0,1451.273,1080.0,1661.0,4.331
11,MOOSE,Circle3,4,26,4,1,854,32,6.0,50,DOWN,507,18.0,true,7626,3713,1280,198,3715,0,1,1,DOWN,1.0,65.0,699.0,539.0,1546.0,1080.0,1661.0,4.331
11,MOOSE,Circle3,4,27,4,2,854,32,6.0,100,UP,61,18.0,true,5222,5059,1633,134,29,1,2,1,UP,1.0,218.686,859.707,588.656,1216.314,1080.0,1661.0,4.331
11,MOOSE,Circle3,4,28,4,3,854,32,6.0,200,UP,492,18.0,true,6980,6031,1264,365,584,-1,1,1,DOWN,1.0,198.078,884.397,684.348,1317.655,1080.0,1661.0,4.331
11,MOOSE,Circle3,4,29,4,4,854,32,3.0,200,UP,471,18.0,true,9311,8481,3313,187,643,1,1,1,UP,1.0,320.702,961.847,666.732,1318.0,1080.0,1661.0,4.331
11,MOOSE,Circle3,4,30,4,5,854,32,3.0,50,DOWN,552,18.0,true,17541,16896,2912,218,427,0,3,5,UP,1.0,315.454,945.917,670.357,1395.0,1080.0,1661.0,4.331
11,MOOSE,Circle3,4,31,4,6,854,32,3.0,300,DOWN,650,18.0,true,7159,6248,1128,712,199,0,1,1,UP,1.0,296.103,955.417,636.23,1490.001,1080.0,1661.0,4.331
11,MOOSE,Circle3,4,32,4,7,854,32,3.0,100,DOWN,666,18.0,true,4357,3697,1250,145,515,1,1,1,DOWN,1.0,332.918,934.104,639.714,1370.069,1080.0,1661.0,4.331
11,MOOSE,Circle3,4,33,4,8,854,32,6.0,300,UP,201,18.0,true,11312,10175,992,941,196,0,1,1,UP,1.0,43.307,810.671,669.0,1463.358,1080.0,1661.0,4.331
11,MOOSE,Drag,3,1,1,1,854,32,3.0,300,UP,256,18.0,true,14499,11057,1793,1445,1997,0,2,1,DOWN,1.0,194.481,372.0,1042.0,1742.0,1080.0,1661.0,4.331
11,MOOSE,Drag,3,2,1,2,854,32,6.0,100,DOWN,409,18.0,true,21073,20305,1824,99,669,2,1,1,DOWN,1.0,188.51,540.0,456.29,1350.5,1080.0,1661.0,4.331
11,MOOSE,Drag,3,3,1,3,854,32,6.0,200,DOWN,593,18.0,true,8241,7328,1201,333,580,-1,1,1,DOWN,1.0,139.0,713.0,372.0,1618.0,1080.0,1661.0,4.331
11,MOOSE,Drag,3,4,1,4,854,32,3.0,200,UP,448,18.0,true,9755,9295,1488,33,427,0,1,1,UP,1.0,238.0,462.5,477.0,1304.0,1080.0,1661.0,4.331
11,MOOSE,Drag,3,5,1,5,854,32,6.0,50,UP,604,18.0,true,4734,3774,1088,303,657,-1,1,1,DOWN,1.0,287.0,584.5,431.194,1171.0,1080.0,1661.0,4.331
11,MOOSE,Drag,3,6,1,6,854,32,3.0,50,UP,131,18.0,true,6029,5492,2559,484,53,0,1,1,UP,1.0,293.0,619.0,445.0,1086.0,1080.0,1661.0,4.331
11,MOOSE,Drag,3,7,1,7,854,32,3.0,100,DOWN,687,18.0,true,5229,3791,656,369,1069,0,1,1,DOWN,1.0,239.0,595.0,368.0,1305.0,1080.0,1661.0,4.331
11,MOOSE,Drag,3,8,1,8,854,32,6.0,300,DOWN,719,18.0,true,13293,11872,2496,117,1304,1,1,1,UP,1.0,93.0,591.0,384.0,1565.5,1080.0,1661.0,4.331
11,MOOSE,Drag,3,9,2,1,854,32,3.0,100,UP,48,18.0,true,7480,5791,1631,350,1339,0,2,1,DOWN,1.0,393.461,550.0,704.0,1172.0,1080.0,1661.0,4.331
11,MOOSE,Drag,3,10,2,2,854,32,3.0,200,DOWN,315,18.0,true,7270,7217,1600,11,42,1,2,1,DOWN,1.0,296.0,566.0,600.0,1473.0,1080.0,1661.0,4.331
11,MOOSE,Drag,3,11,2,3,854,32,3.0,300,DOWN,419,18.0,true,9422,9258,3472,117,47,0,2,1,UP,1.0,179.559,572.0,476.0,1614.0,1080.0,1661.0,4.331
11,MOOSE,Drag,3,12,2,4,854,32,6.0,50,DOWN,508,18.0,true,4318,3600,1088,212,506,-1,2,1,DOWN,1.0,310.0,679.0,438.0,1250.0,1080.0,1661.0,4.331
11,MOOSE,Drag,3,13,2,5,854,32,6.0,100,UP,111,18.0,true,6606,5648,447,459,499,1,1,1,DOWN,1.0,353.0,564.0,539.0,1259.0,1080.0,1661.0,4.331
11,MOOSE,Drag,3,14,2,6,854,32,3.0,50,DOWN,669,18.0,true,5046,3839,2607,458,749,0,1,1,DOWN,1.0,423.0,654.524,578.292,1231.0,1080.0,1661.0,4.331
11,MOOSE,Drag,3,15,2,7,854,32,6.0,200,UP,546,18.0,true,10666,9183,1920,271,1212,-1,1,1,UP,1.0,276.0,526.0,604.0,1312.0,1080.0,1661.0,4.331
11,MOOSE,Drag,3,16,2,8,854,32,6.0,300,UP,140,18.0,true,15863,15428,1232,393,42,0,1,1,UP,1.0,186.882,428.0,629.0,1456.0,1080.0,1661.0,4.331
11,MOOSE,Drag,3,17,3,1,854,32,3.0,300,DOWN,561,18.0,true,12595,10528,2800,108,1959,0,3,1,DOWN,1.0,233.922,460.0,485.0,1519.0,1080.0,1661.0,4.331
11,MOOSE,Drag,3,18,3,2,854,32,6.0,50,DOWN,64,18.0,true,3642,2703,1279,295,644,0,1,1,DOWN,1.0,442.0,495.0,527.0,1054.5,1080.0,1661.0,4.331
11,MOOSE,Drag,3,19,3,3,854,32,6.0,300,UP,458,18.0,true,13274,12970,1520,253,51,-1,1,1,DOWN,1.0,351.0,318.0,643.0,1135.0,1080.0,1661.0,4.331
11,MOOSE,Drag,3,20,3,4,854,32,3.0,50,UP,471,18.0,true,5458,5096,2143,305,57,0,1,1,UP,1.0,485.0,299.0,649.0,931.0,1080.0,1661.0,4.331
11,MOOSE,Drag,3,21,3,5,854,32,3.0,200,DOWN,323,18.0,true,7568,7299,1921,233,36,0,1,1,UP,1.0,466.0,366.0,625.0,1163.5,1080.0,1661.0,4.331
11,MOOSE,Drag,3,22,3,6,854,32,3.0,100,DOWN,483,18.0,true,3713,2672,320,442,599,1,0,1,DOWN,1.0,517.0,384.0,615.0,1000.0,1080.0,1661.0,4.331
11,MOOSE,Drag,3,23,3,7,854,32,6.0,200,UP,160,18.0,true,8655,7600,1103,149,906,1,1,1,DOWN,1.0,507.0,276.0,734.0,1056.0,1080.0,1661.0,4.331
11,MOOSE,Drag,3,24,3,8,854,32,6.0,100,UP,103,18.0,true,4839,4031,1232,89,719,0,1,1,DOWN,1.0,577.0,257.0,796.0,929.0,1080.0,1661.0,4.331
11,MOOSE,Drag,3,25,4,1,854,32,3.0,300,UP,368,18.0,true,13893,10912,849,159,2822,0,1,1,DOWN,1.0,367.0,265.0,687.0,1112.0,1080.0,1661.0,4.331
11,MOOSE,Drag,3,26,4,2,854,32,6.0,300,DOWN,619,18.0,true,8043,7280,1391,174,589,1,2,1,DOWN,1.0,349.956,418.0,620.0,1345.0,1080.0,1661.0,4.331
11,MOOSE,Drag,3,27,4,3,854,32,6.0,50,UP,513,18.0,true,4567,4129,1448,47,391,0,1,1,DOWN,1.0,386.453,383.0,580.0,1117.0,1080.0,1661.0,4.331
11,MOOSE,Drag,3,28,4,4,854,32,3.0,50,DOWN,594,18.0,true,2911,2304,1296,140,467,0,1,1,DOWN,1.0,436.468,447.0,510.0,1064.0,1080.0,1661.0,4.331
11,MOOSE,Drag,3,29,4,5,854,32,6.0,200,DOWN,357,18.0,true,5573,4961,785,67,545,-2,1,1,UP,1.0,353.0,450.0,553.0,1323.5,1080.0,1661.0,4.331
11,MOOSE,Drag,3,30,4,6,854,32,3.0,100,UP,558,18.0,true,5217,4992,1615,146,79,-1,1,1,UP,1.0,363.0,469.0,534.0,1161.0,1080.0,1661.0,4.331
11,MOOSE,Drag,3,31,4,7,854,32,3.0,200,UP,423,18.0,true,8452,7376,1232,430,646,1,1,1,DOWN,1.0,285.793,307.0,621.0,1090.0,1080.0,1661.0,4.331
11,MOOSE,Drag,3,32,4,8,854,32,6.0,100,DOWN,775,18.0,true,3881,2849,913,158,874,-1,1,1,DOWN,1.0,451.524,363.0,584.0,1248.0,1080.0,1661.0,4.331
11,MOOSE,Drag,4,1,1,1,854,32,6.0,200,DOWN,808,18.0,true,13306,7855,2144,209,5242,1,2,1,DOWN,1.0,203.54,516.0,525.305,1423.0,1080.0,1661.0,4.331
11,MOOSE,Drag,4,2,1,2,854,32,6.0,100,DOWN,241,18.0,true,5408,4353,1616,158,897,-1,1,1,DOWN,1.0,349.5,616.0,522.0,1287.0,1080.0,1661.0,4.331
11,MOOSE,Drag,4,3,1,3,854,32,6.0,50,UP,558,18.0,true,5248,3986,1649,247,1015,0,1,1,UP,1.0,415.0,665.0,547.0,1118.0,1080.0,1661.0,4.331
11,MOOSE,Drag,4,4,1,4,854,32,3.0,50,DOWN,470,18.0,true,4020,3104,1856,212,704,0,3,1,DOWN,1.0,360.0,604.0,526.0,1258.0,1080.0,1661.0,4.331
11,MOOSE,Drag,4,5,1,5,854,32,3.0,300,UP,15,18.0,true,12883,12100,1632,721,62,-1,0,1,DOWN,1.0,307.0,361.0,630.0,1215.0,1080.0,1661.0,4.331
11,MOOSE,Drag,4,6,1,6,854,32,6.0,300,UP,255,18.0,true,10844,9584,1003,83,1177,0,1,1,UP,1.0,238.535,307.0,773.0,1274.0,1080.0,1661.0,4.331
11,MOOSE,Drag,4,7,1,7,854,32,3.0,200,DOWN,287,18.0,true,6568,5488,1344,348,732,-1,2,1,DOWN,1.0,420.881,585.0,613.0,1376.0,1080.0,1661.0,4.331
11,MOOSE,Drag,4,8,1,8,854,32,3.0,100,UP,476,18.0,true,5935,5613,1823,267,55,0,1,1,UP,1.0,494.349,394.673,654.0,1311.0,1080.0,1661.0,4.331
11,MOOSE,Drag,4,9,2,1,854,32,6.0,200,UP,619,18.0,true,8754,6800,1233,447,1507,1,1,1,DOWN,1.0,273.0,346.0,669.0,1133.0,1080.0,1661.0,4.331
11,MOOSE,Drag,4,10,2,2,854,32,6.0,300,DOWN,815,18.0,true,5464,4911,1264,41,512,0,1,1,DOWN,1.0,387.382,512.0,525.0,1374.0,1080.0,1661.0,4.331
11,MOOSE,Drag,4,11,2,3,854,32,6.0,100,UP,644,18.0,true,3625,3394,544,179,52,1,1,1,UP,1.0,459.0,508.0,668.0,1218.0,1080.0,1661.0,4.331
11,MOOSE,Drag,4,12,2,4,854,32,3.0,200,UP,450,18.0,true,6949,6239,1311,209,501,1,1,1,DOWN,1.0,506.516,440.0,746.0,1414.0,1080.0,1661.0,4.331
11,MOOSE,Drag,4,13,2,5,854,32,3.0,50,UP,559,18.0,true,4832,4641,1936,127,64,0,2,1,UP,1.0,572.0,458.0,745.0,1207.0,1080.0,1661.0,4.331
11,MOOSE,Drag,4,14,2,6,854,32,3.0,100,DOWN,769,18.0,true,6717,5487,1968,291,939,0,2,1,DOWN,1.0,481.0,547.0,681.0,1371.0,1080.0,1661.0,4.331
11,MOOSE,Drag,4,15,2,7,854,32,6.0,50,DOWN,302,18.0,true,3181,3051,1105,69,61,-1,1,1,UP,1.0,546.0,566.0,637.0,1214.0,1080.0,1661.0,4.331
11,MOOSE,Drag,4,16,2,8,854,32,3.0,300,DOWN,338,18.0,true,8895,7826,1730,298,771,0,2,1,DOWN,2.0,448.493,273.0,1055.0,1421.0,1080.0,1661.0,4.331
11,MOOSE,Drag,4,17,3,1,854,32,6.0,300,UP,246,18.0,true,11571,9201,2369,635,1735,-2,0,1,DOWN,1.0,212.0,402.659,791.0,1321.0,1080.0,1661.0,4.331
11,MOOSE,Drag,4,18,3,2,854,32,3.0,200,UP,551,18.0,true,7782,6785,1744,75,922,0,2,1,UP,1.0,593.377,424.0,836.0,1311.0,1080.0,1661.0,4.331
11,MOOSE,Drag,4,19,3,3,854,32,3.0,50,DOWN,243,18.0,true,6685,5727,1648,157,801,0,1,1,DOWN,1.0,510.0,477.0,767.0,1190.0,1080.0,1661.0,4.331
11,MOOSE,Drag,4,20,3,4,854,32,6.0,100,UP,455,18.0,true,5460,4864,1968,25,571,-1,2,1,UP,1.0,518.488,488.0,683.0,1247.0,1080.0,1661.0,4.331
11,MOOSE,Drag,4,21,3,5,854,32,3.0,100,DOWN,193,18.0,true,4232,4029,1166,171,32,0,1,1,UP,1.0,593.969,572.0,708.0,1306.0,1080.0,1661.0,4.331
11,MOOSE,Drag,4,22,3,6,854,32,3.0,300,DOWN,626,18.0,true,12151,11263,1696,344,544,0,2,1,UP,1.0,347.477,450.0,743.0,1622.0,1080.0,1661.0,4.331
11,MOOSE,Drag,4,23,3,7,854,32,6.0,200,DOWN,638,18.0,true,6721,6015,448,239,467,-2,1,1,DOWN,1.0,391.51,449.0,572.0,1574.0,1080.0,1661.0,4.331
11,MOOSE,Drag,4,24,3,8,854,32,6.0,50,UP,35,18.0,true,3277,3077,976,145,55,1,1,1,UP,1.0,425.0,586.0,551.0,1313.0,1080.0,1661.0,4.331
11,MOOSE,Drag,4,25,4,1,854,32,3.0,50,UP,755,18.0,true,4790,3423,1360,68,1299,0,1,1,UP,1.0,348.0,97.0,1048.0,1083.0,1080.0,1661.0,4.331
11,MOOSE,Drag,4,26,4,2,854,32,6.0,50,DOWN,524,18.0,true,2540,1841,736,221,478,1,1,1,DOWN,1.0,542.062,441.0,653.0,1205.0,1080.0,1661.0,4.331
11,MOOSE,Drag,4,27,4,3,854,32,3.0,100,UP,296,18.0,true,7325,6947,2639,329,49,0,3,1,DOWN,1.0,500.519,304.0,708.0,1202.0,1080.0,1661.0,4.331
11,MOOSE,Drag,4,28,4,4,854,32,3.0,300,UP,317,18.0,true,10850,10514,1905,289,47,0,1,1,UP,1.0,470.477,188.0,816.0,1295.0,1080.0,1661.0,4.331
11,MOOSE,Drag,4,29,4,5,854,32,3.0,200,DOWN,235,18.0,true,8922,8256,1473,182,484,0,2,1,UP,1.0,460.972,100.0,1046.0,1504.0,1080.0,1661.0,4.331
11,MOOSE,Drag,4,30,4,6,854,32,6.0,100,DOWN,662,18.0,true,4231,3928,816,240,63,0,1,1,UP,1.0,533.477,466.0,643.0,1193.0,1080.0,1661.0,4.331
11,MOOSE,Drag,4,31,4,7,854,32,6.0,300,DOWN,784,18.0,true,10482,10357,1730,79,46,-2,2,1,UP,1.0,422.659,361.0,720.0,1555.0,1080.0,1661.0,4.331
11,MOOSE,Drag,4,32,4,8,854,32,6.0,200,UP,44,18.0,true,13215,12543,992,61,611,0,1,1,DOWN,1.0,331.489,227.0,1050.0,1427.0,1080.0,1661.0,4.331
11,MOOSE,Rubbing,1,1,1,1,854,32,6.0,300,UP,345,18.0,true,15783,9616,679,816,5351,-2,0,1,UP,1.0,336.0,88.0,814.0,1077.0,1080.0,1661.0,4.331
11,MOOSE,Rubbing,1,2,1,2,854,32,3.0,200,DOWN,415,18.0,true,5223,3681,-1,743,799,1,0,1,DOWN,1.0,540.874,89.5,801.0,1144.0,1080.0,1661.0,4.331
11,MOOSE,Rubbing,1,3,1,3,854,32,3.0,50,UP,774,18.0,true,8925,8033,3680,44,848,0,3,2,UP,1.0,565.0,216.669,732.5,1142.0,1080.0,1661.0,4.331
11,MOOSE,Rubbing,1,4,1,4,854,32,6.0,100,DOWN,674,18.0,true,5126,4144,560,61,921,2,1,1,DOWN,1.0,584.0,292.0,708.647,965.0,1080.0,1661.0,4.331
11,MOOSE,Rubbing,1,5,1,5,854,32,6.0,200,DOWN,703,18.0,true,8835,8690,2744,75,70,-2,1,1,UP,1.0,551.0,307.5,700.0,1038.5,1080.0,1661.0,4.331
11,MOOSE,Rubbing,1,6,1,6,854,32,3.0,100,UP,15,18.0,true,10049,8320,2799,305,1424,-1,0,2,UP,1.0,545.446,119.0,815.5,1061.0,1080.0,1661.0,4.331
11,MOOSE,Rubbing,1,7,1,7,854,32,3.0,300,DOWN,715,18.0,false,9240,8289,3889,91,860,2,1,1,DOWN,1.0,501.443,210.0,761.0,1062.956,1080.0,1661.0,4.331
11,MOOSE,Rubbing,1,8,1,7,854,32,6.0,50,UP,697,18.0,true,10805,9920,1553,20,865,1,1,1,DOWN,1.0,570.0,69.0,844.0,1114.0,1080.0,1661.0,4.331
11,MOOSE,Rubbing,1,9,1,8,854,32,3.0,300,DOWN,502,18.0,true,7032,6472,480,520,40,-1,1,1,UP,1.0,580.36,411.0,694.0,1117.5,1080.0,1661.0,4.331
11,MOOSE,Rubbing,1,10,2,1,854,32,3.0,100,DOWN,476,18.0,true,11963,7777,5504,46,4140,0,2,1,DOWN,2.0,250.0,228.0,1003.0,1121.0,1080.0,1661.0,4.331
11,MOOSE,Rubbing,1,11,2,2,854,32,3.0,200,UP,528,18.0,true,12489,11311,1919,425,753,0,2,1,DOWN,1.0,418.0,431.0,613.0,1115.0,1080.0,1661.0,4.331
11,MOOSE,Rubbing,1,12,2,3,854,32,6.0,300,DOWN,738,18.0,true,8676,7537,1968,154,985,2,1,1,DOWN,1.0,451.0,538.0,654.0,1419.962,1080.0,1661.0,4.331
11,MOOSE,Rubbing,1,13,2,4,854,32,6.0,50,DOWN,670,18.0,true,6037,5023,1838,172,842,-1,1,1,DOWN,1.0,435.304,390.0,639.0,1447.0,1080.0,1661.0,4.331
11,MOOSE,Rubbing,1,14,2,5,854,32,3.0,50,DOWN,228,18.0,true,6659,5920,864,686,53,-1,1,1,UP,1.0,455.279,385.0,680.0,1447.0,1080.0,1661.0,4.331
11,MOOSE,Rubbing,1,15,2,6,854,32,6.0,200,UP,472,18.0,true,6320,5472,575,371,477,1,1,1,DOWN,1.0,459.0,649.0,551.344,1321.0,1080.0,1661.0,4.331
11,MOOSE,Rubbing,1,16,2,7,854,32,3.0,300,UP,63,18.0,true,10049,9248,1121,109,692,0,1,3,DOWN,1.0,474.0,553.0,585.0,1427.0,1080.0,1661.0,4.331
11,MOOSE,Rubbing,1,17,2,8,854,32,6.0,100,UP,572,18.0,true,5021,3488,736,326,1207,-2,0,1,UP,1.0,493.0,226.0,654.0,1207.0,1080.0,1661.0,4.331
11,MOOSE,Rubbing,1,18,3,1,854,32,6.0,50,UP,712,18.0,true,5985,3791,2494,159,2035,1,2,1,UP,1.0,429.0,387.0,599.0,1039.5,1080.0,1661.0,4.331
11,MOOSE,Rubbing,1,19,3,2,854,32,3.0,300,DOWN,661,18.0,true,7561,6592,2176,32,937,0,1,1,DOWN,1.0,473.298,442.0,653.0,1423.0,1080.0,1661.0,4.331
11,MOOSE,Rubbing,1,20,3,3,854,32,3.0,50,DOWN,136,18.0,true,4744,4405,1567,290,49,0,1,1,UP,1.0,458.64,605.0,556.0,1302.0,1080.0,1661.0,4.331
11,MOOSE,Rubbing,1,21,3,4,854,32,6.0,300,DOWN,546,18.0,true,13859,12704,4097,1104,51,-2,1,2,UP,1.0,480.443,535.0,633.0,1326.265,1080.0,1661.0,4.331
11,MOOSE,Rubbing,1,22,3,5,854,32,3.0,200,UP,538,18.0,true,8380,7233,1920,205,942,0,1,1,UP,1.0,516.0,420.5,652.347,1246.0,1080.0,1661.0,4.331
11,MOOSE,Rubbing,1,23,3,6,854,32,6.0,200,UP,525,18.0,true,7220,5984,1665,82,1154,0,1,1,UP,1.0,522.0,401.0,719.0,1227.0,1080.0,1661.0,4.331
11,MOOSE,Rubbing,1,24,3,7,854,32,6.0,100,DOWN,452,18.0,true,3359,2878,305,435,46,-1,1,1,UP,1.0,576.852,260.0,770.0,1078.5,1080.0,1661.0,4.331
11,MOOSE,Rubbing,1,25,3,8,854,32,3.0,100,UP,429,18.0,true,5703,4623,2367,355,725,-1,0,1,UP,1.0,584.544,122.5,799.5,1264.0,1080.0,1661.0,4.331
11,MOOSE,Rubbing,1,26,4,1,854,32,3.0,300,UP,139,18.0,true,13260,10896,3009,433,1931,0,3,2,UP,1.0,382.0,381.0,722.346,1290.5,1080.0,1661.0,4.331
11,MOOSE,Rubbing,1,27,4,2,854,32,6.0,50,DOWN,101,18.0,true,10659,10077,272,533,49,-2,1,1,UP,1.0,465.456,460.415,674.0,1455.0,1080.0,1661.0,4.331
11,MOOSE,Rubbing,1,28,4,3,854,32,6.0,300,UP,264,18.0,true,5629,4367,1136,152,1110,0,1,1,UP,1.0,540.0,592.5,709.0,1187.0,1080.0,1661.0,4.331
11,MOOSE,Rubbing,1,29,4,4,854,32,6.0,100,UP,102,18.0,true,3414,2240,911,256,918,-1,1,1,UP,1.0,571.0,731.0,677.0,1277.0,1080.0,1661.0,4.331
11,MOOSE,Rubbing,1,30,4,5,854,32,3.0,50,UP,696,18.0,true,2971,1616,239,379,976,-1,0,1,UP,1.0,637.427,730.0,673.5,1181.0,1080.0,1661.0,4.331
11,MOOSE,Rubbing,1,31,4,6,854,32,3.0,100,DOWN,811,18.0,true,13271,12304,2528,114,853,0,2,2,UP,1.0,582.66,411.0,799.0,1404.0,1080.0,1661.0,4.331
11,MOOSE,Rubbing,1,32,4,7,854,32,6.0,200,DOWN,284,18.0,true,8047,7648,1408,342,57,1,1,1,DOWN,1.0,563.696,398.0,794.0,1358.0,1080.0,1661.0,4.331
11,MOOSE,Rubbing,1,33,4,8,854,32,3.0,200,DOWN,449,18.0,true,10704,10485,2193,173,46,0,1,2,DOWN,1.0,587.0,428.0,776.0,1133.5,1080.0,1661.0,4.331
11,MOOSE,Rubbing,2,1,1,1,854,32,6.0,200,DOWN,434,18.0,false,10413,5361,1106,351,4701,-13,0,1,DOWN,1.0,268.0,694.0,991.0,1197.0,1080.0,1661.0,4.331
11,MOOSE,Rubbing,2,2,1,1,854,32,3.0,200,UP,299,18.0,true,8636,7713,3248,137,786,0,1,1,UP,1.0,429.357,650.0,567.268,1098.0,1080.0,1661.0,4.331
11,MOOSE,Rubbing,2,3,1,2,854,32,3.0,300,DOWN,833,18.0,true,8809,7952,2127,235,622,0,0,1,DOWN,1.0,427.307,380.0,589.0,1101.0,1080.0,1661.0,4.331
11,MOOSE,Rubbing,2,4,1,3,854,32,6.0,300,DOWN,826,18.0,true,6551,6370,1889,119,62,-1,2,1,UP,1.0,471.288,301.0,649.0,1131.0,1080.0,1661.0,4.331
11,MOOSE,Rubbing,2,5,1,4,854,32,6.0,200,DOWN,653,18.0,true,5711,5454,1472,215,42,-1,2,1,UP,1.0,478.0,484.0,606.0,1105.0,1080.0,1661.0,4.331
11,MOOSE,Rubbing,2,6,1,5,854,32,6.0,100,UP,475,18.0,true,4772,3632,127,583,557,1,1,1,DOWN,1.0,519.279,519.0,589.0,1189.0,1080.0,1661.0,4.331
11,MOOSE,Rubbing,2,7,1,6,854,32,6.0,50,UP,239,18.0,true,7124,5937,1311,313,874,0,2,2,UP,1.0,456.0,588.0,586.0,1344.0,1080.0,1661.0,4.331
11,MOOSE,Rubbing,2,8,1,7,854,32,3.0,100,UP,720,18.0,true,5069,4800,2048,214,55,0,1,1,DOWN,1.0,437.0,333.0,600.0,1330.0,1080.0,1661.0,4.331
11,MOOSE,Rubbing,2,9,1,8,854,32,3.0,50,DOWN,405,18.0,true,5049,4960,2960,58,31,0,1,1,UP,1.0,479.0,469.0,624.0,1087.0,1080.0,1661.0,4.331
11,MOOSE,Rubbing,2,10,2,1,854,32,6.0,200,UP,402,18.0,false,7682,5937,912,62,1683,3,1,1,UP,1.0,394.0,547.0,635.0,1243.0,1080.0,1661.0,4.331
11,MOOSE,Rubbing,2,11,2,1,854,32,3.0,50,UP,439,18.0,true,5439,3345,1088,31,2063,0,1,1,UP,1.0,564.0,408.0,697.0,1000.0,1080.0,1661.0,4.331
11,MOOSE,Rubbing,2,12,2,2,854,32,6.0,200,UP,191,18.0,true,9891,9809,641,29,53,0,1,1,UP,1.0,548.533,689.5,671.0,1339.0,1080.0,1661.0,4.331
11,MOOSE,Rubbing,2,13,2,3,854,32,6.0,300,UP,411,18.0,true,5546,4576,1759,93,877,0,1,1,UP,1.0,558.0,728.5,643.268,1256.0,1080.0,1661.0,4.331
11,MOOSE,Rubbing,2,14,2,4,854,32,3.0,300,UP,432,18.0,true,16493,16144,4271,258,91,0,1,2,DOWN,1.0,238.0,194.5,656.0,1234.0,1080.0,1661.0,4.331
11,MOOSE,Rubbing,2,15,2,5,854,32,3.0,100,DOWN,808,18.0,true,9248,9100,1776,112,36,0,1,1,DOWN,1.0,420.707,318.0,621.0,1262.0,1080.0,1661.0,4.331
11,MOOSE,Rubbing,2,16,2,6,854,32,6.0,50,DOWN,420,18.0,true,5402,5343,1664,8,51,1,1,1,UP,1.0,404.0,623.0,574.0,1434.0,1080.0,1661.0,4.331
11,MOOSE,Rubbing,2,17,2,7,854,32,3.0,200,DOWN,824,18.0,true,6253,5200,3634,70,983,1,1,1,DOWN,1.0,433.5,531.279,569.0,1345.5,1080.0,1661.0,4.331
11,MOOSE,Rubbing,2,18,2,8,854,32,6.0,100,DOWN,792,18.0,true,4549,3504,1745,76,969,-1,2,1,DOWN,1.0,474.0,438.0,586.0,1169.0,1080.0,1661.0,4.331
11,MOOSE,Rubbing,2,19,3,1,854,32,6.0,200,DOWN,287,18.0,true,10471,8527,1678,183,1761,-1,2,2,DOWN,1.0,397.0,215.5,648.5,1316.105,1080.0,1661.0,4.331
11,MOOSE,Rubbing,2,20,3,2,854,32,6.0,50,DOWN,368,18.0,true,4928,4017,2497,225,686,-1,1,1,DOWN,1.0,422.5,404.0,626.0,1359.5,1080.0,1661.0,4.331
11,MOOSE,Rubbing,2,21,3,3,854,32,3.0,100,DOWN,700,18.0,true,7082,6769,2416,250,63,-1,1,1,UP,2.0,409.0,285.0,790.0,1552.5,1080.0,1661.0,4.331
11,MOOSE,Rubbing,2,22,3,4,854,32,3.0,200,UP,212,18.0,true,8419,8049,4639,323,47,0,1,1,UP,1.0,439.291,857.0,504.414,1393.329,1080.0,1661.0,4.331
11,MOOSE,Rubbing,2,23,3,5,854,32,3.0,300,UP,320,18.0,true,6378,4767,112,654,957,1,0,1,UP,2.0,447.397,168.0,928.0,1401.0,1080.0,1661.0,4.331
11,MOOSE,Rubbing,2,24,3,6,854,32,6.0,300,UP,536,18.0,true,7913,6976,3023,117,820,0,2,1,UP,1.0,494.0,966.858,590.464,1557.5,1080.0,1661.0,4.331
11,MOOSE,Rubbing,2,25,3,7,854,32,6.0,100,UP,697,18.0,true,3285,2113,1281,225,947,1,2,1,UP,1.0,488.0,1062.5,536.526,1596.5,1080.0,1661.0,4.331
11,MOOSE,Rubbing,2,26,3,8,854,32,3.0,50,DOWN,419,18.0,true,8032,6848,2495,75,1109,0,1,1,DOWN,1.0,490.544,676.0,599.0,1630.0,1080.0,1661.0,4.331
11,MOOSE,Rubbing,2,27,4,1,854,32,3.0,200,DOWN,291,18.0,true,11284,7920,1200,321,3043,-1,0,1,DOWN,1.0,226.669,505.0,387.479,1443.0,1080.0,1661.0,4.331
11,MOOSE,Rubbing,2,28,4,2,854,32,6.0,300,DOWN,774,18.0,true,7159,6961,3938,44,154,2,1,1,UP,1.0,303.0,270.0,544.0,1352.274,1080.0,1661.0,4.331
11,MOOSE,Rubbing,2,29,4,3,854,32,6.0,200,UP,119,18.0,true,8512,8343,1136,126,43,0,2,1,UP,2.0,344.0,112.0,903.0,1357.0,1080.0,1661.0,4.331
11,MOOSE,Rubbing,2,30,4,4,854,32,3.0,50,UP,582,18.0,true,3231,2466,209,697,68,0,0,1,UP,1.0,388.0,757.5,431.0,1402.0,1080.0,1661.0,4.331
11,MOOSE,Rubbing,2,31,4,5,854,32,3.0,100,UP,307,18.0,true,4219,3088,321,516,615,0,0,1,DOWN,1.0,415.574,679.5,482.421,1341.0,1080.0,1661.0,4.331
11,MOOSE,Rubbing,2,32,4,6,854,32,6.0,100,DOWN,360,18.0,true,4347,3056,705,195,1096,-1,1,1,DOWN,1.0,396.0,728.0,473.0,1249.5,1080.0,1661.0,4.331
11,MOOSE,Rubbing,2,33,4,7,854,32,3.0,300,DOWN,815,18.0,true,6876,4848,400,667,1361,1,0,2,DOWN,1.0,381.137,609.5,520.0,1342.5,1080.0,1661.0,4.331
11,MOOSE,Rubbing,2,34,4,8,854,32,6.0,50,UP,442,18.0,true,3560,2593,993,4,963,-1,1,1,UP,1.0,485.0,646.0,528.5,1296.0,1080.0,1661.0,4.331
11,MOOSE,Rubbing,3,1,1,1,854,32,3.0,100,UP,82,18.0,true,8424,4545,1488,460,3419,0,1,1,DOWN,1.0,98.0,566.0,1063.0,1919.0,1080.0,1661.0,4.331
11,MOOSE,Rubbing,3,2,1,2,854,32,3.0,50,DOWN,134,18.0,true,9780,8992,0,587,201,0,1,1,DOWN,1.0,286.359,463.0,471.0,1457.0,1080.0,1661.0,4.331
11,MOOSE,Rubbing,3,3,1,3,854,32,6.0,200,DOWN,345,18.0,true,5413,4112,1871,345,956,-1,1,1,DOWN,1.0,392.0,494.0,483.0,1458.5,1080.0,1661.0,4.331
11,MOOSE,Rubbing,3,4,1,4,854,32,3.0,300,DOWN,613,18.0,true,10898,9375,1775,284,1239,0,1,2,UP,1.0,417.818,501.5,529.0,1281.0,1080.0,1661.0,4.331
11,MOOSE,Rubbing,3,5,1,5,854,32,6.0,50,UP,571,18.0,true,4113,3856,1232,232,25,-2,0,1,DOWN,1.0,444.331,824.504,514.0,1378.0,1080.0,1661.0,4.331
11,MOOSE,Rubbing,3,6,1,6,854,32,6.0,100,UP,287,18.0,true,14860,14640,1712,85,135,2,3,3,UP,1.0,446.946,450.0,595.0,1341.0,1080.0,1661.0,4.331
11,MOOSE,Rubbing,3,7,1,7,854,32,3.0,200,UP,231,18.0,true,6081,4209,1024,491,1381,0,0,1,UP,1.0,473.0,644.0,547.0,1160.0,1080.0,1661.0,4.331
11,MOOSE,Rubbing,3,8,1,8,854,32,6.0,300,DOWN,314,18.0,false,6041,5039,1038,246,756,-3,1,1,DOWN,1.0,513.295,434.0,603.0,1046.5,1080.0,1661.0,4.331
11,MOOSE,Rubbing,3,9,1,8,854,32,6.0,300,DOWN,326,18.0,true,4837,3921,0,654,262,-1,0,1,UP,1.0,471.744,492.0,603.0,1142.0,1080.0,1661.0,4.331
11,MOOSE,Rubbing,3,10,2,1,854,32,3.0,200,DOWN,806,18.0,false,4884,2095,0,590,2199,-4,0,1,DOWN,1.0,381.0,665.0,567.5,1323.0,1080.0,1661.0,4.331
11,MOOSE,Rubbing,3,11,2,1,854,32,3.0,300,UP,60,18.0,true,7157,6097,2560,232,828,0,1,1,DOWN,1.0,477.0,721.647,604.0,1280.0,1080.0,1661.0,4.331
11,MOOSE,Rubbing,3,12,2,2,854,32,6.0,100,DOWN,403,18.0,true,8043,6896,2272,277,870,1,1,1,DOWN,1.0,453.307,715.0,616.0,1414.0,1080.0,1661.0,4.331
11,MOOSE,Rubbing,3,13,2,3,854,32,6.0,50,DOWN,646,18.0,true,3875,2576,1281,357,942,1,1,1,DOWN,1.0,454.712,804.0,526.0,1417.5,1080.0,1661.0,4.331
11,MOOSE,Rubbing,3,14,2,4,854,32,3.0,50,UP,713,18.0,true,3108,2271,1377,109,728,1,0,1,UP,2.0,486.424,428.0,894.0,1456.0,1080.0,1661.0,4.331
11,MOOSE,Rubbing,3,15,2,5,854,32,3.0,200,DOWN,467,18.0,true,5239,4897,1360,273,69,0,2,1,DOWN,1.0,497.436,706.0,592.0,1279.0,1080.0,1661.0,4.331
11,MOOSE,Rubbing,3,16,2,6,854,32,6.0,300,UP,296,18.0,true,8421,8303,1440,73,45,2,2,1,UP,1.0,483.609,820.0,595.5,1340.0,1080.0,1661.0,4.331
11,MOOSE,Rubbing,3,17,2,7,854,32,6.0,200,UP,559,18.0,true,3940,3056,319,818,66,-2,0,1,UP,1.0,486.09,885.5,591.0,1446.5,1080.0,1661.0,4.331
11,MOOSE,Rubbing,3,18,2,8,854,32,3.0,100,DOWN,626,18.0,true,4127,3057,1153,299,771,1,0,1,DOWN,1.0,535.0,675.0,632.0,1199.0,1080.0,1661.0,4.331
11,MOOSE,Rubbing,3,19,3,1,854,32,6.0,50,UP,52,18.0,true,3815,2078,928,200,1537,-2,1,1,UP,1.0,285.0,740.0,503.0,1248.0,1080.0,1661.0,4.331
11,MOOSE,Rubbing,3,20,3,2,854,32,6.0,200,UP,191,18.0,true,3975,3418,130,512,45,0,0,1,UP,1.0,438.0,880.501,525.499,1367.0,1080.0,1661.0,4.331
11,MOOSE,Rubbing,3,21,3,3,854,32,6.0,100,DOWN,458,18.0,true,7253,6254,1234,303,696,0,1,2,DOWN,1.0,422.0,741.5,551.0,1400.5,1080.0,1661.0,4.331
11,MOOSE,Rubbing,3,22,3,4,854,32,3.0,50,DOWN,673,18.0,true,16707,16352,8335,13,342,0,1,2,UP,1.0,393.0,603.0,614.0,1568.5,1080.0,1661.0,4.331
11,MOOSE,Rubbing,3,23,3,5,854,32,3.0,100,UP,400,18.0,true,6340,6192,2240,75,73,1,1,1,UP,1.0,436.0,693.0,540.0,1535.0,1080.0,1661.0,4.331
11,MOOSE,Rubbing,3,24,3,6,854,32,3.0,200,DOWN,669,18.0,true,6843,5904,3072,260,679,0,1,1,DOWN,1.0,455.0,610.0,609.0,1358.348,1080.0,1661.0,4.331
11,MOOSE,Rubbing,3,25,3,7,854,32,3.0,300,DOWN,452,18.0,true,4892,4324,143,529,39,0,0,1,UP,1.0,465.982,607.0,637.0,1134.5,1080.0,1661.0,4.331
11,MOOSE,Rubbing,3,26,3,8,854,32,6.0,300,UP,157,18.0,true,5029,4512,192,482,35,0,1,1,DOWN,1.0,460.345,682.0,603.0,1375.0,1080.0,1661.0,4.331
11,MOOSE,Rubbing,3,27,4,1,854,32,6.0,300,DOWN,558,18.0,true,8175,6881,2976,48,1246,-1,2,1,UP,1.0,256.0,715.0,570.0,1299.5,1080.0,1661.0,4.331
11,MOOSE,Rubbing,3,28,4,2,854,32,6.0,50,DOWN,260,18.0,true,3412,1967,366,678,767,2,0,1,DOWN,1.0,472.0,723.0,559.0,1132.364,1080.0,1661.0,4.331
11,MOOSE,Rubbing,3,29,4,3,854,32,6.0,100,UP,97,18.0,true,6231,5296,2161,324,611,-1,1,1,UP,1.0,459.0,697.5,537.0,1340.0,1080.0,1661.0,4.331
11,MOOSE,Rubbing,3,30,4,4,854,32,3.0,100,DOWN,159,18.0,true,4526,3360,1008,389,777,-1,0,1,DOWN,1.0,489.708,687.0,598.0,1113.5,1080.0,1661.0,4.331
11,MOOSE,Rubbing,3,31,4,5,854,32,3.0,50,UP,663,18.0,true,4255,2463,1184,732,1060,-1,0,1,UP,1.0,513.0,918.5,545.5,1322.0,1080.0,1661.0,4.331
11,MOOSE,Rubbing,3,32,4,6,854,32,6.0,200,DOWN,729,18.0,true,5123,3857,1600,406,860,-2,1,1,DOWN,1.0,540.0,560.0,683.5,1123.5,1080.0,1661.0,4.331
11,MOOSE,Rubbing,3,33,4,7,854,32,3.0,200,UP,192,18.0,true,4949,3874,1617,78,997,0,1,1,UP,1.0,553.38,549.0,636.5,1152.0,1080.0,1661.0,4.331
11,MOOSE,Rubbing,3,34,4,8,854,32,3.0,300,UP,496,18.0,false,9735,9473,2367,216,46,-4,1,2,UP,1.0,504.341,526.0,641.861,1311.5,1080.0,1661.0,4.331
11,MOOSE,Rubbing,3,35,4,8,854,32,3.0,300,UP,509,18.0,true,5808,4544,1440,271,993,0,1,1,UP,1.0,494.644,394.0,617.5,1207.0,1080.0,1661.0,4.331
11,MOOSE,Rubbing,4,1,1,1,854,32,3.0,100,DOWN,415,18.0,true,9498,5920,4416,316,3262,0,1,1,DOWN,1.0,290.0,610.0,608.5,1342.5,1080.0,1661.0,4.331
11,MOOSE,Rubbing,4,2,1,2,854,32,6.0,200,UP,475,18.0,true,7172,6832,2879,274,66,-1,1,1,UP,1.0,560.0,525.0,636.0,1227.0,1080.0,1661.0,4.331
11,MOOSE,Rubbing,4,3,1,3,854,32,6.0,100,UP,280,18.0,true,6010,5841,2848,123,46,-1,1,1,UP,1.0,593.108,393.0,691.0,1013.0,1080.0,1661.0,4.331
11,MOOSE,Rubbing,4,4,1,4,854,32,3.0,200,DOWN,444,18.0,true,6551,5314,2514,192,1045,0,1,1,UP,1.0,513.421,595.0,669.0,1190.0,1080.0,1661.0,4.331
11,MOOSE,Rubbing,4,5,1,5,854,32,3.0,300,UP,296,18.0,true,9466,9265,2864,138,63,1,1,2,UP,1.0,604.629,456.0,690.0,1251.0,1080.0,1661.0,4.331
11,MOOSE,Rubbing,4,6,1,6,854,32,6.0,50,DOWN,638,18.0,true,3017,1537,642,778,702,2,0,1,UP,1.0,606.303,486.0,762.0,1088.0,1080.0,1661.0,4.331
11,MOOSE,Rubbing,4,7,1,7,854,32,3.0,50,UP,310,18.0,true,4529,4383,2401,48,98,1,1,1,UP,1.0,616.0,704.0,661.0,1172.0,1080.0,1661.0,4.331
11,MOOSE,Rubbing,4,8,1,8,854,32,6.0,300,DOWN,425,18.0,true,8128,7937,3184,50,141,-2,1,1,DOWN,1.0,570.0,523.0,757.0,1196.5,1080.0,1661.0,4.331
11,MOOSE,Rubbing,4,9,2,1,854,32,3.0,200,UP,82,18.0,true,4434,2177,81,614,1643,0,0,1,UP,1.0,237.0,554.0,677.0,1297.0,1080.0,1661.0,4.331
11,MOOSE,Rubbing,4,10,2,2,854,32,3.0,300,DOWN,674,18.0,true,15555,15169,4383,304,82,-1,0,2,UP,1.0,478.317,555.0,654.0,1495.0,1080.0,1661.0,4.331
11,MOOSE,Rubbing,4,11,2,3,854,32,6.0,300,UP,509,18.0,true,6492,6402,2464,37,53,-1,1,1,DOWN,1.0,514.986,600.0,602.0,1396.0,1080.0,1661.0,4.331
11,MOOSE,Rubbing,4,12,2,4,854,32,6.0,100,DOWN,243,18.0,true,4022,3009,1888,180,833,-2,1,1,DOWN,1.0,515.673,545.0,632.0,1176.0,1080.0,1661.0,4.331
11,MOOSE,Rubbing,4,13,2,5,854,32,6.0,200,DOWN,587,18.0,true,5649,5537,1522,51,61,0,1,1,UP,1.0,511.298,583.0,672.0,1263.0,1080.0,1661.0,4.331
11,MOOSE,Rubbing,4,14,2,6,854,32,3.0,100,UP,315,18.0,true,6820,5761,2450,64,995,0,1,2,UP,1.0,531.323,499.0,699.0,1330.0,1080.0,1661.0,4.331
11,MOOSE,Rubbing,4,15,2,7,854,32,6.0,50,UP,286,18.0,true,3243,3009,912,204,30,0,1,1,UP,1.0,547.324,556.5,647.0,1253.0,1080.0,1661.0,4.331
11,MOOSE,Rubbing,4,16,2,8,854,32,3.0,50,DOWN,255,18.0,true,3226,3088,1152,92,46,0,1,1,UP,1.0,537.5,504.0,692.0,1138.5,1080.0,1661.0,4.331
11,MOOSE,Rubbing,4,17,3,1,854,32,6.0,300,DOWN,631,18.0,true,11738,10000,2496,271,1467,-1,2,3,DOWN,1.0,332.0,472.0,685.0,1276.0,1080.0,1661.0,4.331
11,MOOSE,Rubbing,4,18,3,2,854,32,3.0,300,DOWN,420,18.0,true,9019,8703,1407,272,44,0,1,2,UP,1.0,547.697,440.0,742.0,1291.0,1080.0,1661.0,4.331
11,MOOSE,Rubbing,4,19,3,3,854,32,3.0,200,UP,592,18.0,true,5354,4561,401,743,50,0,0,1,UP,1.0,590.634,744.0,687.0,1337.0,1080.0,1661.0,4.331
11,MOOSE,Rubbing,4,20,3,4,854,32,3.0,100,DOWN,690,18.0,true,9250,7921,2080,495,834,-1,0,1,UP,1.0,504.523,368.0,737.5,1405.0,1080.0,1661.0,4.331
11,MOOSE,Rubbing,4,21,3,5,854,32,6.0,100,UP,738,18.0,true,8783,7807,4175,187,789,-1,1,1,DOWN,1.0,575.323,247.0,742.0,1227.0,1080.0,1661.0,4.331
11,MOOSE,Rubbing,4,22,3,6,854,32,6.0,50,UP,489,18.0,true,4631,4560,2560,12,59,1,1,1,UP,1.0,580.447,239.5,725.5,1046.0,1080.0,1661.0,4.331
11,MOOSE,Rubbing,4,23,3,7,854,32,3.0,50,DOWN,190,18.0,true,9326,8415,3071,245,666,-1,0,2,UP,1.0,555.0,302.0,759.0,1245.0,1080.0,1661.0,4.331
11,MOOSE,Rubbing,4,24,3,8,854,32,6.0,200,UP,267,18.0,true,6069,5360,48,648,61,1,0,1,UP,1.0,493.059,667.956,668.0,1272.0,1080.0,1661.0,4.331
11,MOOSE,Rubbing,4,25,4,1,854,32,6.0,100,DOWN,643,18.0,true,5625,2944,1841,562,2119,0,1,1,DOWN,1.0,354.0,399.0,575.0,1236.5,1080.0,1661.0,4.331
11,MOOSE,Rubbing,4,26,4,2,854,32,6.0,50,DOWN,667,18.0,true,8245,7169,3423,158,918,0,2,2,DOWN,1.0,514.0,660.0,641.0,1502.5,1080.0,1661.0,4.331
11,MOOSE,Rubbing,4,27,4,3,854,32,6.0,200,DOWN,710,18.0,true,5888,5663,2351,149,76,0,1,1,DOWN,1.0,454.549,739.0,561.0,1585.0,1080.0,1661.0,4.331
11,MOOSE,Rubbing,4,28,4,4,854,32,3.0,200,DOWN,419,18.0,true,5881,4929,2465,33,919,0,1,1,DOWN,1.0,462.0,710.0,579.0,1526.0,1080.0,1661.0,4.331
11,MOOSE,Rubbing,4,29,4,5,854,32,3.0,50,UP,55,18.0,true,3510,2016,497,350,1144,-1,1,1,UP,1.0,510.0,924.0,555.0,1423.0,1080.0,1661.0,4.331
11,MOOSE,Rubbing,4,30,4,6,854,32,3.0,100,UP,19,18.0,true,4836,3760,1840,136,940,-1,1,1,UP,1.0,517.0,538.5,594.5,1494.0,1080.0,1661.0,4.331
11,MOOSE,Rubbing,4,31,4,7,854,32,3.0,300,UP,438,18.0,true,9117,8161,4866,183,773,0,1,1,UP,1.0,559.614,676.0,675.0,1502.0,1080.0,1661.0,4.331
11,MOOSE,Rubbing,4,32,4,8,854,32,6.0,300,UP,160,18.0,true,11346,10191,2224,270,885,-1,2,2,UP,1.0,294.69,613.0,631.179,1443.0,1080.0,1661.0,4.331
