ID, Device, Mode, Trial Number, Block Number, Trial in Block, Text Length (lines), Visible Lines, Frame Height, Distance, Direction, Target Line, Line Height, Hit, T_Trial, T_Scroll, T_FineTune, T_Select, T_StartScrolling, errorDistance(lines), inFrameCount, visibleCount, Start direction, Finger count, FP_X-MIN, FP_Y-MIN, FP_X-MAX, FP_Y-MAX, ScrollareaX, ScrollareaY, Px_mm
4,MOOSE,iOS,1,1,1,854,32,6.0,100,UP,408,18.0,true,8650,6960,1775,213,1477,1,2,1,UP,1.0,291.5,319.0,1003.0,752.0,1080.0,1661.0,4.331
4,MOOSE,iOS,2,1,2,854,32,3.0,200,DOWN,289,18.0,true,6293,5040,2111,302,951,0,1,1,DOWN,1.0,342.0,434.0,524.0,1017.0,1080.0,1661.0,4.331
4,MOOSE,iOS,3,1,3,854,32,6.0,300,UP,289,18.0,true,7250,6543,2156,182,525,0,2,1,UP,1.0,329.737,414.0,540.0,983.0,1080.0,1661.0,4.331
4,MOOSE,iOS,4,1,4,854,32,3.0,100,UP,305,18.0,true,6607,5775,2399,35,797,0,2,1,UP,1.0,406.0,431.0,522.0,787.0,1080.0,1661.0,4.331
4,MOOSE,iOS,5,1,5,854,32,3.0,300,DOWN,321,18.0,true,10447,8671,3083,359,1417,0,2,1,DOWN,1.0,314.466,409.0,507.0,1063.0,1080.0,1661.0,4.331
4,MOOSE,iOS,6,1,6,854,32,6.0,200,DOWN,512,18.0,true,4122,3504,748,101,517,-2,1,1,UP,1.0,320.0,406.0,499.0,1097.0,1080.0,1661.0,4.331
4,MOOSE,iOS,7,1,7,854,32,6.0,50,UP,178,18.0,true,5511,4321,1117,479,711,0,1,1,UP,1.0,413.0,439.0,544.0,859.0,1080.0,1661.0,4.331
4,MOOSE,iOS,8,1,8,854,32,3.0,50,DOWN,253,18.0,true,7853,7184,4414,20,649,0,2,1,DOWN,1.0,359.368,400.0,579.0,933.0,1080.0,1661.0,4.331
4,MOOSE,iOS,9,2,1,854,32,3.0,200,UP,101,18.0,true,13425,11056,1791,357,2012,0,2,1,DOWN,1.0,255.0,424.0,495.0,1043.0,1080.0,1661.0,4.331
4,MOOSE,iOS,10,2,2,854,32,6.0,100,DOWN,168,18.0,true,6239,5040,2014,417,782,2,0,1,DOWN,1.0,328.273,447.0,479.0,997.0,1080.0,1661.0,4.331
4,MOOSE,iOS,11,2,3,854,32,3.0,100,DOWN,341,18.0,true,5874,4880,2763,151,843,0,1,1,DOWN,1.0,311.721,429.0,473.0,1035.0,1080.0,1661.0,4.331
4,MOOSE,iOS,12,2,4,854,32,6.0,50,DOWN,759,18.0,true,4525,3216,1775,279,1030,-1,2,1,DOWN,1.0,331.389,405.0,523.0,939.0,1080.0,1661.0,4.331
4,MOOSE,iOS,13,2,5,854,32,6.0,200,UP,583,18.0,true,11708,10979,2819,15,714,-1,3,3,UP,1.0,346.0,417.0,563.0,1096.0,1080.0,1661.0,4.331
4,MOOSE,iOS,14,2,6,854,32,3.0,300,UP,209,18.0,true,10223,9706,2752,476,41,0,1,1,UP,1.0,353.0,406.0,537.0,1008.0,1080.0,1661.0,4.331
4,MOOSE,iOS,15,2,7,854,32,6.0,300,DOWN,793,18.0,true,7700,6192,414,493,1015,1,1,1,DOWN,1.0,305.948,441.0,517.0,1023.0,1080.0,1661.0,4.331
4,MOOSE,iOS,16,2,8,854,32,3.0,50,UP,61,18.0,true,6242,5584,1897,39,619,0,1,1,UP,1.0,388.0,463.0,537.0,834.0,1080.0,1661.0,4.331
4,MOOSE,iOS,17,3,1,854,32,6.0,100,DOWN,654,18.0,true,4854,3041,944,155,1658,-2,2,1,DOWN,1.0,336.0,476.0,483.0,1026.0,1080.0,1661.0,4.331
4,MOOSE,iOS,18,3,2,854,32,6.0,300,DOWN,771,18.0,true,5603,4607,1663,192,804,1,1,1,DOWN,1.0,329.891,387.0,469.0,1013.0,1080.0,1661.0,4.331
4,MOOSE,iOS,19,3,3,854,32,3.0,50,UP,120,18.0,false,4135,3472,1247,57,606,2,1,1,UP,1.0,406.0,494.0,528.0,857.0,1080.0,1661.0,4.331
4,MOOSE,iOS,20,3,4,854,32,6.0,200,DOWN,418,18.0,true,5133,4128,1919,297,708,2,1,1,DOWN,1.0,361.0,447.0,526.0,1018.0,1080.0,1661.0,4.331
4,MOOSE,iOS,21,3,5,854,32,6.0,50,UP,66,18.0,true,6051,5471,1358,5,575,0,1,1,UP,1.0,391.0,442.0,534.0,866.0,1080.0,1661.0,4.331
4,MOOSE,iOS,22,3,6,854,32,3.0,200,DOWN,538,18.0,true,7286,6448,1919,211,627,0,2,2,DOWN,1.0,341.0,432.0,522.0,1014.0,1080.0,1661.0,4.331
4,MOOSE,iOS,23,3,7,854,32,3.0,300,UP,414,18.0,true,11696,11202,1647,450,44,1,3,2,UP,1.0,383.0,438.0,526.0,939.0,1080.0,1661.0,4.331
4,MOOSE,iOS,24,3,8,854,32,3.0,100,UP,463,18.0,false,7032,6224,2620,15,793,-2,2,1,DOWN,1.0,382.0,447.0,521.0,902.0,1080.0,1661.0,4.331
4,MOOSE,iOS,25,4,1,854,32,3.0,300,DOWN,452,18.0,true,6860,5520,2606,5,1335,1,3,1,DOWN,1.0,347.0,485.0,523.0,1007.0,1080.0,1661.0,4.331
4,MOOSE,iOS,26,4,2,854,32,3.0,200,UP,184,18.0,true,7497,6303,2751,429,765,0,2,1,UP,1.0,405.0,453.0,533.0,928.0,1080.0,1661.0,4.331
4,MOOSE,iOS,27,4,3,854,32,3.0,50,DOWN,81,18.0,true,3722,3354,1183,322,46,0,1,1,UP,1.0,370.0,475.0,509.0,946.0,1080.0,1661.0,4.331
4,MOOSE,iOS,28,4,4,854,32,6.0,300,UP,130,18.0,true,8130,7441,1984,12,677,0,2,1,UP,1.0,389.0,473.0,523.0,915.0,1080.0,1661.0,4.331
4,MOOSE,iOS,29,4,5,854,32,3.0,100,DOWN,798,18.0,true,6494,5120,3180,395,979,-1,1,1,DOWN,1.0,334.477,425.0,543.0,1048.0,1080.0,1661.0,4.331
4,MOOSE,iOS,30,4,6,854,32,6.0,200,UP,92,18.0,true,6223,4607,223,709,907,-2,0,1,UP,1.0,377.0,455.0,514.0,906.0,1080.0,1661.0,4.331
4,MOOSE,iOS,31,4,7,854,32,6.0,50,DOWN,634,18.0,true,4857,3920,2416,195,742,-1,2,1,DOWN,1.0,370.0,418.5,531.0,915.0,1080.0,1661.0,4.331
4,MOOSE,iOS,32,4,8,854,32,6.0,100,UP,46,18.0,true,6834,5315,2288,344,1175,0,2,1,UP,1.0,414.0,471.0,536.0,831.0,1080.0,1661.0,4.331
4,MOOSE,Drag,1,1,1,854,32,6.0,200,DOWN,359,18.0,true,28186,5966,1487,590,21630,0,2,1,DOWN,2.0,303.0,288.0,966.0,869.0,1080.0,1661.0,4.331
4,MOOSE,Drag,2,1,2,854,32,3.0,200,DOWN,239,18.0,true,5156,3887,990,507,762,0,1,1,DOWN,1.0,317.367,264.0,470.0,914.0,1080.0,1661.0,4.331
4,MOOSE,Drag,3,1,3,854,32,6.0,300,UP,170,18.0,true,8821,7583,527,474,764,0,1,1,UP,1.0,346.0,276.0,518.0,798.0,1080.0,1661.0,4.331
4,MOOSE,Drag,4,1,4,854,32,3.0,300,UP,424,18.0,true,11607,10383,992,667,557,-1,2,1,DOWN,1.0,336.0,299.0,551.0,1010.0,1080.0,1661.0,4.331
4,MOOSE,Drag,5,1,5,854,32,3.0,100,UP,229,18.0,true,4042,2769,784,410,863,1,1,1,UP,1.0,386.0,505.0,516.0,1002.0,1080.0,1661.0,4.331
4,MOOSE,Drag,6,1,6,854,32,3.0,50,DOWN,692,18.0,true,3631,2560,1552,358,713,0,1,1,DOWN,1.0,343.0,516.0,508.0,1165.0,1080.0,1661.0,4.331
4,MOOSE,Drag,7,1,7,854,32,6.0,50,DOWN,561,18.0,true,3554,1984,1150,379,1191,1,0,1,DOWN,1.0,374.743,496.0,503.0,1197.0,1080.0,1661.0,4.331
4,MOOSE,Drag,8,1,8,854,32,6.0,100,UP,739,18.0,true,4149,2833,897,378,938,-1,0,1,UP,1.0,421.0,514.0,561.0,1015.0,1080.0,1661.0,4.331
4,MOOSE,Drag,9,2,1,854,32,6.0,300,DOWN,330,18.0,true,7624,5823,704,457,1344,1,1,1,DOWN,1.0,323.0,503.0,478.0,1156.0,1080.0,1661.0,4.331
4,MOOSE,Drag,10,2,2,854,32,3.0,300,DOWN,768,18.0,true,7371,6111,1182,325,935,0,1,1,DOWN,1.0,311.828,451.0,468.0,1116.0,1080.0,1661.0,4.331
4,MOOSE,Drag,11,2,3,854,32,6.0,200,UP,425,18.0,true,6660,6352,800,273,35,0,1,1,UP,1.0,325.0,491.0,531.0,1012.0,1080.0,1661.0,4.331
4,MOOSE,Drag,12,2,4,854,32,3.0,100,DOWN,545,18.0,true,3912,2735,735,526,651,1,0,1,DOWN,1.0,335.0,486.0,481.0,1129.0,1080.0,1661.0,4.331
4,MOOSE,Drag,13,2,5,854,32,6.0,100,DOWN,717,18.0,true,3687,2464,880,365,858,0,2,1,DOWN,1.0,318.646,458.0,464.0,1107.0,1080.0,1661.0,4.331
4,MOOSE,Drag,14,2,6,854,32,6.0,50,UP,707,18.0,true,3236,1967,1040,398,871,0,1,1,UP,1.0,387.0,492.0,491.0,1070.0,1080.0,1661.0,4.331
4,MOOSE,Drag,15,2,7,854,32,3.0,200,UP,516,18.0,true,6756,6514,1489,217,25,0,1,1,UP,1.0,347.457,506.0,523.0,1124.0,1080.0,1661.0,4.331
4,MOOSE,Drag,16,2,8,854,32,3.0,50,UP,524,18.0,true,2422,1105,496,557,760,0,0,1,UP,1.0,396.0,538.0,491.0,917.0,1080.0,1661.0,4.331
4,MOOSE,Drag,17,3,1,854,32,6.0,50,UP,205,18.0,true,4326,3040,1424,83,1203,0,1,1,UP,1.0,350.0,453.0,514.0,930.0,1080.0,1661.0,4.331
4,MOOSE,Drag,18,3,2,854,32,3.0,200,DOWN,516,18.0,true,5542,4209,1092,462,871,0,1,1,DOWN,1.0,333.724,367.0,474.0,1046.0,1080.0,1661.0,4.331
4,MOOSE,Drag,19,3,3,854,32,6.0,200,DOWN,596,18.0,true,6551,5425,1313,36,1090,0,1,1,DOWN,1.0,286.0,353.0,463.0,1036.0,1080.0,1661.0,4.331
4,MOOSE,Drag,20,3,4,854,32,6.0,300,UP,509,18.0,true,7763,6689,593,335,739,-1,1,1,UP,1.0,341.0,410.0,544.0,965.0,1080.0,1661.0,4.331
4,MOOSE,Drag,21,3,5,854,32,6.0,100,UP,615,18.0,true,4887,3312,304,450,1125,-1,1,1,UP,1.0,366.0,453.0,536.0,931.0,1080.0,1661.0,4.331
4,MOOSE,Drag,22,3,6,854,32,3.0,100,UP,92,18.0,true,4093,2831,1152,470,792,0,1,1,UP,1.0,392.0,466.0,548.0,1016.0,1080.0,1661.0,4.331
4,MOOSE,Drag,23,3,7,854,32,3.0,300,DOWN,542,18.0,true,6459,5120,0,677,662,-1,0,1,DOWN,1.0,318.53,420.0,548.0,1102.0,1080.0,1661.0,4.331
4,MOOSE,Drag,24,3,8,854,32,3.0,50,DOWN,649,18.0,true,4446,2994,2257,435,1017,1,1,1,DOWN,1.0,363.527,407.0,464.0,999.0,1080.0,1661.0,4.331
4,MOOSE,Drag,25,4,1,854,32,3.0,50,UP,16,18.0,true,3953,1344,384,636,1973,-1,0,1,UP,1.0,348.0,422.0,489.0,878.0,1080.0,1661.0,4.331
4,MOOSE,Drag,26,4,2,854,32,6.0,300,DOWN,703,18.0,true,7846,6766,639,390,690,0,1,1,DOWN,1.0,325.0,377.0,533.0,997.0,1080.0,1661.0,4.331
4,MOOSE,Drag,27,4,3,854,32,3.0,100,DOWN,148,18.0,true,5086,2672,849,439,1975,0,0,1,DOWN,1.0,355.0,421.0,495.0,926.0,1080.0,1661.0,4.331
4,MOOSE,Drag,28,4,4,854,32,3.0,300,UP,107,18.0,true,9954,8721,1201,363,870,0,1,1,UP,1.0,370.0,412.0,559.0,994.0,1080.0,1661.0,4.331
4,MOOSE,Drag,29,4,5,854,32,6.0,50,DOWN,771,18.0,true,2845,1711,880,478,656,0,2,1,DOWN,1.0,371.733,420.0,497.0,942.0,1080.0,1661.0,4.331
4,MOOSE,Drag,30,4,6,854,32,6.0,100,DOWN,655,18.0,true,3375,2825,273,510,40,0,0,1,UP,1.0,320.262,397.0,485.0,1027.0,1080.0,1661.0,4.331
4,MOOSE,Drag,31,4,7,854,32,6.0,200,UP,351,18.0,true,6627,6054,208,534,39,1,1,1,UP,1.0,366.472,395.0,537.0,1007.0,1080.0,1661.0,4.331
4,MOOSE,Drag,32,4,8,854,32,3.0,200,UP,264,18.0,true,9431,7775,2289,552,1104,1,1,1,UP,1.0,338.0,398.0,552.0,1053.0,1080.0,1661.0,4.331
4,MOOSE,Rubbing,1,1,1,854,32,6.0,200,DOWN,825,18.0,true,6760,4927,2287,242,1591,-1,2,1,DOWN,2.0,235.0,338.0,919.0,922.65,1080.0,1661.0,4.331
4,MOOSE,Rubbing,2,1,2,854,32,3.0,100,UP,463,18.0,true,9428,8384,2207,337,707,0,1,3,UP,1.0,311.0,371.5,525.0,1068.0,1080.0,1661.0,4.331
4,MOOSE,Rubbing,3,1,3,854,32,6.0,300,DOWN,699,18.0,true,5430,4480,959,82,868,0,1,1,DOWN,1.0,301.0,412.0,456.0,1117.0,1080.0,1661.0,4.331
4,MOOSE,Rubbing,4,1,4,854,32,3.0,300,UP,164,18.0,true,7933,6833,2992,236,864,0,1,1,UP,1.0,340.0,341.5,487.716,940.0,1080.0,1661.0,4.331
4,MOOSE,Rubbing,5,1,5,854,32,6.0,100,UP,723,18.0,true,7242,6128,2046,159,955,0,2,2,UP,1.0,330.0,335.0,494.0,1057.0,1080.0,1661.0,4.331
4,MOOSE,Rubbing,6,1,6,854,32,6.0,50,UP,104,18.0,true,3509,2064,1328,147,1298,0,2,1,UP,1.0,322.0,591.5,427.0,955.0,1080.0,1661.0,4.331
4,MOOSE,Rubbing,7,1,7,854,32,3.0,50,DOWN,139,18.0,true,5554,4497,3632,231,826,1,1,1,DOWN,1.0,307.0,412.0,454.0,856.5,1080.0,1661.0,4.331
4,MOOSE,Rubbing,8,1,8,854,32,3.0,200,DOWN,364,18.0,true,6890,5713,2080,87,1090,0,1,1,DOWN,1.0,306.0,465.0,431.0,958.0,1080.0,1661.0,4.331
4,MOOSE,Rubbing,9,2,1,854,32,3.0,300,DOWN,787,18.0,true,8218,6480,1569,603,1135,1,0,1,DOWN,1.0,273.615,478.0,408.0,958.0,1080.0,1661.0,4.331
4,MOOSE,Rubbing,10,2,2,854,32,3.0,200,UP,117,18.0,true,4907,3585,1312,529,793,0,1,1,UP,1.0,314.0,443.0,447.0,1106.0,1080.0,1661.0,4.331
4,MOOSE,Rubbing,11,2,3,854,32,6.0,300,UP,433,18.0,true,9051,7935,4768,63,1053,-1,1,1,UP,1.0,286.0,356.0,444.0,1107.0,1080.0,1661.0,4.331
4,MOOSE,Rubbing,12,2,4,854,32,3.0,100,DOWN,534,18.0,true,6308,5024,3232,475,809,1,1,1,DOWN,1.0,281.0,433.0,447.0,918.5,1080.0,1661.0,4.331
4,MOOSE,Rubbing,13,2,5,854,32,6.0,100,DOWN,550,18.0,true,5089,4096,2480,255,738,-2,2,1,DOWN,1.0,279.5,409.0,445.0,913.0,1080.0,1661.0,4.331
4,MOOSE,Rubbing,14,2,6,854,32,3.0,50,UP,321,18.0,true,3305,2786,1347,472,47,1,0,1,UP,1.0,327.0,500.0,424.5,936.5,1080.0,1661.0,4.331
4,MOOSE,Rubbing,15,2,7,854,32,6.0,50,DOWN,407,18.0,true,4388,3183,2048,287,918,-1,1,1,DOWN,1.0,309.0,477.0,425.0,917.5,1080.0,1661.0,4.331
4,MOOSE,Rubbing,16,2,8,854,32,6.0,200,UP,384,18.0,true,5430,4193,1920,291,946,1,2,1,UP,1.0,315.0,429.0,411.0,1117.0,1080.0,1661.0,4.331
4,MOOSE,Rubbing,17,3,1,854,32,6.0,50,UP,640,18.0,true,4459,1760,848,126,2573,2,1,1,UP,1.0,302.0,498.0,405.0,852.5,1080.0,1661.0,4.331
4,MOOSE,Rubbing,18,3,2,854,32,3.0,200,DOWN,545,18.0,true,7227,6496,2336,38,693,0,1,2,DOWN,1.0,299.629,384.0,441.0,885.73,1080.0,1661.0,4.331
4,MOOSE,Rubbing,19,3,3,854,32,3.0,50,DOWN,432,18.0,true,2211,1455,688,128,628,-1,0,1,DOWN,1.0,312.0,387.0,420.0,832.5,1080.0,1661.0,4.331
4,MOOSE,Rubbing,20,3,4,854,32,6.0,300,DOWN,407,18.0,true,6860,5969,1601,201,690,2,1,1,DOWN,2.0,259.0,376.0,990.0,965.5,1080.0,1661.0,4.331
4,MOOSE,Rubbing,21,3,5,854,32,3.0,300,UP,465,18.0,true,7628,6625,2960,352,651,-1,1,1,DOWN,2.0,272.605,361.0,999.0,1066.0,1080.0,1661.0,4.331
4,MOOSE,Rubbing,22,3,6,854,32,3.0,100,UP,697,18.0,true,8810,7953,4529,88,769,-1,1,1,DOWN,1.0,312.0,395.0,439.0,1113.0,1080.0,1661.0,4.331
4,MOOSE,Rubbing,23,3,7,854,32,6.0,100,UP,675,18.0,false,4557,2898,177,767,892,3,0,1,DOWN,1.0,286.0,404.0,440.0,1142.0,1080.0,1661.0,4.331
4,MOOSE,Rubbing,24,3,8,854,32,6.0,200,DOWN,398,18.0,true,7419,7292,1408,85,42,2,1,1,UP,2.0,266.5,384.0,1009.0,1127.0,1080.0,1661.0,4.331
4,MOOSE,Rubbing,25,4,1,854,32,3.0,50,UP,134,18.0,true,9340,7857,1055,468,1015,0,1,2,UP,3.0,245.136,355.0,1068.0,1904.0,1080.0,1661.0,4.331
4,MOOSE,Rubbing,26,4,2,854,32,6.0,100,DOWN,534,18.0,true,4100,2912,833,143,1045,0,1,1,DOWN,3.0,248.525,330.0,1051.0,1891.0,1080.0,1661.0,4.331
4,MOOSE,Rubbing,27,4,3,854,32,6.0,200,UP,84,18.0,true,7272,5296,1968,251,1725,0,1,1,UP,3.0,261.0,337.0,1052.0,1890.0,1080.0,1661.0,4.331
4,MOOSE,Rubbing,28,4,4,854,32,3.0,300,DOWN,374,18.0,true,6338,5040,208,556,742,0,0,1,DOWN,3.0,245.0,313.0,1053.0,1889.0,1080.0,1661.0,4.331
4,MOOSE,Rubbing,29,4,5,854,32,3.0,200,UP,26,18.0,true,5323,4545,2112,58,720,0,1,1,DOWN,3.0,243.514,353.0,1056.0,1889.0,1080.0,1661.0,4.331
4,MOOSE,Rubbing,30,4,6,854,32,6.0,300,UP,28,18.0,true,6434,5088,1344,446,900,2,2,1,UP,3.0,253.0,393.0,404.5,1088.0,1080.0,1661.0,4.331
4,MOOSE,Rubbing,31,4,7,854,32,3.0,100,DOWN,724,18.0,true,7941,7039,1552,527,375,0,0,2,UP,3.0,231.5,338.0,1057.0,1889.0,1080.0,1661.0,4.331
4,MOOSE,Rubbing,32,4,8,854,32,6.0,50,DOWN,762,18.0,true,3418,1696,720,93,1629,0,1,1,DOWN,3.0,260.0,340.0,396.0,797.0,1080.0,1661.0,4.331
4,MOOSE,Circle3,1,1,1,854,32,6.0,100,DOWN,632,18.0,true,9834,6734,1391,441,2659,-2,1,1,DOWN,2.0,180.0,358.0,1079.0,1919.0,1080.0,1661.0,4.331
4,MOOSE,Circle3,2,1,2,854,32,3.0,200,UP,426,18.0,true,11438,9792,944,719,927,0,2,1,UP,1.0,155.0,343.73,566.0,796.0,1080.0,1661.0,4.331
4,MOOSE,Circle3,3,1,3,854,32,6.0,300,UP,485,18.0,true,13283,11439,1968,526,1318,0,1,1,UP,2.0,100.0,338.0,1079.0,1919.0,1080.0,1661.0,4.331
4,MOOSE,Circle3,4,1,4,854,32,3.0,50,UP,303,18.0,true,10956,9183,3119,694,1079,1,3,2,UP,1.0,158.764,303.0,461.0,662.0,1080.0,1661.0,4.331
4,MOOSE,Circle3,5,1,5,854,32,6.0,200,UP,380,18.0,true,9841,7826,673,590,1425,-2,1,1,UP,2.0,112.259,260.0,1079.0,1919.0,1080.0,1661.0,4.331
4,MOOSE,Circle3,6,1,6,854,32,3.0,300,DOWN,515,18.0,true,11658,9936,1632,724,998,0,1,1,DOWN,2.0,153.749,286.0,1079.0,1919.0,1080.0,1661.0,4.331
4,MOOSE,Circle3,7,1,7,854,32,6.0,50,DOWN,444,18.0,true,4609,2974,1247,570,1065,0,1,1,DOWN,1.0,181.0,406.0,461.0,700.0,1080.0,1661.0,4.331
4,MOOSE,Circle3,8,1,8,854,32,3.0,100,DOWN,126,18.0,true,6767,5184,1424,604,979,-1,1,1,UP,2.0,203.253,288.0,1079.0,1919.0,1080.0,1661.0,4.331
4,MOOSE,Circle3,9,2,1,854,32,6.0,200,DOWN,576,18.0,true,9780,8255,1776,121,1404,0,1,1,DOWN,2.0,154.0,277.0,1079.0,1919.0,1080.0,1661.0,4.331
4,MOOSE,Circle3,10,2,2,854,32,6.0,300,DOWN,628,18.0,true,8816,7103,367,616,1097,0,1,1,DOWN,1.0,257.0,362.0,509.0,680.417,1080.0,1661.0,4.331
4,MOOSE,Circle3,11,2,3,854,32,3.0,50,DOWN,326,18.0,true,8757,7312,2096,468,977,0,2,2,UP,2.0,225.0,302.0,1079.0,1919.0,1080.0,1661.0,4.331
4,MOOSE,Circle3,12,2,4,854,32,3.0,300,UP,412,18.0,true,15890,13999,3439,390,1501,0,1,2,DOWN,2.0,221.0,296.189,1079.0,1919.0,1080.0,1661.0,4.331
4,MOOSE,Circle3,13,2,5,854,32,3.0,100,UP,628,18.0,true,7441,5761,2832,485,1195,0,0,1,DOWN,2.0,193.0,322.0,1079.0,1919.0,1080.0,1661.0,4.331
4,MOOSE,Circle3,14,2,6,854,32,6.0,50,UP,133,18.0,false,4416,2545,1056,91,1780,3,1,1,UP,2.0,194.0,336.0,1079.0,1919.0,1080.0,1661.0,4.331
4,MOOSE,Circle3,15,2,7,854,32,3.0,200,DOWN,521,18.0,true,10546,8736,2512,587,1223,-1,2,1,DOWN,2.0,173.21,339.0,1079.0,1919.0,1080.0,1661.0,4.331
4,MOOSE,Circle3,16,2,8,854,32,6.0,100,UP,133,18.0,true,4419,2800,671,512,1107,-2,1,1,UP,2.0,241.0,377.878,1079.0,1919.0,1080.0,1661.0,4.331
4,MOOSE,Circle3,17,3,1,854,32,3.0,200,DOWN,824,18.0,true,15528,12401,6257,418,2709,0,4,1,UP,2.0,193.5,365.275,1079.0,1919.0,1080.0,1661.0,4.331
4,MOOSE,Circle3,18,3,2,854,32,6.0,50,DOWN,820,18.0,true,4881,3008,337,707,1166,-2,1,1,DOWN,1.0,237.728,417.255,472.729,670.0,1080.0,1661.0,4.331
4,MOOSE,Circle3,19,3,3,854,32,6.0,200,UP,203,18.0,true,6428,5280,1760,80,1068,0,1,1,UP,1.0,230.0,410.517,560.0,705.186,1080.0,1661.0,4.331
4,MOOSE,Circle3,20,3,4,854,32,3.0,100,DOWN,678,18.0,true,4632,3264,737,217,1151,0,1,1,DOWN,1.0,255.252,403.47,481.0,694.0,1080.0,1661.0,4.331
4,MOOSE,Circle3,21,3,5,854,32,3.0,50,UP,605,18.0,true,4925,2992,1680,416,1517,0,1,1,UP,1.0,234.75,443.926,490.0,641.839,1080.0,1661.0,4.331
4,MOOSE,Circle3,22,3,6,854,32,3.0,300,UP,292,18.0,true,8646,8402,1344,217,27,0,1,1,UP,1.0,193.0,319.534,559.0,750.517,1080.0,1661.0,4.331
4,MOOSE,Circle3,23,3,7,854,32,6.0,100,UP,522,18.0,false,18422,7947,3787,9583,892,522,2,1,DOWN,1.0,179.721,445.0,434.5,799.74,1080.0,1661.0,4.331
4,MOOSE,Circle3,24,3,8,854,32,6.0,300,DOWN,625,18.0,true,9227,6209,673,894,2124,1,1,1,DOWN,1.0,232.0,378.635,498.539,792.0,1080.0,1661.0,4.331
4,MOOSE,Circle3,25,4,1,854,32,6.0,200,DOWN,350,18.0,true,10683,6383,1983,630,3670,0,2,1,DOWN,2.0,260.533,378.0,1082.0,1919.0,1080.0,1661.0,4.331
4,MOOSE,Circle3,26,4,2,854,32,3.0,100,UP,256,18.0,true,7030,5184,3391,631,1215,1,2,1,UP,1.0,248.0,444.0,529.0,777.74,1080.0,1661.0,4.331
4,MOOSE,Circle3,27,4,3,854,32,3.0,200,UP,183,18.0,true,8066,6544,2880,555,967,0,1,1,UP,1.0,238.0,405.0,535.741,766.028,1080.0,1661.0,4.331
4,MOOSE,Circle3,28,4,4,854,32,6.0,100,DOWN,296,18.0,true,4632,3345,1666,465,822,1,1,1,DOWN,1.0,266.261,443.0,492.0,720.184,1080.0,1661.0,4.331
4,MOOSE,Circle3,29,4,5,854,32,6.0,300,UP,241,18.0,true,7823,7073,304,704,46,-1,1,1,UP,1.0,196.256,444.0,474.46,778.216,1080.0,1661.0,4.331
4,MOOSE,Circle3,30,4,6,854,32,3.0,300,DOWN,727,18.0,true,8437,6737,1633,494,1206,0,1,1,DOWN,1.0,257.133,433.876,491.0,711.832,1080.0,1661.0,4.331
4,MOOSE,Circle3,31,4,7,854,32,6.0,50,UP,394,18.0,true,4954,3024,2080,771,1159,-2,1,1,UP,1.0,249.0,471.0,493.0,651.292,1080.0,1661.0,4.331
4,MOOSE,Circle3,32,4,8,854,32,3.0,50,DOWN,538,18.0,true,4275,2497,1104,62,1716,0,1,1,DOWN,1.0,311.0,457.0,478.0,653.0,1080.0,1661.0,4.331
4,MOOSE,TrackPoint,1,1,1,854,32,3.0,200,UP,114,18.0,true,19006,16558,381,811,1637,-1,0,1,UP,4.0,14.0,178.0,1081.888,1919.294,1080.0,1661.0,4.331
4,MOOSE,TrackPoint,2,1,2,854,32,6.0,100,DOWN,130,18.0,false,3872,2080,303,772,1020,-3,1,1,DOWN,1.0,272.5,292.0,373.0,816.0,1080.0,1661.0,4.331
4,MOOSE,TrackPoint,3,1,3,854,32,6.0,200,DOWN,598,18.0,true,6092,4560,287,531,1001,1,1,1,DOWN,2.0,272.5,264.0,1069.0,1919.0,1080.0,1661.0,4.331
4,MOOSE,TrackPoint,4,1,4,854,32,3.0,300,UP,427,18.0,true,10063,9885,1883,116,62,0,2,1,DOWN,2.0,322.0,195.5,1067.0,1919.0,1080.0,1661.0,4.331
4,MOOSE,TrackPoint,5,1,5,854,32,3.0,50,UP,666,18.0,true,4282,2624,1776,498,1160,0,2,1,UP,2.0,347.0,284.52,1053.0,1919.0,1080.0,1661.0,4.331
4,MOOSE,TrackPoint,6,1,6,854,32,3.0,100,DOWN,581,18.0,true,20414,12993,11467,807,6614,1,7,1,DOWN,2.0,265.0,379.0,1050.909,1919.0,1080.0,1661.0,4.331
4,MOOSE,TrackPoint,7,1,7,854,32,6.0,300,UP,367,18.0,true,7576,6176,335,481,919,-1,1,1,UP,2.0,381.576,304.0,1059.0,1919.0,1080.0,1661.0,4.331
4,MOOSE,TrackPoint,8,1,8,854,32,6.0,50,DOWN,97,18.0,true,4637,3216,1998,437,984,0,1,1,DOWN,2.0,365.0,308.0,1056.0,1919.0,1080.0,1661.0,4.331
4,MOOSE,TrackPoint,9,2,1,854,32,6.0,200,UP,613,18.0,true,9219,6607,1469,258,2354,-2,0,1,DOWN,2.0,295.0,349.521,1069.0,1906.0,1080.0,1661.0,4.331
4,MOOSE,TrackPoint,10,2,2,854,32,6.0,300,DOWN,711,18.0,true,7637,6064,493,515,1058,0,2,2,DOWN,2.0,338.0,304.0,446.0,986.0,1080.0,1661.0,4.331
4,MOOSE,TrackPoint,11,2,3,854,32,3.0,200,DOWN,571,18.0,true,12576,11121,7630,457,998,0,4,1,DOWN,2.0,326.0,318.0,892.0,1029.481,1080.0,1661.0,4.331
4,MOOSE,TrackPoint,12,2,4,854,32,3.0,50,DOWN,782,18.0,false,4482,2735,1917,650,1097,-2,1,1,DOWN,3.0,341.643,349.0,1077.0,1919.0,1080.0,1661.0,4.331
4,MOOSE,TrackPoint,13,2,5,854,32,6.0,100,UP,247,18.0,true,7478,6144,3392,445,889,0,1,1,UP,3.0,313.189,372.0,1075.5,1911.0,1080.0,1661.0,4.331
4,MOOSE,TrackPoint,14,2,6,854,32,6.0,50,UP,322,18.0,true,6233,4977,3966,436,820,0,3,1,UP,2.0,344.0,341.0,1072.316,1919.0,1080.0,1661.0,4.331
4,MOOSE,TrackPoint,15,2,7,854,32,3.0,300,DOWN,374,18.0,false,8621,7616,4062,88,917,-2,1,1,DOWN,2.0,302.0,320.0,1067.0,1917.0,1080.0,1661.0,4.331
4,MOOSE,TrackPoint,16,2,8,854,32,3.0,100,UP,157,18.0,true,6251,4673,3196,521,1057,0,2,1,UP,3.0,354.0,351.0,1071.0,1919.0,1080.0,1661.0,4.331
4,MOOSE,TrackPoint,17,3,1,854,32,6.0,100,UP,303,18.0,true,6196,4273,1728,514,1409,-1,1,1,UP,2.0,285.0,325.0,1066.0,1919.0,1080.0,1661.0,4.331
4,MOOSE,TrackPoint,18,3,2,854,32,6.0,300,DOWN,374,18.0,true,9830,8193,2954,451,1186,0,1,1,DOWN,3.0,259.0,297.0,1078.0,1919.0,1080.0,1661.0,4.331
4,MOOSE,TrackPoint,19,3,3,854,32,3.0,50,DOWN,526,18.0,true,10040,8944,7505,207,889,0,5,1,DOWN,3.0,268.0,342.0,1077.0,1919.0,1080.0,1661.0,4.331
4,MOOSE,TrackPoint,20,3,4,854,32,6.0,200,DOWN,669,18.0,true,3820,2240,205,561,1019,-1,1,1,DOWN,2.0,296.0,318.0,409.0,1071.0,1080.0,1661.0,4.331
4,MOOSE,TrackPoint,21,3,5,854,32,3.0,200,UP,419,18.0,true,5547,4272,1551,498,777,0,1,1,UP,2.0,322.842,327.5,448.0,934.0,1080.0,1661.0,4.331
4,MOOSE,TrackPoint,22,3,6,854,32,6.0,50,UP,140,18.0,true,15233,14564,1915,615,54,-2,3,2,UP,2.0,320.544,332.085,443.477,970.0,1080.0,1661.0,4.331
4,MOOSE,TrackPoint,23,3,7,854,32,3.0,300,DOWN,833,18.0,true,5477,3537,189,696,1244,-1,1,1,DOWN,2.0,266.313,313.0,394.0,1106.0,1080.0,1661.0,4.331
4,MOOSE,TrackPoint,24,3,8,854,32,3.0,100,UP,184,18.0,true,9062,7615,4926,499,948,0,3,1,UP,2.0,299.0,334.5,433.263,885.0,1080.0,1661.0,4.331
4,MOOSE,TrackPoint,25,4,1,854,32,3.0,100,DOWN,290,18.0,true,5897,3456,1755,422,2019,0,1,1,DOWN,2.0,243.0,436.0,856.0,1051.415,1080.0,1661.0,4.331
4,MOOSE,TrackPoint,26,4,2,854,32,6.0,200,UP,458,18.0,true,6980,5695,2863,490,795,-2,0,1,UP,2.0,341.418,356.0,809.0,985.0,1080.0,1661.0,4.331
4,MOOSE,TrackPoint,27,4,3,854,32,6.0,100,DOWN,653,18.0,true,5218,4224,2958,242,752,-2,2,1,DOWN,2.0,333.5,333.0,810.0,985.5,1080.0,1661.0,4.331
4,MOOSE,TrackPoint,28,4,4,854,32,6.0,50,DOWN,705,18.0,true,3857,2369,1677,526,962,0,2,1,DOWN,2.0,335.0,344.0,459.0,924.0,1080.0,1661.0,4.331
4,MOOSE,TrackPoint,29,4,5,854,32,6.0,300,UP,495,18.0,true,6740,5474,1692,444,822,1,2,1,DOWN,2.0,329.637,345.0,467.0,982.325,1080.0,1661.0,4.331
4,MOOSE,TrackPoint,30,4,6,854,32,3.0,50,UP,761,18.0,true,3844,2592,1758,394,858,0,1,1,UP,2.0,359.0,345.0,462.0,880.0,1080.0,1661.0,4.331
4,MOOSE,TrackPoint,31,4,7,854,32,3.0,200,DOWN,393,18.0,true,7454,6113,4140,500,841,1,2,1,DOWN,2.0,284.5,321.0,443.0,1106.0,1080.0,1661.0,4.331
4,MOOSE,TrackPoint,32,4,8,854,32,3.0,300,UP,515,18.0,true,6461,4768,2056,627,1066,1,1,1,UP,3.0,318.303,274.0,1057.495,1919.0,1080.0,1661.0,4.331
