ID, Device, Mode, ExpPart, Round, Trial, Block, Trial in Block, Text Length (lines), Visible Lines, Frame Height, Distance, Direction, Target Line, Line Height, Hit, T_Trial, T_Scroll, T_FineTune, T_Select, T_StartScrolling, errorDistance(lines), inFrameCount, visibleCount, Start direction, Finger count, FP_X-MIN, FP_Y-MIN, FP_X-MAX, FP_Y-MAX, ScrollareaX, ScrollareaY, Px_mm
15,MOOSE,Drag,1,1,1,1,1,854,32,6.0,200,UP,615,18.0,true,35054,12751,2192,880,21423,0,1,1,UP,2.0,182.0,473.0,961.0,1278.0,1080.0,1661.0,4.331,
15,MOOSE,Drag,1,1,2,1,2,854,32,6.0,100,DOWN,176,18.0,false,5823,4624,577,90,1109,7,0,1,DOWN,1.0,416.0,497.0,526.0,1117.0,1080.0,1661.0,4.331,
15,MOOSE,Drag,1,1,3,1,2,854,32,6.0,300,DOWN,687,18.0,true,8123,7216,945,42,865,0,1,1,DOWN,1.0,289.0,356.0,484.5,1354.0,1080.0,1661.0,4.331,
15,MOOSE,Drag,1,1,4,1,3,854,32,3.0,200,DOWN,244,18.0,true,5928,5439,1177,39,450,0,1,1,DOWN,1.0,256.0,402.0,313.0,1335.0,1080.0,1661.0,4.331,
15,MOOSE,Drag,1,1,5,1,4,854,32,3.0,50,DOWN,333,18.0,true,3360,2945,1808,106,309,0,2,1,DOWN,1.0,262.0,515.0,293.0,1050.0,1080.0,1661.0,4.331,
15,MOOSE,Drag,1,1,6,1,5,854,32,6.0,100,DOWN,256,18.0,true,8527,8384,4628,44,99,0,2,1,DOWN,2.0,198.0,481.5,1051.0,1102.0,1080.0,1661.0,4.331,
15,MOOSE,Drag,1,1,7,1,6,854,32,3.0,100,UP,354,18.0,true,5460,5274,1840,119,67,0,2,1,DOWN,1.0,224.0,379.0,454.0,958.0,1080.0,1661.0,4.331,
15,MOOSE,Drag,1,1,8,1,7,854,32,6.0,50,UP,701,18.0,true,4745,3985,1233,256,504,1,2,1,DOWN,2.0,136.119,409.0,469.0,1072.0,1080.0,1661.0,4.331,
15,MOOSE,Drag,1,1,9,1,8,854,32,3.0,300,UP,71,18.0,true,12265,11424,1120,363,478,-1,0,1,UP,1.0,163.0,516.0,504.0,1284.0,1080.0,1661.0,4.331,
15,MOOSE,Drag,1,1,10,2,1,854,32,3.0,300,DOWN,410,18.0,true,8897,6928,1530,102,1867,-1,1,1,DOWN,2.0,92.0,326.0,789.0,1377.0,1080.0,1661.0,4.331,
15,MOOSE,Drag,1,1,11,2,2,854,32,6.0,100,UP,70,18.0,true,3839,3620,624,176,43,0,1,1,UP,2.0,250.0,205.0,1059.0,1905.0,1080.0,1661.0,4.331,
15,MOOSE,Drag,1,1,12,2,3,854,32,6.0,200,DOWN,603,18.0,true,5297,5148,1151,83,66,0,1,1,DOWN,1.0,165.0,378.0,358.0,1425.0,1080.0,1661.0,4.331,
15,MOOSE,Drag,1,1,13,2,4,854,32,3.0,200,UP,157,18.0,true,6432,6131,1119,232,69,-1,1,1,UP,1.0,263.0,293.0,481.0,1288.0,1080.0,1661.0,4.331,
15,MOOSE,Drag,1,1,14,2,5,854,32,3.0,50,UP,630,18.0,true,2953,2729,894,176,48,0,1,1,UP,1.0,199.0,433.0,324.0,1153.0,1080.0,1661.0,4.331,
15,MOOSE,Drag,1,1,15,2,6,854,32,6.0,300,UP,265,18.0,true,9283,8176,1185,451,656,0,1,1,UP,1.0,238.0,322.0,465.0,1250.0,1080.0,1661.0,4.331,
15,MOOSE,Drag,1,1,16,2,7,854,32,3.0,100,DOWN,396,18.0,true,4140,2775,841,416,949,-1,1,1,DOWN,1.0,280.469,426.0,372.0,1262.0,1080.0,1661.0,4.331,
15,MOOSE,Drag,1,1,17,2,8,854,32,6.0,50,DOWN,787,18.0,true,2755,2489,928,199,67,-1,1,1,UP,2.0,241.468,499.0,1004.0,1127.0,1080.0,1661.0,4.331,
15,MOOSE,Drag,1,1,18,3,1,854,32,6.0,200,UP,179,18.0,true,8145,6832,930,77,1236,0,1,1,UP,2.0,203.0,283.0,1079.0,1919.0,1080.0,1661.0,4.331,
15,MOOSE,Drag,1,1,19,3,2,854,32,3.0,200,UP,39,18.0,true,7022,6160,897,190,672,1,1,1,UP,2.0,365.362,300.0,1079.5,1919.0,1080.0,1661.0,4.331,
15,MOOSE,Drag,1,1,20,3,3,854,32,6.0,300,DOWN,779,18.0,true,8959,8353,1147,43,563,0,1,1,DOWN,2.0,373.436,356.0,1069.277,1919.0,1080.0,1661.0,4.331,
15,MOOSE,Drag,1,1,21,3,4,854,32,6.0,50,UP,93,18.0,true,2552,1728,417,319,505,0,1,1,DOWN,1.0,351.0,331.0,416.0,845.0,1080.0,1661.0,4.331,
15,MOOSE,Drag,1,1,22,3,5,854,32,3.0,50,UP,399,18.0,true,3130,2766,1408,24,340,0,1,1,DOWN,1.0,351.0,363.0,432.0,978.0,1080.0,1661.0,4.331,
15,MOOSE,Drag,1,1,23,3,6,854,32,6.0,100,DOWN,374,18.0,true,3709,2992,865,219,498,0,1,1,DOWN,1.0,334.0,381.0,392.0,997.0,1080.0,1661.0,4.331,
15,MOOSE,Drag,1,1,24,3,7,854,32,3.0,300,DOWN,723,18.0,true,8422,8017,1344,69,336,0,1,1,UP,1.0,354.704,368.0,419.0,1050.0,1080.0,1661.0,4.331,
15,MOOSE,Drag,1,1,25,3,8,854,32,3.0,100,DOWN,119,18.0,true,4059,3328,959,23,708,-1,1,1,DOWN,1.0,360.0,429.0,387.0,1046.0,1080.0,1661.0,4.331,
15,MOOSE,Drag,1,1,26,4,1,854,32,3.0,100,UP,234,18.0,true,4632,3665,1329,17,950,-1,0,1,DOWN,1.0,138.0,334.0,493.0,863.5,1080.0,1661.0,4.331,
15,MOOSE,Drag,1,1,27,4,2,854,32,6.0,50,DOWN,386,18.0,true,3036,2095,959,154,787,1,1,1,UP,1.0,395.0,461.0,444.0,1177.5,1080.0,1661.0,4.331,
15,MOOSE,Drag,1,1,28,4,3,854,32,6.0,300,UP,118,18.0,true,9134,8257,1041,65,812,1,1,1,UP,2.0,381.0,326.0,784.0,971.0,1080.0,1661.0,4.331,
15,MOOSE,Drag,1,1,29,4,4,854,32,3.0,300,UP,225,18.0,true,10040,9521,1313,27,492,0,1,1,DOWN,1.0,334.0,320.0,496.0,852.0,1080.0,1661.0,4.331,
15,MOOSE,Drag,1,1,30,4,5,854,32,6.0,100,UP,197,18.0,true,4152,3951,976,158,43,0,1,1,UP,1.0,380.0,341.0,476.0,851.0,1080.0,1661.0,4.331,
15,MOOSE,Drag,1,1,31,4,6,854,32,3.0,50,DOWN,216,18.0,true,2299,1648,895,185,466,-1,1,1,DOWN,1.0,377.492,385.0,434.0,970.0,1080.0,1661.0,4.331,
15,MOOSE,Drag,1,1,32,4,7,854,32,3.0,200,DOWN,572,18.0,true,6161,5536,1120,143,482,0,1,1,UP,1.0,374.0,382.0,477.0,1025.0,1080.0,1661.0,4.331,
15,MOOSE,Drag,1,1,33,4,8,854,32,6.0,200,DOWN,562,18.0,true,4907,3888,687,357,662,2,1,1,DOWN,2.0,389.0,375.0,756.0,1045.0,1080.0,1661.0,4.331,
15,MOOSE,Rubbing,1,1,1,1,1,854,32,3.0,200,UP,482,18.0,true,12586,6624,2704,410,5552,-1,1,1,UP,1.0,202.0,398.0,1069.0,1080.0,1080.0,1661.0,4.331,
15,MOOSE,Rubbing,1,1,2,1,2,854,32,6.0,300,DOWN,451,18.0,true,5050,4080,1264,176,794,1,1,1,DOWN,1.0,376.0,415.0,414.664,1353.483,1080.0,1661.0,4.331,
15,MOOSE,Rubbing,1,1,3,1,3,854,32,6.0,100,DOWN,318,18.0,true,3536,2735,607,112,689,-1,1,1,DOWN,1.0,374.0,597.0,414.0,1074.589,1080.0,1661.0,4.331,
15,MOOSE,Rubbing,1,1,4,1,4,854,32,6.0,200,UP,537,18.0,true,5050,4321,864,134,595,-1,1,1,DOWN,1.0,363.0,537.0,420.32,1223.0,1080.0,1661.0,4.331,
15,MOOSE,Rubbing,1,1,5,1,5,854,32,3.0,50,DOWN,252,18.0,true,6626,5616,2416,273,737,-1,1,2,DOWN,1.0,361.452,407.0,412.0,1027.0,1080.0,1661.0,4.331,
15,MOOSE,Rubbing,1,1,6,1,6,854,32,3.0,300,DOWN,504,18.0,true,7607,6929,4048,108,570,0,1,1,DOWN,1.0,357.0,424.5,426.0,1076.0,1080.0,1661.0,4.331,
15,MOOSE,Rubbing,1,1,7,1,7,854,32,3.0,100,UP,293,18.0,true,5073,3762,0,1281,30,-1,0,1,UP,1.0,358.0,495.0,416.0,1080.0,1080.0,1661.0,4.331,
15,MOOSE,Rubbing,1,1,8,1,8,854,32,6.0,50,UP,533,18.0,true,5364,4191,815,600,573,-1,1,1,DOWN,1.0,382.0,587.5,412.641,1025.0,1080.0,1661.0,4.331,
15,MOOSE,Rubbing,1,1,9,2,1,854,32,3.0,300,UP,526,18.0,true,6975,3103,638,58,3814,0,1,1,UP,1.0,329.937,403.5,463.0,1021.5,1080.0,1661.0,4.331,
15,MOOSE,Rubbing,1,1,10,2,2,854,32,3.0,100,DOWN,809,18.0,true,2953,2303,1024,42,608,0,1,1,DOWN,1.0,362.0,397.0,446.0,851.5,1080.0,1661.0,4.331,
15,MOOSE,Rubbing,1,1,11,2,3,854,32,6.0,200,DOWN,418,18.0,true,6651,5919,2095,275,457,-1,2,1,UP,1.0,401.0,397.0,472.453,1038.0,1080.0,1661.0,4.331,
15,MOOSE,Rubbing,1,1,12,2,4,854,32,6.0,50,DOWN,757,18.0,true,3745,3169,1136,152,424,-2,1,2,DOWN,1.0,425.0,372.0,499.522,910.0,1080.0,1661.0,4.331,
15,MOOSE,Rubbing,1,1,13,2,5,854,32,6.0,300,UP,392,18.0,true,6743,6128,1360,195,420,-1,1,1,DOWN,2.0,404.512,403.5,804.0,1082.0,1080.0,1661.0,4.331,
15,MOOSE,Rubbing,1,1,14,2,6,854,32,3.0,50,UP,340,18.0,true,5473,4624,1329,424,425,0,2,2,DOWN,2.0,400.0,441.5,759.0,1064.0,1080.0,1661.0,4.331,
15,MOOSE,Rubbing,1,1,15,2,7,854,32,6.0,100,UP,169,18.0,true,3521,2857,841,247,417,-2,1,1,DOWN,1.0,384.0,411.0,433.0,1018.0,1080.0,1661.0,4.331,
15,MOOSE,Rubbing,1,1,16,2,8,854,32,3.0,200,DOWN,270,18.0,true,5114,4641,2081,14,459,1,1,1,DOWN,1.0,394.0,481.0,427.0,979.0,1080.0,1661.0,4.331,
15,MOOSE,Rubbing,1,1,17,3,1,854,32,3.0,200,UP,309,18.0,true,8211,6688,2768,378,1145,0,1,1,DOWN,1.0,352.0,443.0,422.0,1084.0,1080.0,1661.0,4.331,
15,MOOSE,Rubbing,1,1,18,3,2,854,32,6.0,200,DOWN,659,18.0,true,6130,5264,2943,179,687,0,1,1,DOWN,1.0,324.0,401.0,411.0,961.0,1080.0,1661.0,4.331,
15,MOOSE,Rubbing,1,1,19,3,3,854,32,6.0,50,DOWN,702,18.0,true,3443,2815,1679,86,542,0,2,1,DOWN,1.0,395.091,354.0,448.0,832.0,1080.0,1661.0,4.331,
15,MOOSE,Rubbing,1,1,20,3,4,854,32,6.0,100,UP,528,18.0,true,3328,2336,320,248,744,-1,1,1,UP,1.0,372.0,469.5,436.0,881.0,1080.0,1661.0,4.331,
15,MOOSE,Rubbing,1,1,21,3,5,854,32,6.0,300,UP,251,18.0,true,6628,6537,1695,56,35,-1,1,1,UP,1.0,372.656,345.0,459.0,1033.0,1080.0,1661.0,4.331,
15,MOOSE,Rubbing,1,1,22,3,6,854,32,3.0,50,UP,762,18.0,true,4664,3344,1185,189,1131,0,1,2,UP,1.0,359.0,449.0,411.0,1121.0,1080.0,1661.0,4.331,
15,MOOSE,Rubbing,1,1,23,3,7,854,32,3.0,300,DOWN,349,18.0,true,5908,5783,1297,77,48,0,1,1,UP,2.0,363.0,416.0,709.0,1194.0,1080.0,1661.0,4.331,
15,MOOSE,Rubbing,1,1,24,3,8,854,32,3.0,100,DOWN,251,18.0,true,3218,2481,1232,140,597,0,1,1,DOWN,1.0,364.535,389.0,709.0,1194.0,1080.0,1661.0,4.331,
15,MOOSE,Rubbing,1,1,25,4,1,854,32,3.0,200,DOWN,315,18.0,true,4268,3231,1633,233,804,-1,1,1,DOWN,1.0,384.0,391.5,448.0,984.0,1080.0,1661.0,4.331,
15,MOOSE,Rubbing,1,1,26,4,2,854,32,6.0,300,DOWN,489,18.0,true,5904,5408,2512,33,463,0,2,1,DOWN,2.0,397.0,357.0,757.0,1121.5,1080.0,1661.0,4.331,
15,MOOSE,Rubbing,1,1,27,4,3,854,32,6.0,200,UP,146,18.0,true,5730,5677,1897,7,46,2,1,2,UP,1.0,368.0,429.0,455.0,1129.0,1080.0,1661.0,4.331,
15,MOOSE,Rubbing,1,1,28,4,4,854,32,3.0,300,UP,148,18.0,true,5292,4529,1505,146,617,0,1,1,DOWN,1.0,376.0,422.0,447.512,1112.0,1080.0,1661.0,4.331,
15,MOOSE,Rubbing,1,1,29,4,5,854,32,6.0,50,UP,482,18.0,true,2783,1967,1231,147,669,1,1,1,UP,2.0,385.0,479.0,757.0,1142.0,1080.0,1661.0,4.331,
15,MOOSE,Rubbing,1,1,30,4,6,854,32,3.0,100,UP,531,18.0,true,2240,1343,0,804,93,-1,0,0,DOWN,1.0,388.0,613.5,432.0,1072.5,1080.0,1661.0,4.331,
15,MOOSE,Rubbing,1,1,31,4,7,854,32,3.0,50,DOWN,347,18.0,true,4025,2912,1425,365,748,0,1,2,DOWN,2.0,375.0,441.0,733.0,1177.0,1080.0,1661.0,4.331,
15,MOOSE,Rubbing,1,1,32,4,8,854,32,6.0,100,DOWN,341,18.0,true,2340,2112,0,181,47,0,1,1,UP,1.0,412.571,418.5,451.447,878.5,1080.0,1661.0,4.331,
15,MOOSE,Rubbing,1,2,1,1,1,854,32,6.0,100,DOWN,510,18.0,true,2690,1664,624,152,874,-1,1,1,DOWN,2.0,339.0,355.0,766.0,846.0,1080.0,1661.0,4.331,
15,MOOSE,Rubbing,1,2,2,1,2,854,32,3.0,50,UP,570,18.0,true,4611,3920,1600,44,647,0,2,2,UP,1.0,392.345,511.0,438.38,1023.258,1080.0,1661.0,4.331,
15,MOOSE,Rubbing,1,2,3,1,3,854,32,6.0,200,DOWN,315,18.0,true,6175,5394,3136,98,683,-2,1,1,DOWN,1.0,375.353,446.0,443.0,1088.463,1080.0,1661.0,4.331,
15,MOOSE,Rubbing,1,2,4,1,4,854,32,3.0,100,DOWN,470,18.0,true,3272,2480,879,178,614,0,1,1,DOWN,1.0,366.0,380.0,404.0,1174.483,1080.0,1661.0,4.331,
15,MOOSE,Rubbing,1,2,5,1,5,854,32,6.0,300,DOWN,653,18.0,true,6376,5535,1296,427,414,0,1,1,UP,2.0,314.442,469.0,699.0,1298.0,1080.0,1661.0,4.331,
15,MOOSE,Rubbing,1,2,6,1,6,854,32,3.0,300,UP,71,18.0,true,6431,5857,1248,126,448,0,1,2,UP,1.0,320.0,425.0,421.5,1156.0,1080.0,1661.0,4.331,
15,MOOSE,Rubbing,1,2,7,1,7,854,32,3.0,200,UP,74,18.0,true,8250,8097,1249,82,71,0,1,2,UP,1.0,334.805,399.5,439.0,1132.0,1080.0,1661.0,4.331,
15,MOOSE,Rubbing,1,2,8,1,8,854,32,6.0,50,UP,371,18.0,true,3972,3233,1489,7,732,0,1,2,UP,2.0,339.401,551.0,669.0,1322.0,1080.0,1661.0,4.331,
15,MOOSE,Rubbing,1,2,9,2,1,854,32,3.0,200,DOWN,371,18.0,true,5092,4192,1056,3,897,0,1,1,DOWN,1.0,315.0,472.0,408.0,1205.346,1080.0,1661.0,4.331,
15,MOOSE,Rubbing,1,2,10,2,2,854,32,6.0,300,UP,239,18.0,true,4684,4627,1312,14,43,-1,1,1,UP,1.0,323.0,489.5,422.0,1204.0,1080.0,1661.0,4.331,
15,MOOSE,Rubbing,1,2,11,2,3,854,32,6.0,50,DOWN,162,18.0,true,3785,3600,1136,130,55,-1,1,2,DOWN,1.0,346.426,438.0,438.581,1019.0,1080.0,1661.0,4.331,
15,MOOSE,Rubbing,1,2,12,2,4,854,32,3.0,300,DOWN,658,18.0,true,5656,4719,946,342,595,0,1,2,DOWN,1.0,322.353,450.5,438.0,1107.0,1080.0,1661.0,4.331,
15,MOOSE,Rubbing,1,2,13,2,5,854,32,6.0,200,UP,363,18.0,true,5423,5285,1121,108,30,1,1,1,UP,1.0,342.0,472.0,440.0,1159.0,1080.0,1661.0,4.331,
15,MOOSE,Rubbing,1,2,14,2,6,854,32,3.0,100,UP,136,18.0,true,2553,1777,0,741,35,0,0,0,UP,1.0,355.0,427.0,435.0,1082.0,1080.0,1661.0,4.331,
15,MOOSE,Rubbing,1,2,15,2,7,854,32,3.0,50,DOWN,654,18.0,true,2827,2161,1553,194,472,0,1,1,DOWN,1.0,334.0,471.0,429.0,1039.0,1080.0,1661.0,4.331,
15,MOOSE,Rubbing,1,2,16,2,8,854,32,6.0,100,UP,506,18.0,true,4548,3985,1272,13,550,0,1,1,UP,1.0,341.0,405.0,458.0,1040.0,1080.0,1661.0,4.331,
15,MOOSE,Rubbing,1,2,17,3,1,854,32,3.0,50,UP,637,18.0,true,4500,3362,1473,96,1042,0,1,1,UP,1.0,261.0,346.0,476.0,957.0,1080.0,1661.0,4.331,
15,MOOSE,Rubbing,1,2,18,3,2,854,32,6.0,50,DOWN,333,18.0,true,1931,1359,63,532,40,-1,1,1,UP,1.0,396.0,378.0,449.0,733.0,1080.0,1661.0,4.331,
15,MOOSE,Rubbing,1,2,19,3,3,854,32,3.0,200,UP,379,18.0,true,3829,2960,463,183,686,0,1,1,UP,1.0,341.276,402.5,425.482,1012.0,1080.0,1661.0,4.331,
15,MOOSE,Rubbing,1,2,20,3,4,854,32,3.0,300,DOWN,738,18.0,true,5451,4495,1694,398,558,-1,1,1,DOWN,2.0,326.0,466.0,649.0,1363.5,1080.0,1661.0,4.331,
15,MOOSE,Rubbing,1,2,21,3,5,854,32,6.0,200,DOWN,601,18.0,true,5342,5304,1504,4,34,2,1,2,UP,1.0,323.0,450.0,374.0,1197.0,1080.0,1661.0,4.331,
15,MOOSE,Rubbing,1,2,22,3,6,854,32,6.0,300,UP,283,18.0,true,6627,6016,543,47,564,0,1,1,UP,2.0,246.0,437.5,871.0,1124.0,1080.0,1661.0,4.331,
15,MOOSE,Rubbing,1,2,23,3,7,854,32,3.0,100,DOWN,319,18.0,true,5224,4479,1216,326,419,0,2,2,DOWN,1.0,334.0,441.0,477.0,1151.0,1080.0,1661.0,4.331,
15,MOOSE,Rubbing,1,2,24,3,8,854,32,6.0,100,UP,403,18.0,true,2876,2526,927,29,321,1,1,1,DOWN,1.0,344.0,467.0,418.0,1125.0,1080.0,1661.0,4.331,
15,MOOSE,Rubbing,1,2,25,4,1,854,32,6.0,100,DOWN,519,18.0,true,2546,1056,0,681,809,-1,0,0,DOWN,1.0,307.0,515.0,382.932,1049.5,1080.0,1661.0,4.331,
15,MOOSE,Rubbing,1,2,26,4,2,854,32,3.0,100,UP,195,18.0,true,3053,2753,1250,14,286,0,1,1,DOWN,1.0,335.365,601.0,373.769,1108.0,1080.0,1661.0,4.331,
15,MOOSE,Rubbing,1,2,27,4,3,854,32,3.0,50,DOWN,576,18.0,true,2109,1505,688,154,450,0,1,1,DOWN,1.0,338.26,633.0,380.0,955.048,1080.0,1661.0,4.331,
15,MOOSE,Rubbing,1,2,28,4,4,854,32,6.0,50,UP,62,18.0,true,2134,1600,543,52,482,-2,1,1,UP,1.0,314.0,648.0,363.0,1090.0,1080.0,1661.0,4.331,
15,MOOSE,Rubbing,1,2,29,4,5,854,32,6.0,200,UP,142,18.0,true,4455,4192,1168,17,246,-1,1,1,DOWN,1.0,312.544,427.0,406.0,1103.0,1080.0,1661.0,4.331,
15,MOOSE,Rubbing,1,2,30,4,6,854,32,6.0,300,DOWN,407,18.0,true,4178,3603,1476,102,473,0,1,1,DOWN,1.0,310.991,465.5,455.0,1147.0,1080.0,1661.0,4.331,
15,MOOSE,Rubbing,1,2,31,4,7,854,32,3.0,300,UP,350,18.0,true,5247,4480,2080,140,627,0,2,1,UP,1.0,309.0,440.0,433.0,1116.0,1080.0,1661.0,4.331,
15,MOOSE,Rubbing,1,2,32,4,8,854,32,3.0,200,DOWN,444,18.0,true,3493,2689,1024,277,527,0,1,1,DOWN,1.0,307.632,482.0,361.0,1039.5,1080.0,1661.0,4.331,
15,MOOSE,Rubbing,1,3,1,1,1,854,32,6.0,300,UP,232,18.0,true,4019,2560,0,705,754,2,0,1,DOWN,1.0,278.0,342.0,361.501,1124.0,1080.0,1661.0,4.331,
15,MOOSE,Rubbing,1,3,2,1,2,854,32,3.0,200,UP,236,18.0,true,3653,3297,1039,95,261,0,1,1,DOWN,1.0,296.0,543.0,331.0,1172.0,1080.0,1661.0,4.331,
15,MOOSE,Rubbing,1,3,3,1,3,854,32,3.0,100,DOWN,720,18.0,true,2895,2004,0,812,79,0,0,1,DOWN,1.0,243.0,509.0,305.0,1075.0,1080.0,1661.0,4.331,
15,MOOSE,Rubbing,1,3,4,1,4,854,32,6.0,50,UP,255,18.0,true,3248,2890,1793,319,39,1,1,1,DOWN,1.0,246.482,629.0,275.0,1160.0,1080.0,1661.0,4.331,
15,MOOSE,Rubbing,1,3,5,1,5,854,32,3.0,300,DOWN,748,18.0,true,5311,4511,2304,188,612,0,1,1,DOWN,1.0,202.0,410.0,265.471,1073.0,1080.0,1661.0,4.331,
15,MOOSE,Rubbing,1,3,6,1,6,854,32,3.0,50,DOWN,202,18.0,true,3206,2592,928,129,485,0,1,1,UP,1.0,223.5,464.52,252.524,1105.5,1080.0,1661.0,4.331,
15,MOOSE,Rubbing,1,3,7,1,7,854,32,6.0,100,DOWN,727,18.0,true,3934,3007,1008,31,896,0,1,1,DOWN,1.0,215.0,436.0,272.0,1139.5,1080.0,1661.0,4.331,
15,MOOSE,Rubbing,1,3,8,1,8,854,32,6.0,200,UP,130,18.0,true,5060,4915,2447,107,38,1,1,1,UP,1.0,209.463,594.0,251.0,1175.5,1080.0,1661.0,4.331,
15,MOOSE,Rubbing,1,3,9,2,1,854,32,3.0,100,UP,506,18.0,true,3025,1344,0,749,932,0,0,1,UP,1.0,162.0,511.0,434.268,931.0,1080.0,1661.0,4.331,
15,MOOSE,Rubbing,1,3,10,2,2,854,32,6.0,200,DOWN,725,18.0,true,3722,3104,895,45,573,2,1,1,DOWN,1.0,379.718,429.0,432.0,987.0,1080.0,1661.0,4.331,
15,MOOSE,Rubbing,1,3,11,2,3,854,32,3.0,50,UP,454,18.0,true,2326,2189,1136,87,50,-1,1,1,UP,1.0,372.0,703.5,410.329,1017.5,1080.0,1661.0,4.331,
15,MOOSE,Rubbing,1,3,12,2,4,854,32,6.0,100,UP,32,18.0,true,3047,2432,1152,138,477,-1,1,1,UP,1.0,364.0,398.0,434.0,1035.0,1080.0,1661.0,4.331,
15,MOOSE,Rubbing,1,3,13,2,5,854,32,3.0,200,DOWN,733,18.0,true,3311,2347,225,902,62,1,0,1,DOWN,1.0,363.0,500.0,422.701,925.5,1080.0,1661.0,4.331,
15,MOOSE,Rubbing,1,3,14,2,6,854,32,6.0,50,DOWN,362,18.0,true,2506,1489,0,572,445,0,0,1,UP,1.0,335.5,570.0,388.0,1070.0,1080.0,1661.0,4.331,
15,MOOSE,Rubbing,1,3,15,2,7,854,32,6.0,300,DOWN,775,18.0,true,4439,3439,0,566,434,0,0,1,UP,1.0,335.0,501.0,390.588,1102.5,1080.0,1661.0,4.331,
15,MOOSE,Rubbing,1,3,16,2,8,854,32,3.0,300,UP,297,18.0,true,5153,5074,1217,47,32,-1,0,1,UP,1.0,328.469,391.0,411.0,992.0,1080.0,1661.0,4.331,
15,MOOSE,Rubbing,1,3,17,3,1,854,32,3.0,100,UP,572,18.0,true,4222,3008,241,282,932,0,1,1,DOWN,1.0,321.0,406.0,422.0,1125.0,1080.0,1661.0,4.331,
15,MOOSE,Rubbing,1,3,18,3,2,854,32,3.0,50,DOWN,835,18.0,true,1871,607,0,746,518,-1,1,1,UP,1.0,369.476,478.0,433.228,906.5,1080.0,1661.0,4.331,
15,MOOSE,Rubbing,1,3,19,3,3,854,32,6.0,200,UP,228,18.0,true,3267,2940,335,278,49,-2,1,1,UP,1.0,348.0,431.5,422.0,1095.0,1080.0,1661.0,4.331,
15,MOOSE,Rubbing,1,3,20,3,4,854,32,6.0,100,DOWN,412,18.0,true,3131,2545,1632,89,497,0,1,1,DOWN,1.0,349.0,492.5,406.0,1039.0,1080.0,1661.0,4.331,
15,MOOSE,Rubbing,1,3,21,3,5,854,32,6.0,50,DOWN,148,18.0,true,3663,2545,0,616,502,0,0,1,UP,1.0,309.0,561.0,407.0,1046.0,1080.0,1661.0,4.331,
15,MOOSE,Rubbing,1,3,22,3,6,854,32,6.0,300,DOWN,348,18.0,false,4372,3200,640,647,525,-3,1,1,DOWN,1.0,336.0,531.0,399.0,1074.48,1080.0,1661.0,4.331,
15,MOOSE,Rubbing,1,3,23,3,6,854,32,6.0,300,DOWN,736,18.0,true,4814,3424,1120,72,1318,-1,1,1,DOWN,1.0,319.0,458.0,406.5,1069.0,1080.0,1661.0,4.331,
15,MOOSE,Rubbing,1,3,24,3,7,854,32,3.0,300,UP,367,18.0,true,4826,4144,1312,128,554,0,1,1,UP,1.0,336.0,500.0,448.0,1049.0,1080.0,1661.0,4.331,
15,MOOSE,Rubbing,1,3,25,3,8,854,32,3.0,200,UP,596,18.0,true,3489,2304,160,683,502,0,0,1,DOWN,1.0,355.0,448.0,423.0,1127.0,1080.0,1661.0,4.331,
15,MOOSE,Rubbing,1,3,26,4,1,854,32,3.0,50,UP,631,18.0,true,7819,6928,2657,78,813,0,2,2,DOWN,1.0,302.0,481.0,408.0,1209.0,1080.0,1661.0,4.331,
15,MOOSE,Rubbing,1,3,27,4,2,854,32,6.0,300,UP,209,18.0,true,4030,3931,1135,56,43,0,1,1,UP,1.0,330.0,611.5,392.0,1054.0,1080.0,1661.0,4.331,
15,MOOSE,Rubbing,1,3,28,4,3,854,32,3.0,300,DOWN,665,18.0,true,4869,3984,1249,273,612,1,1,1,DOWN,1.0,327.269,569.0,380.724,1070.0,1080.0,1661.0,4.331,
15,MOOSE,Rubbing,1,3,29,4,4,854,32,3.0,100,DOWN,529,18.0,true,6871,6177,1040,149,545,0,2,2,UP,1.0,303.0,555.5,414.0,1237.5,1080.0,1661.0,4.331,
15,MOOSE,Rubbing,1,3,30,4,5,854,32,3.0,200,DOWN,669,18.0,true,3033,2336,448,121,576,0,1,1,DOWN,1.0,326.297,436.5,399.149,959.0,1080.0,1661.0,4.331,
15,MOOSE,Rubbing,1,3,31,4,6,854,32,6.0,200,DOWN,519,18.0,true,4651,3935,1552,34,682,1,1,1,DOWN,1.0,309.0,452.0,378.125,1181.328,1080.0,1661.0,4.331,
15,MOOSE,Rubbing,1,3,32,4,7,854,32,6.0,100,UP,529,18.0,true,5092,3951,3039,195,946,0,1,1,UP,2.0,303.0,520.0,647.0,1354.0,1080.0,1661.0,4.331,
15,MOOSE,Rubbing,1,3,33,4,8,854,32,6.0,50,UP,449,18.0,true,3218,2319,1695,292,607,2,1,1,UP,1.0,320.0,645.0,390.726,1130.5,1080.0,1661.0,4.331,
15,MOOSE,Rubbing,1,4,1,1,1,854,32,3.0,300,DOWN,754,18.0,true,14826,14080,1902,105,641,-1,0,2,UP,1.0,216.0,358.5,527.0,1123.0,1080.0,1661.0,4.331,
15,MOOSE,Rubbing,1,4,2,1,2,854,32,6.0,300,UP,257,18.0,true,5370,3343,863,1125,902,-1,1,1,UP,1.0,337.0,545.5,393.0,1093.5,1080.0,1661.0,4.331,
15,MOOSE,Rubbing,1,4,3,1,3,854,32,3.0,50,DOWN,492,18.0,true,5177,3585,2927,121,1471,0,2,1,DOWN,1.0,296.0,443.0,361.0,1040.0,1080.0,1661.0,4.331,
15,MOOSE,Rubbing,1,4,4,1,4,854,32,6.0,50,UP,413,18.0,true,2048,640,0,681,727,-2,0,1,UP,1.0,329.0,765.0,354.0,1111.5,1080.0,1661.0,4.331,
15,MOOSE,Rubbing,1,4,5,1,5,854,32,3.0,200,DOWN,427,18.0,true,4663,3888,2160,107,668,0,1,1,DOWN,1.0,304.0,518.0,357.358,1182.0,1080.0,1661.0,4.331,
15,MOOSE,Rubbing,1,4,6,1,6,854,32,6.0,100,UP,117,18.0,true,5159,4288,2783,198,673,1,1,1,UP,1.0,292.0,665.0,332.376,1162.0,1080.0,1661.0,4.331,
15,MOOSE,Rubbing,1,4,7,1,7,854,32,3.0,100,DOWN,770,18.0,true,2091,721,0,776,594,0,0,0,DOWN,1.0,297.45,500.0,353.0,1048.5,1080.0,1661.0,4.331,
15,MOOSE,Rubbing,1,4,8,1,8,854,32,6.0,200,UP,466,18.0,true,3521,2161,161,697,663,1,0,1,UP,1.0,306.456,603.5,344.0,1130.5,1080.0,1661.0,4.331,
15,MOOSE,Rubbing,1,4,9,2,1,854,32,3.0,100,UP,508,18.0,true,4166,2816,1906,345,1005,-1,2,1,UP,1.0,282.0,567.0,368.0,1093.0,1080.0,1661.0,4.331,
15,MOOSE,Rubbing,1,4,10,2,2,854,32,3.0,300,UP,329,18.0,true,3528,2304,0,714,510,0,0,0,UP,2.0,328.5,677.5,697.0,1134.0,1080.0,1661.0,4.331,
15,MOOSE,Rubbing,1,4,11,2,3,854,32,6.0,50,DOWN,102,18.0,true,2953,2592,1583,262,99,-1,1,1,DOWN,1.0,306.509,472.0,381.0,955.0,1080.0,1661.0,4.331,
15,MOOSE,Rubbing,1,4,12,2,4,854,32,6.0,200,DOWN,637,18.0,true,4619,4446,2256,108,65,0,2,1,UP,1.0,300.299,449.0,367.0,1021.0,1080.0,1661.0,4.331,
15,MOOSE,Rubbing,1,4,13,2,5,854,32,3.0,200,UP,596,18.0,true,3909,3087,959,161,661,0,1,1,UP,2.0,313.0,559.0,668.0,1113.0,1080.0,1661.0,4.331,
15,MOOSE,Rubbing,1,4,14,2,6,854,32,3.0,50,UP,766,18.0,true,4045,3375,1407,115,555,0,1,2,DOWN,1.0,312.458,343.0,363.465,1005.5,1080.0,1661.0,4.331,
15,MOOSE,Rubbing,1,4,15,2,7,854,32,6.0,300,DOWN,545,18.0,true,4655,4095,1184,51,509,0,1,1,DOWN,1.0,285.0,467.23,321.873,1176.5,1080.0,1661.0,4.331,
15,MOOSE,Rubbing,1,4,16,2,8,854,32,6.0,100,DOWN,193,18.0,true,2445,1745,0,650,50,1,0,1,DOWN,1.0,274.0,537.0,309.0,1158.0,1080.0,1661.0,4.331,
15,MOOSE,Rubbing,1,4,17,3,1,854,32,3.0,200,DOWN,466,18.0,true,3841,2865,1168,33,943,1,0,1,DOWN,1.0,358.0,542.5,722.5,955.5,1080.0,1661.0,4.331,
15,MOOSE,Rubbing,1,4,18,3,2,854,32,6.0,100,UP,587,18.0,true,3648,3312,1233,189,147,2,1,1,DOWN,1.0,351.0,570.0,379.0,1084.0,1080.0,1661.0,4.331,
15,MOOSE,Rubbing,1,4,19,3,3,854,32,6.0,200,UP,628,18.0,true,4234,3423,1775,88,723,1,1,1,UP,1.0,349.0,453.5,402.0,1125.0,1080.0,1661.0,4.331,
15,MOOSE,Rubbing,1,4,20,3,4,854,32,6.0,300,DOWN,796,18.0,true,6030,5897,1217,85,48,0,2,2,UP,1.0,349.48,399.0,429.0,1083.0,1080.0,1661.0,4.331,
15,MOOSE,Rubbing,1,4,21,3,5,854,32,3.0,100,DOWN,581,18.0,true,2251,864,0,763,624,-1,0,1,DOWN,1.0,359.0,489.0,409.0,948.0,1080.0,1661.0,4.331,
15,MOOSE,Rubbing,1,4,22,3,6,854,32,3.0,50,DOWN,699,18.0,true,3331,2623,1840,26,682,0,1,1,DOWN,1.0,359.482,503.0,387.0,1113.0,1080.0,1661.0,4.331,
15,MOOSE,Rubbing,1,4,23,3,7,854,32,6.0,50,UP,424,18.0,true,1930,1200,560,139,591,-1,1,1,UP,1.0,352.0,760.0,372.0,1090.0,1080.0,1661.0,4.331,
15,MOOSE,Rubbing,1,4,24,3,8,854,32,3.0,300,UP,376,18.0,true,3836,2400,0,903,533,0,0,1,UP,2.0,354.389,589.5,699.0,1171.0,1080.0,1661.0,4.331,
15,MOOSE,Rubbing,1,4,25,4,1,854,32,6.0,100,DOWN,265,18.0,true,3496,2720,1743,39,737,-1,2,1,DOWN,1.0,351.0,430.0,448.0,1058.0,1080.0,1661.0,4.331,
15,MOOSE,Rubbing,1,4,26,4,2,854,32,6.0,50,DOWN,270,18.0,true,2038,1440,752,53,545,1,1,1,DOWN,1.0,371.384,493.0,409.0,887.5,1080.0,1661.0,4.331,
15,MOOSE,Rubbing,1,4,27,4,3,854,32,6.0,200,DOWN,754,18.0,true,2848,1776,0,586,486,0,0,1,DOWN,1.0,353.126,507.0,398.0,1027.5,1080.0,1661.0,4.331,
15,MOOSE,Rubbing,1,4,28,4,4,854,32,6.0,300,UP,492,18.0,true,5450,4913,1121,48,489,0,1,1,UP,1.0,342.0,488.0,442.0,1130.0,1080.0,1661.0,4.331,
15,MOOSE,Rubbing,1,4,29,4,5,854,32,3.0,200,UP,423,18.0,true,6484,6272,4177,145,67,0,2,1,DOWN,1.0,343.0,550.0,432.528,1129.0,1080.0,1661.0,4.331,
15,MOOSE,Rubbing,1,4,30,4,6,854,32,3.0,50,UP,487,18.0,true,4016,3040,927,160,816,0,1,1,DOWN,1.0,327.482,528.0,402.0,1218.0,1080.0,1661.0,4.331,
15,MOOSE,Rubbing,1,4,31,4,7,854,32,3.0,300,DOWN,777,18.0,true,5293,4223,1568,376,694,-1,1,1,UP,1.0,339.0,577.0,398.0,1213.0,1080.0,1661.0,4.331,
15,MOOSE,Rubbing,1,4,32,4,8,854,32,3.0,100,UP,309,18.0,true,6332,5456,1296,117,759,-1,1,2,UP,1.0,291.0,372.0,459.0,1157.0,1080.0,1661.0,4.331,
15,MOOSE,Circle3,2,1,1,1,1,854,32,6.0,100,UP,194,18.0,true,4174,2720,929,644,810,0,1,1,UP,2.0,194.409,638.195,955.0,900.0,1080.0,1661.0,4.331,
15,MOOSE,Circle3,2,1,2,1,2,854,32,3.0,50,DOWN,762,18.0,true,5331,4144,527,561,626,0,1,2,DOWN,3.0,193.0,595.0,1069.402,1916.0,1080.0,1661.0,4.331,
15,MOOSE,Circle3,2,1,3,1,3,854,32,6.0,50,UP,319,18.0,true,4508,3137,320,491,880,1,1,2,UP,3.0,243.0,682.0,1078.0,1912.0,1080.0,1661.0,4.331,
15,MOOSE,Circle3,2,1,4,1,4,854,32,3.0,100,DOWN,273,18.0,true,7489,6513,531,426,550,0,0,1,DOWN,3.0,191.0,682.0,1074.0,1911.0,1080.0,1661.0,4.331,
15,MOOSE,Circle3,2,1,5,1,5,854,32,6.0,300,DOWN,713,18.0,false,9215,8337,3696,173,705,6,2,1,DOWN,1.0,240.264,637.0,502.0,978.0,1080.0,1661.0,4.331,
15,MOOSE,Circle3,2,1,6,1,5,854,32,6.0,200,UP,600,18.0,true,6819,5457,2485,295,1067,-2,2,1,UP,1.0,250.0,631.0,385.0,903.0,1080.0,1661.0,4.331,
15,MOOSE,Circle3,2,1,7,1,6,854,32,3.0,300,DOWN,661,18.0,true,10331,8817,2273,685,829,1,1,1,UP,1.0,237.724,568.0,554.689,956.534,1080.0,1661.0,4.331,
15,MOOSE,Circle3,2,1,8,1,7,854,32,6.0,300,DOWN,318,18.0,true,6681,5985,1265,639,57,-2,1,1,UP,1.0,325.0,645.291,446.482,842.75,1080.0,1661.0,4.331,
15,MOOSE,Circle3,2,1,9,1,8,854,32,3.0,200,UP,503,18.0,true,6120,5199,1921,527,394,1,0,1,DOWN,1.0,356.0,727.5,442.0,811.646,1080.0,1661.0,4.331,
15,MOOSE,Circle3,2,1,10,2,1,854,32,6.0,300,UP,106,18.0,true,7945,5617,513,362,1966,0,1,1,UP,1.0,241.0,756.0,402.0,867.0,1080.0,1661.0,4.331,
15,MOOSE,Circle3,2,1,11,2,2,854,32,3.0,200,DOWN,458,18.0,true,4727,3744,1312,432,551,1,0,1,UP,1.0,341.662,747.305,439.0,788.0,1080.0,1661.0,4.331,
15,MOOSE,Circle3,2,1,12,2,3,854,32,3.0,50,UP,265,18.0,true,14764,13648,817,472,644,-1,2,4,UP,1.0,288.0,704.0,442.0,874.0,1080.0,1661.0,4.331,
15,MOOSE,Circle3,2,1,13,2,4,854,32,6.0,50,DOWN,784,18.0,true,2471,1103,336,449,919,2,1,1,DOWN,1.0,348.5,696.0,475.0,798.5,1080.0,1661.0,4.331,
15,MOOSE,Circle3,2,1,14,2,5,854,32,3.0,300,UP,516,18.0,true,7779,7423,2415,316,40,1,1,1,UP,1.0,281.556,703.0,470.745,967.5,1080.0,1661.0,4.331,
15,MOOSE,Circle3,2,1,15,2,6,854,32,6.0,200,DOWN,236,18.0,true,8425,7473,3762,142,810,1,3,1,UP,1.0,252.0,658.288,472.0,955.0,1080.0,1661.0,4.331,
15,MOOSE,Circle3,2,1,16,2,7,854,32,3.0,100,UP,616,18.0,true,6070,4143,1024,884,1043,1,1,1,UP,1.0,330.0,776.0,464.0,854.0,1080.0,1661.0,4.331,
15,MOOSE,Circle3,2,1,17,2,8,854,32,6.0,100,DOWN,750,18.0,false,5562,4673,1600,522,367,3,0,1,UP,1.0,306.357,623.0,517.974,876.696,1080.0,1661.0,4.331,
15,MOOSE,Circle3,2,1,18,2,8,854,32,6.0,100,DOWN,746,18.0,true,3333,1936,337,438,959,0,1,1,DOWN,1.0,325.319,696.0,424.0,867.5,1080.0,1661.0,4.331,
15,MOOSE,Circle3,2,1,19,3,1,854,32,3.0,200,UP,465,18.0,true,7420,6128,1425,152,1140,0,2,2,UP,1.0,259.0,630.0,416.0,821.726,1080.0,1661.0,4.331,
15,MOOSE,Circle3,2,1,20,3,2,854,32,6.0,100,DOWN,367,18.0,false,3709,2160,350,695,854,-3,1,1,DOWN,1.0,309.558,606.0,437.712,727.719,1080.0,1661.0,4.331,
15,MOOSE,Circle3,2,1,21,3,2,854,32,6.0,200,DOWN,216,18.0,true,8685,3152,255,418,5115,0,1,1,DOWN,1.0,266.0,649.0,458.682,912.0,1080.0,1661.0,4.331,
15,MOOSE,Circle3,2,1,22,3,3,854,32,6.0,300,UP,377,18.0,true,9072,8015,880,739,318,2,1,2,UP,1.0,262.422,667.894,453.503,910.0,1080.0,1661.0,4.331,
15,MOOSE,Circle3,2,1,23,3,4,854,32,6.0,50,DOWN,558,18.0,true,2516,878,208,763,875,2,0,1,DOWN,1.0,315.0,677.0,388.0,833.0,1080.0,1661.0,4.331,
15,MOOSE,Circle3,2,1,24,3,5,854,32,3.0,300,UP,362,18.0,true,7228,5791,1535,549,888,0,1,1,UP,1.0,250.0,698.63,412.0,892.73,1080.0,1661.0,4.331,
15,MOOSE,Circle3,2,1,25,3,6,854,32,6.0,100,DOWN,397,18.0,true,4116,2944,1567,446,726,-2,0,1,DOWN,1.0,178.0,669.0,403.458,861.39,1080.0,1661.0,4.331,
15,MOOSE,Circle3,2,1,26,3,7,854,32,3.0,50,DOWN,675,18.0,true,5310,4399,2704,84,827,-1,1,1,UP,1.0,208.0,672.299,403.717,815.0,1080.0,1661.0,4.331,
15,MOOSE,Circle3,2,1,27,3,8,854,32,3.0,100,UP,367,18.0,true,4319,2975,1473,520,824,0,0,1,UP,1.0,265.04,669.691,410.531,821.5,1080.0,1661.0,4.331,
15,MOOSE,Circle3,2,1,28,4,1,854,32,6.0,300,DOWN,832,18.0,true,6759,4752,209,383,1624,-1,1,1,UP,1.0,257.89,576.514,542.0,944.146,1080.0,1661.0,4.331,
15,MOOSE,Circle3,2,1,29,4,2,854,32,3.0,50,UP,19,18.0,true,16668,15994,14698,554,120,0,3,1,DOWN,1.0,228.0,579.0,492.0,1022.0,1080.0,1661.0,4.331,
15,MOOSE,Circle3,2,1,30,4,3,854,32,6.0,50,UP,109,18.0,true,6475,5151,1536,429,895,0,2,2,UP,1.0,331.0,813.0,420.0,970.375,1080.0,1661.0,4.331,
15,MOOSE,Circle3,2,1,31,4,4,854,32,3.0,300,DOWN,693,18.0,true,6025,4673,202,602,750,1,0,1,DOWN,1.0,313.616,685.0,463.639,1000.667,1080.0,1661.0,4.331,
15,MOOSE,Circle3,2,1,32,4,5,854,32,6.0,200,UP,26,18.0,true,4642,3040,225,644,958,-2,1,1,UP,1.0,261.0,725.279,418.284,952.0,1080.0,1661.0,4.331,
15,MOOSE,Circle3,2,1,33,4,6,854,32,6.0,100,UP,297,18.0,true,5090,4694,2897,350,46,-2,2,1,UP,1.0,266.0,838.0,397.0,928.5,1080.0,1661.0,4.331,
15,MOOSE,Circle3,2,1,34,4,7,854,32,3.0,200,DOWN,652,18.0,true,7097,5792,3424,465,840,0,1,1,DOWN,1.0,288.0,686.061,446.0,911.0,1080.0,1661.0,4.331,
15,MOOSE,Circle3,2,1,35,4,8,854,32,3.0,100,DOWN,705,18.0,true,5823,4594,2241,433,796,0,1,2,DOWN,1.0,299.554,695.0,432.495,887.0,1080.0,1661.0,4.331,
15,MOOSE,Circle3,2,2,1,1,1,854,32,6.0,100,UP,419,18.0,true,4394,2769,464,401,1224,1,1,1,DOWN,1.0,216.0,675.0,402.0,815.0,1080.0,1661.0,4.331,
15,MOOSE,Circle3,2,2,2,1,2,854,32,6.0,50,UP,61,18.0,true,2141,1329,625,56,756,0,1,1,UP,1.0,252.0,725.0,325.762,804.0,1080.0,1661.0,4.331,
15,MOOSE,Circle3,2,2,3,1,3,854,32,3.0,200,UP,562,18.0,true,4705,3137,225,454,1114,0,0,1,UP,1.0,254.277,625.469,389.749,780.0,1080.0,1661.0,4.331,
15,MOOSE,Circle3,2,2,4,1,4,854,32,3.0,100,DOWN,257,18.0,true,3136,2177,273,474,485,1,0,1,UP,1.0,280.382,666.0,387.591,830.0,1080.0,1661.0,4.331,
15,MOOSE,Circle3,2,2,5,1,5,854,32,3.0,300,DOWN,598,18.0,true,10516,9951,3807,246,319,0,2,1,DOWN,1.0,225.0,644.726,406.0,859.646,1080.0,1661.0,4.331,
15,MOOSE,Circle3,2,2,6,1,6,854,32,6.0,300,UP,81,18.0,false,7139,6159,1392,147,833,-3,0,1,UP,1.0,215.0,698.309,406.713,885.325,1080.0,1661.0,4.331,
15,MOOSE,Circle3,2,2,7,1,6,854,32,6.0,300,UP,531,18.0,true,13888,12785,4673,110,993,2,2,2,DOWN,2.0,215.0,667.0,906.0,1010.0,1080.0,1661.0,4.331,
15,MOOSE,Circle3,2,2,8,1,7,854,32,6.0,200,DOWN,673,18.0,true,8627,7279,1727,493,855,0,2,2,UP,1.0,252.0,684.0,444.0,869.0,1080.0,1661.0,4.331,
15,MOOSE,Circle3,2,2,9,1,8,854,32,3.0,50,DOWN,307,18.0,true,4832,3328,1759,672,832,0,0,1,UP,1.0,293.0,677.0,403.5,746.0,1080.0,1661.0,4.331,
15,MOOSE,Circle3,2,2,10,2,1,854,32,6.0,100,DOWN,600,18.0,true,9848,7952,2305,616,1280,2,3,2,DOWN,1.0,249.0,679.0,400.703,857.727,1080.0,1661.0,4.331,
15,MOOSE,Circle3,2,2,11,2,2,854,32,6.0,200,UP,383,18.0,true,8320,7152,0,823,345,1,0,2,UP,1.0,281.0,708.0,440.0,1032.0,1080.0,1661.0,4.331,
15,MOOSE,Circle3,2,2,12,2,3,854,32,6.0,300,DOWN,477,18.0,true,6664,5760,2544,236,668,-1,2,1,DOWN,1.0,243.0,782.0,507.724,934.268,1080.0,1661.0,4.331,
15,MOOSE,Circle3,2,2,13,2,4,854,32,3.0,300,UP,499,18.0,true,6824,5712,2081,434,678,0,1,1,UP,1.0,296.0,748.0,374.703,972.5,1080.0,1661.0,4.331,
15,MOOSE,Circle3,2,2,14,2,5,854,32,3.0,100,UP,495,18.0,true,9305,7856,4048,552,897,-1,2,2,UP,1.0,293.0,709.0,413.5,858.0,1080.0,1661.0,4.331,
15,MOOSE,Circle3,2,2,15,2,6,854,32,6.0,50,DOWN,521,18.0,false,5932,4976,1313,179,777,3,2,3,DOWN,1.0,302.0,620.327,496.0,768.333,1080.0,1661.0,4.331,
15,MOOSE,Circle3,2,2,16,2,6,854,32,6.0,50,DOWN,671,18.0,true,3867,1744,1168,592,1531,2,2,1,DOWN,1.0,349.468,622.0,464.5,761.0,1080.0,1661.0,4.331,
15,MOOSE,Circle3,2,2,17,2,7,854,32,3.0,200,DOWN,618,18.0,true,6568,5792,2719,500,276,0,1,1,UP,1.0,243.0,661.807,474.604,850.023,1080.0,1661.0,4.331,
15,MOOSE,Circle3,2,2,18,2,8,854,32,3.0,50,UP,182,18.0,true,7434,7009,3648,382,43,0,1,1,UP,1.0,207.0,673.318,440.319,801.0,1080.0,1661.0,4.331,
15,MOOSE,Circle3,2,2,19,3,1,854,32,6.0,50,DOWN,290,18.0,true,4037,2480,927,447,1110,0,0,1,UP,2.0,281.0,599.0,949.0,862.0,1080.0,1661.0,4.331,
15,MOOSE,Circle3,2,2,20,3,2,854,32,3.0,50,DOWN,378,18.0,true,3125,1806,639,473,846,-1,1,1,DOWN,1.0,411.0,587.5,461.0,618.5,1080.0,1661.0,4.331,
15,MOOSE,Circle3,2,2,21,3,3,854,32,6.0,100,UP,351,18.0,true,4687,3680,1840,335,672,1,2,1,DOWN,1.0,404.0,584.0,467.0,679.0,1080.0,1661.0,4.331,
15,MOOSE,Circle3,2,2,22,3,4,854,32,3.0,300,UP,526,18.0,true,11082,9983,2352,500,599,1,1,3,DOWN,2.0,314.0,654.0,954.0,859.0,1080.0,1661.0,4.331,
15,MOOSE,Circle3,2,2,23,3,5,854,32,6.0,300,DOWN,741,18.0,true,8448,7214,2960,491,743,-1,1,1,UP,1.0,317.0,644.0,512.0,816.0,1080.0,1661.0,4.331,
15,MOOSE,Circle3,2,2,24,3,6,854,32,3.0,200,UP,378,18.0,true,7018,5425,161,664,929,-1,0,1,DOWN,2.0,343.0,668.293,980.0,847.0,1080.0,1661.0,4.331,
15,MOOSE,Circle3,2,2,25,3,7,854,32,3.0,100,DOWN,418,18.0,true,4920,3408,2306,607,905,1,2,1,DOWN,2.0,370.0,639.0,981.0,829.0,1080.0,1661.0,4.331,
15,MOOSE,Circle3,2,2,26,3,8,854,32,6.0,200,UP,468,18.0,true,6630,5471,1392,409,750,-2,1,1,UP,1.0,272.0,700.0,442.0,851.0,1080.0,1661.0,4.331,
15,MOOSE,Circle3,2,2,27,4,1,854,32,6.0,50,UP,298,18.0,true,3386,1552,943,520,1314,0,2,1,UP,1.0,330.0,721.5,411.0,784.0,1080.0,1661.0,4.331,
15,MOOSE,Circle3,2,2,28,4,2,854,32,6.0,100,DOWN,305,18.0,true,5234,4031,287,596,607,2,1,2,DOWN,1.0,292.0,678.0,420.0,735.402,1080.0,1661.0,4.331,
15,MOOSE,Circle3,2,2,29,4,3,854,32,3.0,200,DOWN,739,18.0,true,8282,7536,2911,381,365,0,2,1,UP,2.0,318.619,635.0,958.0,901.0,1080.0,1661.0,4.331,
15,MOOSE,Circle3,2,2,30,4,4,854,32,6.0,300,UP,94,18.0,true,10646,9536,4784,185,925,0,3,1,UP,2.0,178.0,656.075,1008.0,845.992,1080.0,1661.0,4.331,
15,MOOSE,Circle3,2,2,31,4,5,854,32,3.0,100,UP,525,18.0,true,11227,9953,1761,559,715,-1,3,3,UP,1.0,258.0,716.5,404.0,824.175,1080.0,1661.0,4.331,
15,MOOSE,Circle3,2,2,32,4,6,854,32,3.0,50,UP,177,18.0,true,7756,6560,6081,585,611,-1,2,1,UP,1.0,292.0,683.0,417.0,870.5,1080.0,1661.0,4.331,
15,MOOSE,Circle3,2,2,33,4,7,854,32,6.0,200,DOWN,460,18.0,true,6077,5167,737,292,618,-2,1,1,UP,2.0,334.121,688.5,995.0,936.0,1080.0,1661.0,4.331,
15,MOOSE,Circle3,2,2,34,4,8,854,32,3.0,300,DOWN,479,18.0,true,12132,11008,1328,455,669,1,0,1,UP,2.0,289.0,630.0,1061.0,1902.0,1080.0,1661.0,4.331,
15,MOOSE,Circle3,2,3,1,1,1,854,32,6.0,50,UP,781,18.0,true,2833,1280,624,443,1110,1,1,1,UP,1.0,235.0,631.0,448.0,781.0,1080.0,1661.0,4.331,
15,MOOSE,Circle3,2,3,2,1,2,854,32,6.0,300,DOWN,455,18.0,true,6920,5521,1232,530,869,-2,0,1,UP,1.0,272.0,604.0,442.707,787.4,1080.0,1661.0,4.331,
15,MOOSE,Circle3,2,3,3,1,3,854,32,3.0,300,UP,460,18.0,true,6489,4784,911,841,864,-1,0,1,UP,1.0,247.0,749.279,339.741,823.0,1080.0,1661.0,4.331,
15,MOOSE,Circle3,2,3,4,1,4,854,32,3.0,200,DOWN,796,18.0,true,8627,8129,1425,11,487,-1,2,3,UP,1.0,195.303,711.0,350.0,925.0,1080.0,1661.0,4.331,
15,MOOSE,Circle3,2,3,5,1,5,854,32,6.0,200,UP,606,18.0,true,7254,6097,512,455,702,0,0,2,DOWN,1.0,208.872,782.324,342.7,953.287,1080.0,1661.0,4.331,
15,MOOSE,Circle3,2,3,6,1,6,854,32,3.0,100,UP,635,18.0,true,9062,8207,1246,376,479,0,1,2,DOWN,1.0,251.671,788.0,324.0,928.0,1080.0,1661.0,4.331,
15,MOOSE,Circle3,2,3,7,1,7,854,32,6.0,100,DOWN,274,18.0,true,5767,4384,1374,883,500,2,2,1,UP,1.0,227.0,771.5,272.0,831.0,1080.0,1661.0,4.331,
15,MOOSE,Circle3,2,3,8,1,8,854,32,3.0,50,DOWN,140,18.0,true,5447,4209,1665,455,783,0,0,1,UP,1.0,178.0,792.0,261.0,822.5,1080.0,1661.0,4.331,
15,MOOSE,Circle3,2,3,9,2,1,854,32,6.0,200,DOWN,731,18.0,true,11702,10110,1727,631,961,2,1,2,UP,1.0,220.0,745.0,418.0,984.329,1080.0,1661.0,4.331,
15,MOOSE,Circle3,2,3,10,2,2,854,32,3.0,50,UP,461,18.0,true,10043,8575,6688,768,700,-1,1,1,DOWN,2.0,327.0,819.0,875.0,962.0,1080.0,1661.0,4.331,
15,MOOSE,Circle3,2,3,11,2,3,854,32,6.0,300,UP,376,18.0,true,6717,5329,304,615,773,2,0,2,UP,2.0,267.0,832.5,909.0,916.5,1080.0,1661.0,4.331,
15,MOOSE,Circle3,2,3,12,2,4,854,32,3.0,200,UP,153,18.0,true,5898,4320,144,765,813,0,0,1,UP,1.0,253.0,881.0,295.0,938.0,1080.0,1661.0,4.331,
15,MOOSE,Circle3,2,3,13,2,5,854,32,3.0,100,DOWN,458,18.0,true,8497,7120,1711,664,713,1,1,2,UP,2.0,259.701,898.0,883.0,949.0,1080.0,1661.0,4.331,
15,MOOSE,Circle3,2,3,14,2,6,854,32,6.0,50,DOWN,478,18.0,true,3506,2224,64,872,410,2,0,1,DOWN,1.0,234.0,809.0,310.19,914.0,1080.0,1661.0,4.331,
15,MOOSE,Circle3,2,3,15,2,7,854,32,6.0,100,UP,36,18.0,true,8665,7056,1584,734,875,-1,1,3,UP,2.0,270.0,814.0,884.0,922.0,1080.0,1661.0,4.331,
15,MOOSE,Circle3,2,3,16,2,8,854,32,3.0,300,DOWN,475,18.0,true,19126,17905,4736,470,751,-1,2,2,UP,2.0,256.0,788.341,867.0,978.0,1080.0,1661.0,4.331,
15,MOOSE,Circle3,2,3,17,3,1,854,32,3.0,100,UP,243,18.0,true,4579,2991,944,556,1032,0,1,1,DOWN,2.0,232.0,700.0,947.0,896.0,1080.0,1661.0,4.331,
15,MOOSE,Circle3,2,3,18,3,2,854,32,6.0,50,UP,20,18.0,true,2299,1791,606,391,117,-1,1,1,DOWN,1.0,302.0,843.0,388.0,950.0,1080.0,1661.0,4.331,
15,MOOSE,Circle3,2,3,19,3,3,854,32,3.0,200,DOWN,613,18.0,true,5193,3648,1216,652,893,-1,0,1,DOWN,2.0,352.0,781.0,939.0,939.5,1080.0,1661.0,4.331,
15,MOOSE,Circle3,2,3,20,3,4,854,32,6.0,200,DOWN,283,18.0,true,8015,6639,2688,561,815,1,1,1,UP,1.0,306.0,834.0,436.244,908.5,1080.0,1661.0,4.331,
15,MOOSE,Circle3,2,3,21,3,5,854,32,3.0,300,UP,147,18.0,true,6636,5825,1153,547,264,0,0,1,DOWN,1.0,312.626,791.5,424.0,913.0,1080.0,1661.0,4.331,
15,MOOSE,Circle3,2,3,22,3,6,854,32,6.0,300,DOWN,388,18.0,true,6842,5328,386,746,768,2,0,1,DOWN,1.0,331.0,838.0,403.0,910.0,1080.0,1661.0,4.331,
15,MOOSE,Circle3,2,3,23,3,7,854,32,3.0,50,UP,233,18.0,true,9040,7745,5873,446,849,0,1,1,UP,1.0,321.0,879.0,396.0,954.0,1080.0,1661.0,4.331,
15,MOOSE,Circle3,2,3,24,3,8,854,32,6.0,100,DOWN,115,18.0,false,5720,2625,1344,597,2498,-3,2,1,DOWN,2.0,332.0,877.0,933.0,1000.0,1080.0,1661.0,4.331,
15,MOOSE,Circle3,2,3,25,3,8,854,32,6.0,100,DOWN,412,18.0,true,4611,3103,337,415,1093,-1,1,1,UP,1.0,338.0,865.0,392.324,950.0,1080.0,1661.0,4.331,
15,MOOSE,Circle3,2,3,26,4,1,854,32,3.0,200,UP,409,18.0,true,14891,13168,4240,746,977,1,2,2,UP,1.0,261.0,812.0,364.694,932.0,1080.0,1661.0,4.331,
15,MOOSE,Circle3,2,3,27,4,2,854,32,3.0,100,DOWN,415,18.0,true,6252,4991,368,442,819,0,1,2,UP,1.0,300.0,776.0,377.334,869.0,1080.0,1661.0,4.331,
15,MOOSE,Circle3,2,3,28,4,3,854,32,3.0,300,DOWN,630,18.0,true,13225,12303,674,552,370,0,1,2,DOWN,2.0,258.0,767.0,925.0,929.0,1080.0,1661.0,4.331,
15,MOOSE,Circle3,2,3,29,4,4,854,32,3.0,50,DOWN,734,18.0,true,2491,1648,272,526,317,0,0,1,UP,2.0,365.296,784.291,962.0,880.0,1080.0,1661.0,4.331,
15,MOOSE,Circle3,2,3,30,4,5,854,32,6.0,100,UP,271,18.0,true,4730,4019,1293,675,36,1,0,1,UP,1.0,320.0,832.0,403.0,917.0,1080.0,1661.0,4.331,
15,MOOSE,Circle3,2,3,31,4,6,854,32,6.0,300,UP,415,18.0,true,7837,6623,784,462,752,-1,1,1,DOWN,1.0,276.0,661.0,489.0,941.0,1080.0,1661.0,4.331,
15,MOOSE,Circle3,2,3,32,4,7,854,32,6.0,50,DOWN,72,18.0,true,4856,3536,880,494,826,0,1,2,UP,1.0,314.688,609.0,490.632,821.0,1080.0,1661.0,4.331,
15,MOOSE,Circle3,2,3,33,4,8,854,32,6.0,200,UP,606,18.0,true,4645,3231,704,332,1082,0,1,1,UP,1.0,245.288,663.697,421.685,858.0,1080.0,1661.0,4.331,
15,MOOSE,Circle3,2,4,1,1,1,854,32,6.0,200,UP,164,18.0,true,4316,3055,768,307,954,-1,1,1,UP,1.0,414.0,590.0,535.0,725.0,1080.0,1661.0,4.331,
15,MOOSE,Circle3,2,4,2,1,2,854,32,3.0,50,DOWN,827,18.0,true,2304,1104,720,300,900,0,1,1,DOWN,1.0,448.645,566.0,499.0,654.0,1080.0,1661.0,4.331,
15,MOOSE,Circle3,2,4,3,1,3,854,32,3.0,100,DOWN,297,18.0,true,10457,9279,7198,551,627,0,0,1,UP,1.0,424.308,531.5,513.315,739.615,1080.0,1661.0,4.331,
15,MOOSE,Circle3,2,4,4,1,4,854,32,6.0,300,DOWN,727,18.0,true,6188,4944,143,501,743,-1,1,1,UP,2.0,264.932,597.0,761.0,921.0,1080.0,1661.0,4.331,
15,MOOSE,Circle3,2,4,5,1,5,854,32,6.0,100,DOWN,669,18.0,true,2734,1646,240,467,621,-1,1,1,UP,1.0,361.0,733.248,477.0,856.0,1080.0,1661.0,4.331,
15,MOOSE,Circle3,2,4,6,1,6,854,32,6.0,50,UP,427,18.0,true,4630,3408,943,569,653,-2,1,2,UP,1.0,361.0,747.9,428.746,827.0,1080.0,1661.0,4.331,
15,MOOSE,Circle3,2,4,7,1,7,854,32,3.0,300,UP,510,18.0,true,7498,6416,3438,431,651,0,1,1,UP,1.0,290.359,759.0,408.0,879.536,1080.0,1661.0,4.331,
15,MOOSE,Circle3,2,4,8,1,8,854,32,3.0,200,UP,216,18.0,true,11070,9809,417,445,816,0,0,2,UP,1.0,305.144,818.478,460.506,1019.587,1080.0,1661.0,4.331,
15,MOOSE,Circle3,2,4,9,2,1,854,32,3.0,50,UP,644,18.0,true,9434,6960,6512,652,1822,1,0,1,UP,1.0,322.0,613.0,1060.21,1919.0,1080.0,1661.0,4.331,
15,MOOSE,Circle3,2,4,10,2,2,854,32,3.0,200,DOWN,673,18.0,false,6255,5712,479,229,314,4,2,2,DOWN,1.0,345.152,695.663,415.0,780.0,1080.0,1661.0,4.331,
15,MOOSE,Circle3,2,4,11,2,2,854,32,6.0,100,UP,491,18.0,true,7507,6528,1440,501,478,-1,1,2,UP,1.0,289.0,738.832,401.0,838.679,1080.0,1661.0,4.331,
15,MOOSE,Circle3,2,4,12,2,3,854,32,3.0,200,DOWN,792,18.0,true,9116,8320,1712,598,198,0,2,2,UP,1.0,257.052,776.195,416.0,883.028,1080.0,1661.0,4.331,
15,MOOSE,Circle3,2,4,13,2,4,854,32,3.0,300,DOWN,830,18.0,true,8049,6833,3600,554,662,0,2,1,UP,1.0,263.0,818.19,419.0,890.866,1080.0,1661.0,4.331,
15,MOOSE,Circle3,2,4,14,2,5,854,32,6.0,200,DOWN,653,18.0,true,5222,4465,850,429,328,0,1,1,UP,1.0,226.0,858.621,408.829,1010.342,1080.0,1661.0,4.331,
15,MOOSE,Circle3,2,4,15,2,6,854,32,3.0,100,UP,714,18.0,true,6437,4560,2721,1125,752,1,0,1,UP,1.0,289.0,948.0,339.539,983.0,1080.0,1661.0,4.331,
15,MOOSE,Circle3,2,4,16,2,7,854,32,6.0,50,DOWN,305,18.0,true,9026,8079,2814,537,410,0,3,2,DOWN,1.0,220.5,956.925,312.0,1081.0,1080.0,1661.0,4.331,
15,MOOSE,Circle3,2,4,17,2,8,854,32,6.0,300,UP,80,18.0,true,8913,7648,4577,492,773,1,2,1,UP,1.0,251.04,1070.0,329.0,1159.0,1080.0,1661.0,4.331,
15,MOOSE,Circle3,2,4,18,3,1,854,32,6.0,50,DOWN,247,18.0,true,4331,1983,1422,628,1720,-2,1,1,DOWN,1.0,274.25,633.0,513.0,1106.0,1080.0,1661.0,4.331,
15,MOOSE,Circle3,2,4,19,3,2,854,32,3.0,50,DOWN,708,18.0,true,12640,11873,272,520,247,0,1,2,DOWN,1.0,263.0,663.587,447.0,885.0,1080.0,1661.0,4.331,
15,MOOSE,Circle3,2,4,20,3,3,854,32,3.0,200,UP,593,18.0,true,4822,3327,64,716,779,0,0,1,DOWN,1.0,211.0,651.674,435.0,932.331,1080.0,1661.0,4.331,
15,MOOSE,Circle3,2,4,21,3,4,854,32,3.0,300,DOWN,579,18.0,true,6276,5214,1343,336,726,0,1,1,DOWN,1.0,251.551,685.0,420.35,910.0,1080.0,1661.0,4.331,
15,MOOSE,Circle3,2,4,22,3,5,854,32,3.0,100,DOWN,444,18.0,true,5055,4454,2320,552,49,0,0,1,UP,1.0,294.0,663.0,434.0,839.701,1080.0,1661.0,4.331,
15,MOOSE,Circle3,2,4,23,3,6,854,32,6.0,200,UP,510,18.0,true,5432,4016,1424,461,955,-1,0,1,UP,1.0,326.0,668.0,434.0,854.313,1080.0,1661.0,4.331,
15,MOOSE,Circle3,2,4,24,3,7,854,32,6.0,100,UP,327,18.0,true,3287,1936,832,650,701,0,1,1,UP,1.0,275.0,877.0,416.0,979.0,1080.0,1661.0,4.331,
15,MOOSE,Circle3,2,4,25,3,8,854,32,6.0,300,UP,303,18.0,true,6311,4849,752,752,710,2,1,1,DOWN,1.0,275.0,873.0,482.0,1035.56,1080.0,1661.0,4.331,
15,MOOSE,Circle3,2,4,26,4,1,854,32,3.0,100,UP,494,18.0,true,5354,3200,271,763,1391,0,0,1,DOWN,1.0,181.0,697.0,389.0,962.0,1080.0,1661.0,4.331,
15,MOOSE,Circle3,2,4,27,4,2,854,32,3.0,50,UP,70,18.0,true,14126,13425,1760,498,203,1,1,2,UP,1.0,196.0,836.505,402.261,965.0,1080.0,1661.0,4.331,
15,MOOSE,Circle3,2,4,28,4,3,854,32,6.0,50,UP,368,18.0,true,3662,2385,719,498,779,0,0,1,DOWN,1.0,345.0,817.0,371.0,835.0,1080.0,1661.0,4.331,
15,MOOSE,Circle3,2,4,29,4,4,854,32,3.0,200,DOWN,588,18.0,true,6026,5152,936,619,255,-1,1,1,DOWN,1.0,250.862,828.0,560.11,1109.659,1080.0,1661.0,4.331,
15,MOOSE,Circle3,2,4,30,4,5,854,32,6.0,200,DOWN,311,18.0,true,10059,9874,3729,119,66,-1,2,1,DOWN,1.0,215.0,765.0,558.0,1134.0,1080.0,1661.0,4.331,
15,MOOSE,Circle3,2,4,31,4,6,854,32,3.0,300,UP,460,18.0,true,10901,9936,5569,244,721,0,1,1,DOWN,1.0,161.0,684.0,535.5,998.0,1080.0,1661.0,4.331,
15,MOOSE,Circle3,2,4,32,4,7,854,32,6.0,300,DOWN,351,18.0,true,9437,8384,4368,505,548,2,2,1,UP,1.0,184.385,786.0,499.338,1097.0,1080.0,1661.0,4.331,
15,MOOSE,Circle3,2,4,33,4,8,854,32,6.0,100,DOWN,126,18.0,true,7295,6113,848,474,708,-2,3,2,UP,1.0,199.0,842.0,464.637,1126.0,1080.0,1661.0,4.331,
15,MOOSE,Drag,2,2,1,1,1,854,32,3.0,100,DOWN,128,18.0,true,6644,4976,1054,199,1469,0,1,1,UP,1.0,283.0,404.0,515.0,928.0,1080.0,1661.0,4.331,
15,MOOSE,Drag,2,2,2,1,2,854,32,6.0,100,UP,93,18.0,true,4429,3473,1025,178,778,0,1,1,UP,1.0,442.0,358.0,1031.0,1919.0,1080.0,1661.0,4.331,
15,MOOSE,Drag,2,2,3,1,3,854,32,6.0,50,DOWN,156,18.0,true,2771,2129,1153,124,518,0,1,1,DOWN,1.0,456.0,413.0,503.0,837.5,1080.0,1661.0,4.331,
15,MOOSE,Drag,2,2,4,1,4,854,32,6.0,300,UP,203,18.0,true,9937,9391,1216,84,462,-1,1,1,UP,2.0,227.0,287.0,1034.0,1919.0,1080.0,1661.0,4.331,
15,MOOSE,Drag,2,2,5,1,5,854,32,3.0,200,UP,472,18.0,true,7918,7041,1601,316,561,1,1,1,DOWN,2.0,424.0,241.0,1025.0,1919.0,1080.0,1661.0,4.331,
15,MOOSE,Drag,2,2,6,1,6,854,32,3.0,300,DOWN,827,18.0,true,8882,8352,1082,119,411,0,1,1,DOWN,1.0,474.0,319.0,530.0,930.0,1080.0,1661.0,4.331,
15,MOOSE,Drag,2,2,7,1,7,854,32,6.0,200,DOWN,297,18.0,true,6614,5872,1168,16,726,0,1,1,DOWN,1.0,454.0,431.0,524.0,1060.0,1080.0,1661.0,4.331,
15,MOOSE,Drag,2,2,8,1,8,854,32,3.0,50,UP,619,18.0,true,3371,2176,863,291,904,0,1,1,UP,1.0,459.428,422.0,540.706,967.0,1080.0,1661.0,4.331,
15,MOOSE,Drag,2,2,9,2,1,854,32,6.0,200,UP,46,18.0,true,7800,6991,1360,118,691,-1,1,1,DOWN,1.0,323.0,361.0,489.0,1083.0,1080.0,1661.0,4.331,
15,MOOSE,Drag,2,2,10,2,2,854,32,3.0,50,DOWN,722,18.0,true,2628,2018,1026,83,527,0,1,1,DOWN,1.0,479.0,394.0,538.0,896.0,1080.0,1661.0,4.331,
15,MOOSE,Drag,2,2,11,2,3,854,32,6.0,300,DOWN,407,18.0,true,8546,7742,1135,14,790,0,1,1,DOWN,1.0,455.0,429.0,540.0,1158.0,1080.0,1661.0,4.331,
15,MOOSE,Drag,2,2,12,2,4,854,32,6.0,50,UP,205,18.0,true,2633,1648,751,349,636,0,1,1,UP,1.0,463.0,444.0,535.0,1058.0,1080.0,1661.0,4.331,
15,MOOSE,Drag,2,2,13,2,5,854,32,3.0,300,UP,468,18.0,true,13128,12704,1489,111,313,0,1,1,DOWN,2.0,465.355,300.0,939.509,1041.0,1080.0,1661.0,4.331,
15,MOOSE,Drag,2,2,14,2,6,854,32,3.0,100,UP,444,18.0,true,4689,4461,1099,185,43,0,1,1,UP,1.0,516.0,330.0,620.0,936.0,1080.0,1661.0,4.331,
15,MOOSE,Drag,2,2,15,2,7,854,32,6.0,100,DOWN,783,18.0,true,4099,3568,1344,12,519,0,1,1,UP,1.0,510.0,371.0,593.0,1017.0,1080.0,1661.0,4.331,
15,MOOSE,Drag,2,2,16,2,8,854,32,3.0,200,DOWN,805,18.0,true,6329,5504,1376,109,716,1,1,1,DOWN,1.0,478.0,387.0,598.0,1130.0,1080.0,1661.0,4.331,
15,MOOSE,Drag,2,2,17,3,1,854,32,6.0,100,UP,580,18.0,true,4384,3439,767,154,791,0,1,1,UP,2.0,458.48,288.0,930.0,913.0,1080.0,1661.0,4.331,
15,MOOSE,Drag,2,2,18,3,2,854,32,3.0,100,DOWN,615,18.0,true,4667,3520,1378,388,759,-1,0,1,DOWN,1.0,499.0,315.0,611.0,1032.0,1080.0,1661.0,4.331,
15,MOOSE,Drag,2,2,19,3,3,854,32,3.0,50,UP,16,18.0,true,2502,1872,384,517,113,0,0,1,DOWN,1.0,515.585,368.0,646.0,902.0,1080.0,1661.0,4.331,
15,MOOSE,Drag,2,2,20,3,4,854,32,6.0,200,DOWN,464,18.0,true,5629,5330,770,208,91,0,1,1,DOWN,1.0,484.0,374.0,606.0,1068.0,1080.0,1661.0,4.331,
15,MOOSE,Drag,2,2,21,3,5,854,32,6.0,300,DOWN,738,18.0,true,7843,6689,721,514,640,1,1,1,DOWN,1.0,425.0,385.0,554.0,1089.5,1080.0,1661.0,4.331,
15,MOOSE,Drag,2,2,22,3,6,854,32,3.0,300,UP,314,18.0,true,11328,11262,1312,27,39,0,1,1,UP,2.0,363.0,281.0,935.0,1011.0,1080.0,1661.0,4.331,
15,MOOSE,Drag,2,2,23,3,7,854,32,3.0,200,DOWN,775,18.0,true,6448,5599,1057,255,594,0,1,1,DOWN,1.0,486.0,329.0,584.0,990.0,1080.0,1661.0,4.331,
15,MOOSE,Drag,2,2,24,3,8,854,32,6.0,50,UP,583,18.0,true,2517,1983,959,44,490,0,1,1,UP,1.0,499.399,353.0,590.0,902.0,1080.0,1661.0,4.331,
15,MOOSE,Drag,2,2,25,4,1,854,32,3.0,100,UP,251,18.0,true,4674,3584,1375,78,1012,0,2,1,UP,1.0,463.0,336.0,598.0,956.0,1080.0,1661.0,4.331,
15,MOOSE,Drag,2,2,26,4,2,854,32,6.0,200,UP,581,18.0,true,8582,7968,904,189,425,-1,1,1,DOWN,2.0,475.0,295.0,929.0,1017.0,1080.0,1661.0,4.331,
15,MOOSE,Drag,2,2,27,4,3,854,32,3.0,50,DOWN,514,18.0,true,3218,2496,849,190,532,0,1,1,DOWN,1.0,502.0,325.0,614.0,927.5,1080.0,1661.0,4.331,
15,MOOSE,Drag,2,2,28,4,4,854,32,3.0,200,UP,501,18.0,true,6655,6016,1424,42,597,0,1,1,UP,1.0,481.665,295.0,638.0,977.0,1080.0,1661.0,4.331,
15,MOOSE,Drag,2,2,29,4,5,854,32,6.0,100,DOWN,488,18.0,true,4714,4256,897,293,165,-1,2,1,DOWN,1.0,491.512,349.0,618.0,1051.0,1080.0,1661.0,4.331,
15,MOOSE,Drag,2,2,30,4,6,854,32,3.0,300,DOWN,415,18.0,true,10098,9970,1120,64,64,0,1,1,UP,1.0,264.0,390.0,599.0,1379.0,1080.0,1661.0,4.331,
15,MOOSE,Drag,2,2,31,4,7,854,32,6.0,300,UP,523,18.0,true,10241,9586,1201,46,609,0,1,1,UP,2.0,435.0,298.0,858.0,1271.0,1080.0,1661.0,4.331,
15,MOOSE,Drag,2,2,32,4,8,854,32,6.0,50,DOWN,456,18.0,true,2969,2145,993,12,812,0,1,1,DOWN,1.0,503.0,492.0,590.0,1034.5,1080.0,1661.0,4.331,
