ID, Device, Mode, Trial Number, Block Number, Trial in Block, Text Length (lines), Visible Lines, Frame Height, Distance, Direction, Target Line, Line Height, Hit, (T) Trial, (T) Scroll, (T) Fine Tune, (T) Select, (T) Start Scroll, Distance from middle (lines), #Target in frame, #Target visible, Start direction, Finger count, Finger positions X-MIN, Finger positions Y-MIN, Finger positions X-MAX, Finger positions Y-MAX, Scroll area size X, Scroll area size Y, Pixels per mm (of PC)  
1,MOOSE,Rubbing,1,1,1,854,32,3.0,70,UP,701,18.0,true,6486,5185,1823,275,1026,2,2,1,DOWN,2.0,303.0,457.0,1065.5,1919.0,1080.0,1163.0,4.330708661417323
1,MOOSE,Rubbing,2,1,2,854,32,3.0,20,DOWN,101,18.0,true,2433,1471,400,510,452,2,0,1,UP,2.0,353.4664306640625,596.0,380.0,877.6007080078125,1080.0,1163.0,4.330708661417323
1,MOOSE,Rubbing,3,1,3,854,32,3.0,170,DOWN,184,18.0,true,6564,5774,2239,253,537,2,1,1,DOWN,2.0,351.0,563.0,815.0,814.5,1080.0,1163.0,4.330708661417323
1,MOOSE,Rubbing,4,1,4,854,32,6.0,170,UP,659,18.0,true,5328,4848,447,425,55,2,0,1,UP,2.0,370.0,593.0,817.5,782.5,1080.0,1163.0,4.330708661417323
1,MOOSE,Rubbing,5,1,5,854,32,6.0,220,UP,201,18.0,true,8653,7889,3153,342,422,2,2,1,UP,2.0,375.0,577.0,822.0,1105.0,1080.0,1163.0,4.330708661417323
1,MOOSE,Rubbing,6,1,6,854,32,3.0,170,UP,273,18.0,true,8499,8375,4577,61,63,2,2,1,DOWN,2.0,392.0,603.0,465.0,1049.0,1080.0,1163.0,4.330708661417323
1,MOOSE,Rubbing,7,1,7,854,32,6.0,70,DOWN,115,18.0,true,2947,1520,175,573,854,2,0,1,DOWN,2.0,405.0,601.0,461.0,790.5,1080.0,1163.0,4.330708661417323
1,MOOSE,Rubbing,8,1,8,854,32,6.0,20,DOWN,542,18.0,true,4038,3200,2575,278,560,3,2,1,UP,2.0,399.0,597.0,476.48040771484375,868.0,1080.0,1163.0,4.330708661417323
1,MOOSE,Rubbing,9,1,9,854,32,3.0,220,DOWN,522,18.0,true,10426,9616,5568,87,723,2,2,1,DOWN,2.0,396.5,585.0,824.0,949.5,1080.0,1163.0,4.330708661417323
1,MOOSE,Rubbing,10,1,10,854,32,3.0,120,DOWN,690,18.0,true,5881,4929,2432,308,644,2,2,1,DOWN,2.0,426.0,610.5,485.5,959.0,1080.0,1163.0,4.330708661417323
1,MOOSE,Rubbing,11,1,11,854,32,6.0,20,UP,258,18.0,true,3380,3148,2288,189,43,1,1,1,UP,2.0,419.0,607.5261840820312,483.5,887.0,1080.0,1163.0,4.330708661417323
1,MOOSE,Rubbing,12,1,12,854,32,6.0,220,DOWN,239,18.0,true,5836,4961,1472,244,631,1,1,1,DOWN,2.0,402.83642578125,588.0,491.0,979.181396484375,1080.0,1163.0,4.330708661417323
1,MOOSE,Rubbing,13,1,13,854,32,3.0,120,UP,533,18.0,true,7492,6815,2048,134,543,1,1,2,UP,2.0,415.6386413574219,598.0,493.68389892578125,928.5,1080.0,1163.0,4.330708661417323
1,MOOSE,Rubbing,14,1,14,854,32,3.0,20,UP,680,18.0,true,5375,4527,1583,782,66,2,0,1,UP,2.0,414.4390869140625,618.0,470.5,997.0,1080.0,1163.0,4.330708661417323
1,MOOSE,Rubbing,15,1,15,854,32,6.0,170,DOWN,332,18.0,true,5853,5055,1600,309,489,2,1,1,UP,2.0,411.0,582.0,825.0,911.5,1080.0,1163.0,4.330708661417323
1,MOOSE,Rubbing,16,1,16,854,32,3.0,70,DOWN,192,18.0,false,4741,4428,2224,277,36,3,1,1,UP,2.0,425.0,595.0,516.0,893.0,1080.0,1163.0,4.330708661417323
1,MOOSE,Rubbing,17,1,17,854,32,6.0,70,UP,14,18.0,true,2821,2090,0,692,39,-1,0,1,UP,2.0,444.0,621.5,493.0,836.0,1080.0,1163.0,4.330708661417323
1,MOOSE,Rubbing,18,1,18,854,32,3.0,220,UP,518,18.0,true,7647,6687,2528,164,796,2,2,1,UP,2.0,397.4137878417969,592.0,498.0,1016.6422729492188,1080.0,1163.0,4.330708661417323
1,MOOSE,Rubbing,19,1,19,854,32,6.0,120,DOWN,540,18.0,true,3094,1759,0,629,706,2,0,1,DOWN,2.0,439.0,602.5,512.0,854.5,1080.0,1163.0,4.330708661417323
1,MOOSE,Rubbing,20,1,20,854,32,6.0,120,UP,205,18.0,true,3502,2712,0,750,40,2,0,1,UP,2.0,444.0,620.5,517.0,909.0,1080.0,1163.0,4.330708661417323
1,MOOSE,Rubbing,21,2,1,854,32,6.0,170,UP,352,18.0,true,4440,2688,0,558,1194,1,0,1,UP,2.0,432.0,624.5,508.0,878.5,1080.0,1163.0,4.330708661417323
1,MOOSE,Rubbing,22,2,2,854,32,6.0,70,DOWN,464,18.0,false,2842,1424,272,792,626,5,0,1,DOWN,2.0,437.0,589.5,486.0,834.5,1080.0,1163.0,4.330708661417323
1,MOOSE,Rubbing,23,2,3,854,32,3.0,120,UP,391,18.0,false,4843,3661,1488,1149,33,0,1,1,UP,2.0,426.0,584.0,492.0,864.0,1080.0,1163.0,4.330708661417323
1,MOOSE,Rubbing,24,2,4,854,32,3.0,70,UP,241,18.0,true,3723,2928,1696,38,757,1,1,1,UP,2.0,419.0,624.5,513.0,910.0,1080.0,1163.0,4.330708661417323
1,MOOSE,Rubbing,25,2,5,854,32,6.0,220,UP,298,18.0,true,8039,7088,1151,204,747,1,1,1,DOWN,2.0,405.0,616.5,826.0,942.0,1080.0,1163.0,4.330708661417323
1,MOOSE,Rubbing,26,2,6,854,32,3.0,20,DOWN,379,18.0,true,3336,2304,1744,398,634,1,2,1,DOWN,2.0,433.0,610.0,509.0,881.0,1080.0,1163.0,4.330708661417323
1,MOOSE,Rubbing,27,2,7,854,32,6.0,70,UP,178,18.0,true,3344,2591,1311,125,628,2,1,1,UP,2.0,430.0,622.5009155273438,509.0,899.0,1080.0,1163.0,4.330708661417323
1,MOOSE,Rubbing,28,2,8,854,32,6.0,120,DOWN,504,18.0,true,3513,2176,0,558,779,4,0,1,DOWN,2.0,411.0,623.0,498.0,938.3926391601562,1080.0,1163.0,4.330708661417323
1,MOOSE,Rubbing,29,2,9,854,32,6.0,170,DOWN,407,18.0,true,4064,2768,0,518,778,2,0,1,DOWN,2.0,413.0,608.5,500.5,907.0,1080.0,1163.0,4.330708661417323
1,MOOSE,Rubbing,30,2,10,854,32,3.0,220,UP,314,18.0,true,6107,5072,1792,364,671,3,1,1,UP,2.0,412.0,598.0,515.0,934.0,1080.0,1163.0,4.330708661417323
1,MOOSE,Rubbing,31,2,11,854,32,3.0,170,UP,499,18.0,true,4552,3759,1439,96,697,1,1,1,UP,2.0,416.0,609.0,521.0,937.0,1080.0,1163.0,4.330708661417323
1,MOOSE,Rubbing,32,2,12,854,32,6.0,120,UP,17,18.0,true,3696,3121,0,542,33,2,0,1,UP,2.0,427.5044860839844,624.5,507.0,899.0,1080.0,1163.0,4.330708661417323
1,MOOSE,Rubbing,33,2,13,854,32,3.0,170,DOWN,719,18.0,true,6563,5696,2943,342,525,1,1,1,DOWN,2.0,420.0,618.0,520.0,878.0,1080.0,1163.0,4.330708661417323
1,MOOSE,Rubbing,34,2,14,854,32,3.0,220,DOWN,411,18.0,true,6759,6498,1345,230,31,2,1,1,UP,2.0,399.0,597.0,502.5,977.5,1080.0,1163.0,4.330708661417323
1,MOOSE,Rubbing,35,2,15,854,32,6.0,20,DOWN,545,18.0,true,4424,3248,3135,549,627,1,1,1,DOWN,2.0,433.0,610.5,518.0,898.0,1080.0,1163.0,4.330708661417323
1,MOOSE,Rubbing,36,2,16,854,32,3.0,20,UP,816,18.0,true,5832,5217,3777,106,509,2,1,1,DOWN,2.0,399.0,603.516845703125,522.0,923.0,1080.0,1163.0,4.330708661417323
1,MOOSE,Rubbing,37,2,17,854,32,3.0,120,DOWN,286,18.0,true,4431,3728,1504,101,602,2,1,1,DOWN,2.0,420.5,621.0,492.0,847.0,1080.0,1163.0,4.330708661417323
1,MOOSE,Rubbing,38,2,18,854,32,3.0,70,DOWN,132,18.0,true,3622,3389,1057,196,37,2,1,1,UP,2.0,420.0,607.0,536.0,840.4398803710938,1080.0,1163.0,4.330708661417323
1,MOOSE,Rubbing,39,2,19,854,32,6.0,20,UP,782,18.0,true,5110,3791,1776,628,691,1,1,1,DOWN,2.0,391.4142150878906,636.0,452.5,901.0,1080.0,1163.0,4.330708661417323
1,MOOSE,Rubbing,40,2,20,854,32,6.0,220,DOWN,466,18.0,true,5656,4971,0,647,38,4,0,1,UP,2.0,415.0,615.0,481.0,860.4988403320312,1080.0,1163.0,4.330708661417323
1,MOOSE,Rubbing,41,3,1,854,32,3.0,170,DOWN,527,18.0,false,8276,7470,2560,217,589,3,1,2,DOWN,2.0,415.0,600.0,505.0,883.0,1080.0,1163.0,4.330708661417323
1,MOOSE,Rubbing,42,3,2,854,32,6.0,70,UP,92,18.0,true,3436,2575,1152,35,826,0,1,1,UP,2.0,417.5,596.576416015625,483.3916931152344,849.0,1080.0,1163.0,4.330708661417323
1,MOOSE,Rubbing,43,3,3,854,32,6.0,120,UP,283,18.0,true,5223,4496,1792,342,385,1,1,1,UP,2.0,400.0,590.0,478.0,922.4777221679688,1080.0,1163.0,4.330708661417323
1,MOOSE,Rubbing,44,3,4,854,32,6.0,170,DOWN,508,18.0,true,7650,6992,3952,22,636,3,2,1,DOWN,2.0,392.0,592.0,503.5,922.4777221679688,1080.0,1163.0,4.330708661417323
1,MOOSE,Rubbing,45,3,5,854,32,3.0,220,UP,214,18.0,true,11457,10976,3200,317,164,1,1,2,DOWN,2.0,376.5,601.0,500.0,1046.0,1080.0,1163.0,4.330708661417323
1,MOOSE,Rubbing,46,3,6,854,32,3.0,220,DOWN,808,18.0,true,5585,4673,1681,309,603,2,1,1,DOWN,2.0,388.0,615.5183715820312,492.0,927.4819946289062,1080.0,1163.0,4.330708661417323
1,MOOSE,Rubbing,47,3,7,854,32,6.0,70,DOWN,430,18.0,true,2573,1870,0,669,34,3,0,1,UP,2.0,419.0,621.0,498.0,869.5,1080.0,1163.0,4.330708661417323
1,MOOSE,Rubbing,48,3,8,854,32,6.0,20,DOWN,162,18.0,true,3651,2209,1569,619,823,1,1,1,DOWN,2.0,424.5,610.0,505.0,869.5,1080.0,1163.0,4.330708661417323
1,MOOSE,Rubbing,49,3,9,854,32,3.0,20,UP,258,18.0,true,3590,2400,1806,640,550,2,0,1,UP,2.0,406.5,620.0,510.0,935.2097778320312,1080.0,1163.0,4.330708661417323
1,MOOSE,Rubbing,50,3,10,854,32,6.0,20,UP,470,18.0,true,2371,991,815,525,855,3,0,1,UP,2.0,423.5975646972656,627.0,500.0,869.0,1080.0,1163.0,4.330708661417323
1,MOOSE,Rubbing,51,3,11,854,32,6.0,120,DOWN,244,18.0,true,6156,5280,3040,213,663,2,1,1,DOWN,2.0,419.0,599.0,526.4483642578125,889.0,1080.0,1163.0,4.330708661417323
1,MOOSE,Rubbing,52,3,12,854,32,3.0,20,DOWN,784,18.0,true,5153,5054,1968,62,37,2,1,2,UP,2.0,392.0,612.0,513.2357788085938,967.4743041992188,1080.0,1163.0,4.330708661417323
1,MOOSE,Rubbing,53,3,13,854,32,3.0,70,DOWN,571,18.0,true,3696,2656,1264,405,635,1,1,1,DOWN,2.0,393.0,611.0,495.0,995.0,1080.0,1163.0,4.330708661417323
1,MOOSE,Rubbing,54,3,14,854,32,3.0,120,UP,17,18.0,true,6240,6082,2718,126,32,1,1,1,UP,2.0,396.0,605.0,509.0,996.0,1080.0,1163.0,4.330708661417323
1,MOOSE,Rubbing,55,3,15,854,32,3.0,120,DOWN,653,18.0,true,5262,4017,1712,542,703,1,1,1,DOWN,2.0,409.0,603.0,521.0,931.5,1080.0,1163.0,4.330708661417323
1,MOOSE,Rubbing,56,3,16,854,32,3.0,70,UP,445,18.0,true,6172,6047,4144,77,48,2,1,1,UP,2.0,387.0,598.0,485.5,1013.0,1080.0,1163.0,4.330708661417323
1,MOOSE,Rubbing,57,3,17,854,32,6.0,220,UP,225,18.0,true,5550,4801,1905,140,609,0,1,1,UP,2.0,402.0,609.5344848632812,509.0,956.5,1080.0,1163.0,4.330708661417323
1,MOOSE,Rubbing,58,3,18,854,32,6.0,220,DOWN,693,18.0,true,4495,3344,0,534,617,1,0,1,DOWN,2.0,413.0,601.0,531.0,904.5,1080.0,1163.0,4.330708661417323
1,MOOSE,Rubbing,59,3,19,854,32,3.0,170,UP,242,18.0,true,8888,8225,5457,180,483,2,1,1,UP,2.0,381.0,593.0,517.5,1044.0,1080.0,1163.0,4.330708661417323
1,MOOSE,Rubbing,60,3,20,854,32,6.0,170,UP,470,18.0,true,6787,6641,1633,78,68,1,1,1,DOWN,2.0,400.0,617.0,505.4495849609375,940.0,1080.0,1163.0,4.330708661417323
1,MOOSE,Circle3,1,1,1,854,32,6.0,20,UP,437,18.0,true,3056,1504,1056,246,1306,0,1,1,UP,2.0,311.0,561.0,990.0,1919.0,1080.0,1163.0,4.330708661417323
1,MOOSE,Circle3,2,1,2,854,32,3.0,170,DOWN,699,18.0,true,13701,12368,1615,518,815,2,0,1,DOWN,2.0,351.45489501953125,561.0,859.0,852.52978515625,1080.0,1163.0,4.330708661417323
1,MOOSE,Circle3,3,1,3,854,32,6.0,120,UP,216,18.0,true,7454,6737,1650,212,505,3,1,1,DOWN,2.0,344.7668762207031,582.5718383789062,830.0,872.2402954101562,1080.0,1163.0,4.330708661417323
1,MOOSE,Circle3,4,1,4,854,32,3.0,120,DOWN,545,18.0,true,10546,9567,5215,463,516,2,3,1,UP,2.0,346.41912841796875,579.0,855.0,851.1134643554688,1080.0,1163.0,4.330708661417323
1,MOOSE,Circle3,5,1,5,854,32,3.0,20,DOWN,256,18.0,false,7757,7430,6607,285,42,3,1,1,UP,2.0,361.0,579.0,856.0,854.5,1080.0,1163.0,4.330708661417323
1,MOOSE,Circle3,6,1,6,854,32,3.0,20,UP,357,18.0,true,3776,3087,2432,286,403,2,1,1,DOWN,2.0,374.0,618.5,610.0,853.4888305664062,1080.0,1163.0,4.330708661417323
1,MOOSE,Circle3,7,1,7,854,32,6.0,20,DOWN,135,18.0,true,4740,4001,2033,149,590,0,1,1,UP,2.0,402.5,602.4813842773438,629.5210571289062,828.0,1080.0,1163.0,4.330708661417323
1,MOOSE,Circle3,8,1,8,854,32,3.0,220,DOWN,328,18.0,true,10228,9104,752,449,675,2,1,1,DOWN,2.0,352.4916076660156,583.0,640.5,849.0,1080.0,1163.0,4.330708661417323
1,MOOSE,Circle3,9,1,9,854,32,6.0,220,UP,412,18.0,true,9862,9136,976,36,690,2,1,1,DOWN,2.0,358.48284912109375,591.4141845703125,859.0,877.0,1080.0,1163.0,4.330708661417323
1,MOOSE,Circle3,10,1,10,854,32,6.0,220,DOWN,349,18.0,true,10272,9168,1392,311,793,1,1,1,UP,2.0,381.0512390136719,588.5297241210938,656.0,852.505859375,1080.0,1163.0,4.330708661417323
1,MOOSE,Circle3,11,1,11,854,32,6.0,120,DOWN,248,18.0,true,5223,4257,529,484,482,0,1,1,DOWN,2.0,400.0,594.4393310546875,656.1716918945312,854.5284423828125,1080.0,1163.0,4.330708661417323
1,MOOSE,Circle3,12,1,12,854,32,3.0,70,DOWN,646,18.0,true,4769,4160,1743,191,418,3,1,1,DOWN,2.0,352.0,593.3303833007812,606.0,874.0,1080.0,1163.0,4.330708661417323
1,MOOSE,Circle3,13,1,13,854,32,3.0,70,UP,551,18.0,true,5638,4719,2047,191,728,2,1,1,DOWN,2.0,356.0,601.0,860.0,884.0,1080.0,1163.0,4.330708661417323
1,MOOSE,Circle3,14,1,14,854,32,6.0,70,DOWN,425,18.0,true,5040,4874,1520,127,39,3,1,1,UP,2.0,365.0,602.0,863.0,905.7366943359375,1080.0,1163.0,4.330708661417323
1,MOOSE,Circle3,15,1,15,854,32,3.0,120,UP,592,18.0,true,7854,7119,2175,189,546,2,1,1,DOWN,2.0,353.0,591.4788208007812,866.0,937.7556762695312,1080.0,1163.0,4.330708661417323
1,MOOSE,Circle3,16,1,16,854,32,3.0,220,UP,15,18.0,false,11110,10352,1873,220,538,0,0,1,UP,2.0,351.0,586.4666748046875,871.0,898.53515625,1080.0,1163.0,4.330708661417323
1,MOOSE,Circle3,17,1,17,854,32,6.0,70,UP,216,18.0,true,4663,4112,1535,29,522,1,1,1,UP,2.0,370.4924011230469,620.4586181640625,644.0,956.0050659179688,1080.0,1163.0,4.330708661417323
1,MOOSE,Circle3,18,1,18,854,32,3.0,170,UP,143,18.0,true,7630,6849,1648,227,554,2,1,1,UP,2.0,331.45245361328125,580.0,656.3235473632812,877.4986572265625,1080.0,1163.0,4.330708661417323
1,MOOSE,Circle3,19,1,19,854,32,6.0,170,DOWN,620,18.0,true,8820,7728,1201,309,783,3,1,1,UP,2.0,311.0,594.0,612.4928588867188,904.0,1080.0,1163.0,4.330708661417323
1,MOOSE,Circle3,20,1,20,854,32,6.0,170,UP,155,18.0,true,10368,9894,1600,428,46,3,1,1,UP,2.0,339.0,592.4998779296875,659.4956665039062,915.0084838867188,1080.0,1163.0,4.330708661417323
1,MOOSE,Circle3,21,2,1,854,32,3.0,220,DOWN,536,18.0,true,10001,9345,1200,181,475,2,1,1,DOWN,2.0,312.4545593261719,587.0,611.0,924.050537109375,1080.0,1163.0,4.330708661417323
1,MOOSE,Circle3,22,2,2,854,32,6.0,220,UP,368,18.0,true,10241,9360,735,351,530,2,1,1,DOWN,2.0,341.0,597.5216674804688,873.0,993.030517578125,1080.0,1163.0,4.330708661417323
1,MOOSE,Circle3,23,2,3,854,32,6.0,170,DOWN,729,18.0,true,8323,7729,1201,213,381,3,1,1,UP,2.0,328.548828125,589.451416015625,602.4077758789062,890.0,1080.0,1163.0,4.330708661417323
1,MOOSE,Circle3,24,2,4,854,32,6.0,170,UP,42,18.0,true,9326,8963,1200,332,31,2,1,1,UP,2.0,347.0,588.0,874.0,899.4445190429688,1080.0,1163.0,4.330708661417323
1,MOOSE,Circle3,25,2,5,854,32,6.0,20,UP,27,18.0,true,3046,2129,1440,268,649,3,1,1,UP,2.0,349.5228576660156,617.0,617.4440307617188,857.5668334960938,1080.0,1163.0,4.330708661417323
1,MOOSE,Circle3,26,2,6,854,32,3.0,20,UP,540,18.0,true,2749,1519,1200,470,760,3,1,1,UP,2.0,340.5025939941406,625.0,584.0,914.5409545898438,1080.0,1163.0,4.330708661417323
1,MOOSE,Circle3,27,2,7,854,32,3.0,120,UP,607,18.0,true,6089,5472,928,228,389,2,1,1,UP,2.0,352.48382568359375,597.0,883.0,888.454345703125,1080.0,1163.0,4.330708661417323
1,MOOSE,Circle3,28,2,8,854,32,6.0,120,UP,96,18.0,true,6022,5888,1503,101,33,1,1,1,UP,2.0,331.9981994628906,601.0,640.59033203125,1001.4320068359375,1080.0,1163.0,4.330708661417323
1,MOOSE,Circle3,29,2,9,854,32,3.0,70,UP,558,18.0,true,5282,4128,1375,558,596,2,1,1,UP,2.0,328.4569091796875,597.4910888671875,596.0774536132812,923.0,1080.0,1163.0,4.330708661417323
1,MOOSE,Circle3,30,2,10,854,32,6.0,70,DOWN,603,18.0,true,4317,3695,1071,206,416,2,1,1,UP,2.0,343.0,607.15576171875,646.9663696289062,935.9649047851562,1080.0,1163.0,4.330708661417323
1,MOOSE,Circle3,31,2,11,854,32,3.0,170,DOWN,711,18.0,true,9055,8176,1648,247,632,2,1,1,DOWN,2.0,329.0,592.4871215820312,642.9649047851562,888.0,1080.0,1163.0,4.330708661417323
1,MOOSE,Circle3,32,2,12,854,32,3.0,220,UP,164,18.0,true,12645,12352,2544,262,31,2,2,1,UP,2.0,336.4541320800781,580.4990234375,651.7640380859375,929.1925048828125,1080.0,1163.0,4.330708661417323
1,MOOSE,Circle3,33,2,13,854,32,3.0,120,DOWN,357,18.0,true,6320,5233,913,454,633,1,0,1,UP,2.0,350.0,595.8797607421875,669.706298828125,937.9326171875,1080.0,1163.0,4.330708661417323
1,MOOSE,Circle3,34,2,14,854,32,6.0,220,DOWN,707,18.0,true,9734,8992,1088,325,417,1,1,1,DOWN,2.0,358.0,596.5800170898438,888.0,937.8008422851562,1080.0,1163.0,4.330708661417323
1,MOOSE,Circle3,35,2,15,854,32,6.0,120,DOWN,497,18.0,true,5535,5381,993,124,30,-1,1,1,UP,2.0,352.0,591.0,891.0,894.5845947265625,1080.0,1163.0,4.330708661417323
1,MOOSE,Circle3,36,2,16,854,32,3.0,70,DOWN,287,18.0,true,4374,3393,993,253,728,2,0,1,DOWN,2.0,349.2680358886719,601.1373901367188,668.4302368164062,870.0,1080.0,1163.0,4.330708661417323
1,MOOSE,Circle3,37,2,17,854,32,6.0,20,DOWN,44,18.0,true,2857,2610,1775,214,33,4,1,1,UP,2.0,362.0,597.0,590.0,819.0,1080.0,1163.0,4.330708661417323
1,MOOSE,Circle3,38,2,18,854,32,3.0,20,DOWN,193,18.0,true,1626,1057,673,390,179,2,1,1,DOWN,2.0,449.0,646.0,593.0,823.0,1080.0,1163.0,4.330708661417323
1,MOOSE,Circle3,39,2,19,854,32,6.0,70,UP,726,18.0,true,3884,3152,672,246,486,2,1,1,DOWN,2.0,346.5185852050781,587.4706420898438,601.0347290039062,890.0543823242188,1080.0,1163.0,4.330708661417323
1,MOOSE,Circle3,40,2,20,854,32,3.0,170,UP,376,18.0,true,8742,8499,1425,213,30,2,1,1,UP,2.0,338.468505859375,580.0,648.844970703125,924.421142578125,1080.0,1163.0,4.330708661417323
1,MOOSE,Circle3,41,3,1,854,32,6.0,170,DOWN,256,18.0,true,11063,10303,1408,93,667,0,1,1,DOWN,2.0,327.0,574.0,895.0,915.0,1080.0,1163.0,4.330708661417323
1,MOOSE,Circle3,42,3,2,854,32,3.0,20,DOWN,729,18.0,true,3450,2081,1937,414,955,3,2,1,DOWN,2.0,325.373779296875,729.0,786.0,934.0,1080.0,1163.0,4.330708661417323
1,MOOSE,Circle3,43,3,3,854,32,6.0,20,UP,441,18.0,true,2037,1072,400,537,428,0,1,1,UP,2.0,365.8955383300781,746.0,790.0,975.0,1080.0,1163.0,4.330708661417323
1,MOOSE,Circle3,44,3,4,854,32,3.0,170,DOWN,436,18.0,true,9850,8482,2689,479,889,1,1,1,UP,2.0,302.0,708.5126953125,850.0,1050.337158203125,1080.0,1163.0,4.330708661417323
1,MOOSE,Circle3,45,3,5,854,32,3.0,220,UP,359,18.0,true,10529,10046,1328,445,38,2,1,1,UP,2.0,326.49603271484375,707.0,852.0,1070.50634765625,1080.0,1163.0,4.330708661417323
1,MOOSE,Circle3,46,3,6,854,32,6.0,120,UP,465,18.0,true,6232,5760,1071,173,299,1,1,1,UP,2.0,339.0,705.0,645.014404296875,1017.46728515625,1080.0,1163.0,4.330708661417323
1,MOOSE,Circle3,47,3,7,854,32,6.0,70,DOWN,372,18.0,true,4095,3264,544,375,456,3,0,1,UP,2.0,356.090087890625,709.0,643.9407958984375,954.354736328125,1080.0,1163.0,4.330708661417323
1,MOOSE,Circle3,48,3,8,854,32,6.0,170,UP,303,18.0,true,9293,8880,1471,263,150,2,1,1,DOWN,2.0,323.5756530761719,699.0,853.0,1002.0,1080.0,1163.0,4.330708661417323
1,MOOSE,Circle3,49,3,9,854,32,3.0,70,DOWN,522,18.0,true,5469,4592,1920,166,711,2,1,1,DOWN,2.0,343.5254211425781,709.96630859375,645.4710083007812,1004.4801025390625,1080.0,1163.0,4.330708661417323
1,MOOSE,Circle3,50,3,10,854,32,3.0,120,DOWN,448,18.0,true,6311,5875,577,405,31,2,0,1,UP,2.0,355.0,705.8198852539062,856.0,997.2617797851562,1080.0,1163.0,4.330708661417323
1,MOOSE,Circle3,51,3,11,854,32,3.0,20,UP,417,18.0,true,3032,2770,1295,248,14,1,1,1,UP,2.0,395.48681640625,729.5509643554688,615.5,962.5235595703125,1080.0,1163.0,4.330708661417323
1,MOOSE,Circle3,52,3,12,854,32,6.0,220,DOWN,466,18.0,true,10454,9488,1217,422,544,0,1,1,UP,2.0,337.0,705.5610961914062,857.0,1005.4274291992188,1080.0,1163.0,4.330708661417323
1,MOOSE,Circle3,53,3,13,854,32,6.0,120,DOWN,212,18.0,true,7676,6960,2416,197,519,1,2,1,DOWN,2.0,316.0,708.0,864.0,993.5667724609375,1080.0,1163.0,4.330708661417323
1,MOOSE,Circle3,54,3,14,854,32,6.0,70,UP,610,18.0,true,4987,3840,1216,455,692,-1,1,1,DOWN,2.0,339.0,712.0,865.0,992.5055541992188,1080.0,1163.0,4.330708661417323
1,MOOSE,Circle3,55,3,15,854,32,3.0,170,UP,263,18.0,true,9673,9023,2368,207,443,3,1,1,UP,2.0,315.0,702.55419921875,866.0,1011.0,1080.0,1163.0,4.330708661417323
1,MOOSE,Circle3,56,3,16,854,32,6.0,20,DOWN,284,18.0,true,2881,2192,1152,279,410,4,1,1,UP,2.0,363.0,716.0,567.5699462890625,940.0,1080.0,1163.0,4.330708661417323
1,MOOSE,Circle3,57,3,17,854,32,3.0,70,UP,414,18.0,true,4678,3614,831,557,507,1,0,1,DOWN,2.0,368.0,713.4774780273438,654.000244140625,982.5130615234375,1080.0,1163.0,4.330708661417323
1,MOOSE,Circle3,58,3,18,854,32,3.0,120,UP,632,18.0,true,6854,6001,1729,411,442,2,1,1,UP,2.0,342.5733947753906,719.4917602539062,637.8358154296875,1035.0,1080.0,1163.0,4.330708661417323
1,MOOSE,Circle3,59,3,19,854,32,6.0,220,UP,367,18.0,true,10584,9600,799,399,585,1,0,1,UP,2.0,345.48541259765625,700.0,868.0,1079.0,1080.0,1163.0,4.330708661417323
1,MOOSE,Circle3,60,3,20,854,32,3.0,220,DOWN,609,18.0,false,11376,10143,1072,744,489,1,1,1,UP,2.0,326.4877624511719,713.0,657.0185546875,1021.9488525390625,1080.0,1163.0,4.330708661417323
1,MOOSE,DecelFlick,1,1,1,854,32,6.0,120,UP,587,18.0,true,7961,5535,1033,736,1690,2,1,1,UP,2.0,305.0,571.0,868.0,922.0,1080.0,1163.0,4.330708661417323
1,MOOSE,DecelFlick,2,1,2,854,32,3.0,170,DOWN,292,18.0,false,6239,3569,172,694,1976,3,0,1,DOWN,2.0,407.0,611.0,825.0,1041.0,1080.0,1163.0,4.330708661417323
1,MOOSE,DecelFlick,3,1,3,854,32,6.0,220,UP,407,18.0,true,6917,5681,192,541,695,3,1,1,UP,2.0,414.0,649.0,828.0,1008.0,1080.0,1163.0,4.330708661417323
1,MOOSE,DecelFlick,4,1,4,854,32,6.0,70,DOWN,510,18.0,true,3474,2384,474,472,618,3,1,1,DOWN,2.0,409.0,623.0,829.0,1089.0,1080.0,1163.0,4.330708661417323
1,MOOSE,DecelFlick,5,1,5,854,32,3.0,20,UP,419,18.0,true,3320,2400,2352,128,792,2,2,1,UP,2.0,436.0,750.0,485.0,983.0,1080.0,1163.0,4.330708661417323
1,MOOSE,DecelFlick,6,1,6,854,32,6.0,220,DOWN,833,18.0,true,5352,4942,990,366,44,1,2,1,UP,2.0,383.0,627.0,434.0,1103.0,1080.0,1163.0,4.330708661417323
1,MOOSE,DecelFlick,7,1,7,854,32,3.0,220,DOWN,287,18.0,true,5935,4863,1310,199,873,2,2,1,DOWN,2.0,398.0,629.0,831.0,1130.0,1080.0,1163.0,4.330708661417323
1,MOOSE,DecelFlick,8,1,8,854,32,3.0,170,UP,106,18.0,true,5916,5199,2926,118,599,2,3,1,UP,2.0,398.4357604980469,645.0,505.48175048828125,1105.0,1080.0,1163.0,4.330708661417323
1,MOOSE,DecelFlick,9,1,9,854,32,3.0,220,UP,527,18.0,true,8693,7903,2220,118,672,1,1,1,UP,2.0,429.0,690.0,511.0,1005.0,1080.0,1163.0,4.330708661417323
1,MOOSE,DecelFlick,10,1,10,854,32,6.0,20,UP,761,18.0,true,2178,1167,1104,238,773,1,1,1,UP,2.0,421.0,743.0,488.0,1051.0,1080.0,1163.0,4.330708661417323
1,MOOSE,DecelFlick,11,1,11,854,32,3.0,20,DOWN,622,18.0,true,2623,2355,1376,237,31,1,1,1,UP,2.0,423.0,655.0,470.0,996.0,1080.0,1163.0,4.330708661417323
1,MOOSE,DecelFlick,12,1,12,854,32,3.0,120,UP,543,18.0,true,4741,4179,1682,10,552,2,1,1,UP,2.0,443.49749755859375,682.0,551.0,975.0,1080.0,1163.0,4.330708661417323
1,MOOSE,DecelFlick,13,1,13,854,32,6.0,120,DOWN,224,18.0,true,5133,4435,1455,4,694,4,2,2,DOWN,2.0,414.0,640.0,541.0,1079.0,1080.0,1163.0,4.330708661417323
1,MOOSE,DecelFlick,14,1,14,854,32,3.0,70,DOWN,311,18.0,true,4286,4009,1227,255,22,3,2,1,UP,2.0,431.0,643.0,496.0,1081.0,1080.0,1163.0,4.330708661417323
1,MOOSE,DecelFlick,15,1,15,854,32,6.0,20,DOWN,284,18.0,true,2145,1104,1052,382,659,1,1,1,DOWN,2.0,455.0,658.0,490.0,939.0,1080.0,1163.0,4.330708661417323
1,MOOSE,DecelFlick,16,1,16,854,32,3.0,120,DOWN,493,18.0,true,4618,3569,1646,357,692,2,1,1,DOWN,2.0,402.0,653.0,490.0,1157.0,1080.0,1163.0,4.330708661417323
1,MOOSE,DecelFlick,17,1,17,854,32,6.0,70,UP,253,18.0,true,4835,4577,1181,204,54,2,2,1,DOWN,2.0,443.0,703.0,548.0,1011.0,1080.0,1163.0,4.330708661417323
1,MOOSE,DecelFlick,18,1,18,854,32,6.0,170,DOWN,335,18.0,true,9474,9424,1822,14,36,2,2,1,DOWN,2.0,363.4241027832031,669.0,825.3758544921875,1047.0,1080.0,1163.0,4.330708661417323
1,MOOSE,DecelFlick,19,1,19,854,32,3.0,70,UP,565,18.0,true,4038,2992,1566,270,776,2,2,1,UP,2.0,446.95758056640625,720.0,507.0,1158.0,1080.0,1163.0,4.330708661417323
1,MOOSE,DecelFlick,20,1,20,854,32,6.0,170,UP,564,18.0,true,4769,3376,223,744,649,3,1,1,UP,2.0,445.0,750.0,824.0,1034.0,1080.0,1163.0,4.330708661417323
1,MOOSE,DecelFlick,21,2,1,854,32,6.0,70,UP,663,18.0,true,3673,2864,1629,79,730,3,2,1,UP,2.0,456.0,772.0,824.0,1050.0,1080.0,1163.0,4.330708661417323
1,MOOSE,DecelFlick,22,2,2,854,32,3.0,220,UP,421,18.0,true,6912,6810,1231,79,23,1,1,1,UP,2.0,453.0,757.0,825.0,1076.0,1080.0,1163.0,4.330708661417323
1,MOOSE,DecelFlick,23,2,3,854,32,3.0,120,DOWN,421,18.0,false,6627,5839,2495,182,606,22,0,1,DOWN,2.0,418.0,711.0,828.0,1185.0,1080.0,1163.0,4.330708661417323
1,MOOSE,DecelFlick,24,2,4,854,32,6.0,20,UP,414,18.0,true,3075,1984,1888,336,755,1,1,1,UP,2.0,429.0,824.0,506.0,1085.0,1080.0,1163.0,4.330708661417323
1,MOOSE,DecelFlick,25,2,5,854,32,6.0,170,DOWN,554,18.0,true,4532,3678,525,255,599,3,1,1,DOWN,2.0,419.0,734.0,498.0,1173.0,1080.0,1163.0,4.330708661417323
1,MOOSE,DecelFlick,26,2,6,854,32,6.0,120,UP,714,18.0,true,4845,4049,896,44,752,2,1,1,UP,2.0,441.0,759.0,535.0,1104.0,1080.0,1163.0,4.330708661417323
1,MOOSE,DecelFlick,27,2,7,854,32,3.0,70,UP,332,18.0,true,4712,4397,1549,271,44,1,2,1,DOWN,2.0,446.66455078125,759.0,828.0,1110.0,1080.0,1163.0,4.330708661417323
1,MOOSE,DecelFlick,28,2,8,854,32,3.0,20,DOWN,588,18.0,true,3565,2448,2172,319,798,2,2,1,DOWN,2.0,449.0,735.0,554.0,1055.0,1080.0,1163.0,4.330708661417323
1,MOOSE,DecelFlick,29,2,9,854,32,3.0,170,UP,485,18.0,true,6582,6513,1549,31,38,1,1,1,UP,2.0,436.9352111816406,732.712158203125,829.0,1089.0,1080.0,1163.0,4.330708661417323
1,MOOSE,DecelFlick,30,2,10,854,32,6.0,220,DOWN,766,18.0,true,10776,10000,1486,181,595,2,2,1,DOWN,2.0,390.0,715.0,844.0,1194.0,1080.0,1163.0,4.330708661417323
1,MOOSE,DecelFlick,31,2,11,854,32,6.0,70,DOWN,446,18.0,true,5828,5488,3022,280,60,1,1,1,UP,2.0,397.2655944824219,725.0,805.0,1197.0,1080.0,1163.0,4.330708661417323
1,MOOSE,DecelFlick,32,2,12,854,32,3.0,220,DOWN,234,18.0,true,12454,11759,2896,61,634,2,1,1,DOWN,2.0,351.0,707.0,815.0,1223.0,1080.0,1163.0,4.330708661417323
1,MOOSE,DecelFlick,33,2,13,854,32,3.0,70,DOWN,525,18.0,true,6466,5888,2348,534,44,3,2,1,DOWN,2.0,348.0,716.0,816.0,1196.0,1080.0,1163.0,4.330708661417323
1,MOOSE,DecelFlick,34,2,14,854,32,6.0,170,UP,303,18.0,true,9032,8866,990,136,30,3,2,1,UP,2.0,371.0,620.0,832.0,1002.0,1080.0,1163.0,4.330708661417323
1,MOOSE,DecelFlick,35,2,15,854,32,3.0,120,UP,131,18.0,true,6524,6144,1181,326,54,2,2,1,DOWN,2.0,400.0,667.0,835.0,1048.5,1080.0,1163.0,4.330708661417323
1,MOOSE,DecelFlick,36,2,16,854,32,6.0,220,UP,189,18.0,true,8957,8224,1744,47,686,4,2,2,UP,2.0,391.0,650.0,855.0,1159.79833984375,1080.0,1163.0,4.330708661417323
1,MOOSE,DecelFlick,37,2,17,854,32,3.0,20,UP,784,18.0,true,3840,2351,2309,430,1059,1,1,1,UP,2.0,399.0,679.0,855.0,1164.0,1080.0,1163.0,4.330708661417323
1,MOOSE,DecelFlick,38,2,18,854,32,3.0,170,DOWN,639,18.0,true,7978,7650,1518,286,42,3,1,1,UP,2.0,363.0,646.0,779.0,1128.5,1080.0,1163.0,4.330708661417323
1,MOOSE,DecelFlick,39,2,19,854,32,6.0,120,DOWN,643,18.0,true,7165,6624,894,494,47,1,1,1,DOWN,2.0,379.60125732421875,641.0,781.0,1110.890869140625,1080.0,1163.0,4.330708661417323
1,MOOSE,DecelFlick,40,2,20,854,32,6.0,20,DOWN,579,18.0,true,5673,1856,1648,16,3801,3,1,1,DOWN,2.0,389.0,626.0,812.0,908.0,1080.0,1163.0,4.330708661417323
1,MOOSE,DecelFlick,41,3,1,854,32,6.0,220,DOWN,580,18.0,true,12560,11776,1375,6,778,1,2,1,DOWN,2.0,328.0,591.0,821.0,1100.181396484375,1080.0,1163.0,4.330708661417323
1,MOOSE,DecelFlick,42,3,2,854,32,3.0,20,UP,690,18.0,true,2900,2016,1921,128,756,2,2,1,UP,2.0,377.0,696.0,764.0,1076.499267578125,1080.0,1163.0,4.330708661417323
1,MOOSE,DecelFlick,43,3,3,854,32,3.0,170,UP,44,18.0,true,5360,5267,1727,63,30,2,1,1,UP,2.0,384.0,657.0,769.0,1026.0,1080.0,1163.0,4.330708661417323
1,MOOSE,DecelFlick,44,3,4,854,32,6.0,20,UP,509,18.0,true,2587,2000,1312,327,260,1,1,1,UP,2.0,383.0,720.0,454.0,1015.0,1080.0,1163.0,4.330708661417323
1,MOOSE,DecelFlick,45,3,5,854,32,6.0,70,UP,595,18.0,true,5220,4032,1630,417,771,3,1,1,UP,2.0,391.0,687.0,770.0,961.0,1080.0,1163.0,4.330708661417323
1,MOOSE,DecelFlick,46,3,6,854,32,6.0,120,DOWN,717,18.0,true,6748,5680,1518,230,838,1,2,1,DOWN,2.0,343.5421447753906,618.0,773.5,1134.0,1080.0,1163.0,4.330708661417323
1,MOOSE,DecelFlick,47,3,7,854,32,3.0,70,UP,682,18.0,true,5072,4693,1551,334,45,1,2,1,UP,2.0,376.4017333984375,680.0,449.0,982.0,1080.0,1163.0,4.330708661417323
1,MOOSE,DecelFlick,48,3,8,854,32,6.0,20,DOWN,721,18.0,true,2562,1441,1345,8,1113,3,1,1,DOWN,2.0,366.0,639.0,406.00079345703125,1059.0,1080.0,1163.0,4.330708661417323
1,MOOSE,DecelFlick,49,3,9,854,32,6.0,120,UP,675,18.0,true,6486,6418,974,23,45,1,1,1,DOWN,2.0,365.0,682.0,466.0,1015.0,1080.0,1163.0,4.330708661417323
1,MOOSE,DecelFlick,50,3,10,854,32,3.0,220,DOWN,781,18.0,true,5768,5341,1695,383,44,1,1,1,DOWN,2.0,347.0,635.0,451.0,1114.0,1080.0,1163.0,4.330708661417323
1,MOOSE,DecelFlick,51,3,11,854,32,3.0,220,UP,545,18.0,true,6415,5792,1919,173,450,1,2,1,UP,2.0,358.9971618652344,644.0,476.0,1126.0,1080.0,1163.0,4.330708661417323
1,MOOSE,DecelFlick,52,3,12,854,32,3.0,120,UP,227,18.0,true,5472,4465,1089,374,633,1,2,2,UP,2.0,356.0,665.0,774.0,1148.0,1080.0,1163.0,4.330708661417323
1,MOOSE,DecelFlick,53,3,13,854,32,6.0,220,UP,360,18.0,true,6231,5056,1791,405,770,-1,1,1,UP,2.0,377.0,673.0,495.0,1026.0,1080.0,1163.0,4.330708661417323
1,MOOSE,DecelFlick,54,3,14,854,32,3.0,20,DOWN,534,18.0,true,2830,1728,1616,351,751,1,1,1,DOWN,2.0,399.0,648.0,775.0,928.0,1080.0,1163.0,4.330708661417323
1,MOOSE,DecelFlick,55,3,15,854,32,6.0,70,DOWN,174,18.0,true,3836,3635,1247,168,33,3,1,1,UP,2.0,364.0,649.0,777.0,1085.0,1080.0,1163.0,4.330708661417323
1,MOOSE,DecelFlick,56,3,16,854,32,3.0,120,DOWN,682,18.0,true,6886,6624,1951,198,64,1,1,1,DOWN,2.0,345.0,640.0,781.0,1131.0,1080.0,1163.0,4.330708661417323
1,MOOSE,DecelFlick,57,3,17,854,32,6.0,170,UP,108,18.0,true,5134,5010,1484,94,30,2,2,1,UP,2.0,380.535400390625,668.0,784.0,1118.0,1080.0,1163.0,4.330708661417323
1,MOOSE,DecelFlick,58,3,18,854,32,3.0,70,DOWN,451,18.0,true,4438,4000,1310,224,214,2,2,1,DOWN,2.0,362.0,634.0,485.0,1089.0,1080.0,1163.0,4.330708661417323
1,MOOSE,DecelFlick,59,3,19,854,32,3.0,170,DOWN,735,18.0,true,7632,6976,3375,87,569,1,4,1,DOWN,2.0,339.2260437011719,644.0,468.0,1173.0,1080.0,1163.0,4.330708661417323
1,MOOSE,DecelFlick,60,3,20,854,32,6.0,170,DOWN,684,18.0,true,8358,7921,1361,159,278,0,1,1,DOWN,2.0,342.0,640.0,787.0,1124.0,1080.0,1163.0,4.330708661417323
1,MOOSE,iOS,1,1,1,854,32,6.0,220,UP,574,18.0,true,8656,6784,1199,654,1218,3,2,1,UP,2.0,344.0,676.0,856.0,976.0,1080.0,1163.0,4.330708661417323
1,MOOSE,iOS,2,1,2,854,32,6.0,170,DOWN,741,18.0,true,9656,7690,959,271,1695,3,1,1,DOWN,2.0,410.0,641.0,824.0,1013.0,1080.0,1163.0,4.330708661417323
1,MOOSE,iOS,3,1,3,854,32,6.0,220,DOWN,523,18.0,true,7050,6368,1997,198,484,3,1,1,UP,2.0,398.0,666.0,465.0,1100.0,1080.0,1163.0,4.330708661417323
1,MOOSE,iOS,4,1,4,854,32,3.0,20,UP,403,18.0,true,2917,1984,1856,286,647,1,2,1,UP,2.0,422.0,775.0,495.0,1026.0,1080.0,1163.0,4.330708661417323
1,MOOSE,iOS,5,1,5,854,32,3.0,70,UP,46,18.0,true,4978,4160,2095,102,716,1,2,1,UP,2.0,406.5694885253906,703.0,530.0,1135.0,1080.0,1163.0,4.330708661417323
1,MOOSE,iOS,6,1,6,854,32,3.0,20,DOWN,782,18.0,false,2438,1327,1232,345,766,3,0,1,DOWN,2.0,415.0,698.0,479.0,1055.0,1080.0,1163.0,4.330708661417323
1,MOOSE,iOS,7,1,7,854,32,3.0,120,DOWN,482,18.0,true,7487,6512,2861,325,650,1,3,1,DOWN,2.0,388.0,677.0,535.0,1162.0,1080.0,1163.0,4.330708661417323
1,MOOSE,iOS,8,1,8,854,32,6.0,120,UP,450,18.0,true,5274,4704,1455,207,363,2,2,2,UP,2.0,410.0,703.0,535.0,1172.0,1080.0,1163.0,4.330708661417323
1,MOOSE,iOS,9,1,9,854,32,6.0,120,DOWN,570,18.0,true,6638,5920,3295,39,679,4,3,1,DOWN,2.0,393.0,690.0,498.0,1145.0,1080.0,1163.0,4.330708661417323
1,MOOSE,iOS,10,1,10,854,32,3.0,70,DOWN,548,18.0,true,5032,4554,734,420,58,1,1,1,DOWN,2.0,408.0,686.0,481.0,1100.0,1080.0,1163.0,4.330708661417323
1,MOOSE,iOS,11,1,11,854,32,3.0,220,DOWN,433,18.0,true,7093,6224,1742,134,735,2,1,1,DOWN,2.0,395.0,689.0,487.0,1203.0,1080.0,1163.0,4.330708661417323
1,MOOSE,iOS,12,1,12,854,32,6.0,70,UP,634,18.0,true,3676,3136,1965,8,532,3,2,1,UP,2.0,421.0,719.0,517.0,1178.0,1080.0,1163.0,4.330708661417323
1,MOOSE,iOS,13,1,13,854,32,3.0,120,UP,452,18.0,true,5098,4926,2399,133,39,2,2,1,UP,2.0,425.0,713.0,510.0,1150.0,1080.0,1163.0,4.330708661417323
1,MOOSE,iOS,14,1,14,854,32,3.0,170,UP,362,18.0,true,5567,5344,1232,189,34,2,2,2,UP,2.0,423.0,697.0,545.0,1178.0,1080.0,1163.0,4.330708661417323
1,MOOSE,iOS,15,1,15,854,32,3.0,170,DOWN,449,18.0,true,4828,3792,1375,295,741,2,1,1,DOWN,2.0,389.0,688.0,503.0,1162.0,1080.0,1163.0,4.330708661417323
1,MOOSE,iOS,16,1,16,854,32,6.0,170,UP,542,18.0,true,4686,4352,1447,264,70,3,2,1,DOWN,2.0,416.0,738.0,546.0,1120.0,1080.0,1163.0,4.330708661417323
1,MOOSE,iOS,17,1,17,854,32,6.0,20,DOWN,485,18.0,true,2535,2415,1632,70,50,1,2,1,DOWN,2.0,413.0,701.0,824.0,1036.0,1080.0,1163.0,4.330708661417323
1,MOOSE,iOS,18,1,18,854,32,6.0,20,UP,478,18.0,false,1826,1247,1152,78,501,4,1,1,UP,2.0,419.0,816.0,499.0,1060.0,1080.0,1163.0,4.330708661417323
1,MOOSE,iOS,19,1,19,854,32,6.0,70,DOWN,114,18.0,true,4543,4335,1710,159,49,2,1,1,UP,2.0,399.0,688.0,503.0,1114.0,1080.0,1163.0,4.330708661417323
1,MOOSE,iOS,20,1,20,854,32,3.0,220,UP,286,18.0,true,5629,4785,1616,214,630,1,1,1,UP,2.0,421.0,710.0,550.0,1073.0,1080.0,1163.0,4.330708661417323
1,MOOSE,iOS,21,2,1,854,32,3.0,220,UP,323,18.0,true,8535,7168,2782,245,1122,1,3,2,UP,2.0,424.0,699.0,824.0,1148.0,1080.0,1163.0,4.330708661417323
1,MOOSE,iOS,22,2,2,854,32,3.0,220,DOWN,514,18.0,true,8585,8176,1630,343,66,2,3,2,UP,2.0,400.0,697.0,824.0,1184.0,1080.0,1163.0,4.330708661417323
1,MOOSE,iOS,23,2,3,854,32,6.0,220,UP,334,18.0,false,5171,4463,1119,94,614,-1,0,1,UP,2.0,412.0,695.5,521.0,1106.0,1080.0,1163.0,4.330708661417323
1,MOOSE,iOS,24,2,4,854,32,3.0,120,UP,669,18.0,true,4455,4307,960,96,52,2,2,1,UP,2.0,417.0,707.0,525.0,1048.0,1080.0,1163.0,4.330708661417323
1,MOOSE,iOS,25,2,5,854,32,3.0,170,UP,311,18.0,true,6261,6033,2256,192,36,2,3,2,UP,2.0,421.0,695.0,518.0,1160.0,1080.0,1163.0,4.330708661417323
1,MOOSE,iOS,26,2,6,854,32,3.0,170,DOWN,426,18.0,false,5240,4656,2383,15,569,0,1,1,DOWN,2.0,395.39398193359375,694.0,486.0,1152.0,1080.0,1163.0,4.330708661417323
1,MOOSE,iOS,27,2,7,854,32,6.0,70,UP,196,18.0,true,3647,2879,1037,135,633,3,2,1,UP,2.0,418.0,746.0,538.0,1063.0,1080.0,1163.0,4.330708661417323
1,MOOSE,iOS,28,2,8,854,32,3.0,20,DOWN,530,18.0,true,4115,3377,3041,13,725,2,2,1,DOWN,2.0,418.0,715.0,531.0,1039.0,1080.0,1163.0,4.330708661417323
1,MOOSE,iOS,29,2,9,854,32,3.0,70,DOWN,502,18.0,true,7255,6495,3790,95,665,2,3,1,DOWN,2.0,411.0,699.0,525.0,1139.0,1080.0,1163.0,4.330708661417323
1,MOOSE,iOS,30,2,10,854,32,6.0,70,DOWN,584,18.0,true,4818,4762,1150,38,18,0,2,2,UP,2.0,401.0,712.0,521.0,1100.0,1080.0,1163.0,4.330708661417323
1,MOOSE,iOS,31,2,11,854,32,3.0,20,UP,128,18.0,true,2679,1664,1231,295,720,2,1,1,UP,2.0,426.0,731.0,529.0,1000.0,1080.0,1163.0,4.330708661417323
1,MOOSE,iOS,32,2,12,854,32,6.0,220,DOWN,247,18.0,true,7923,7280,1934,29,614,3,1,1,DOWN,2.0,387.0,693.0,496.0,1182.0,1080.0,1163.0,4.330708661417323
1,MOOSE,iOS,33,2,13,854,32,6.0,170,UP,259,18.0,true,4240,3359,1182,166,715,2,2,1,UP,2.0,418.0,755.0,526.0,1192.0,1080.0,1163.0,4.330708661417323
1,MOOSE,iOS,34,2,14,854,32,6.0,20,UP,455,18.0,false,2122,2001,1425,53,68,21,2,1,DOWN,2.0,425.0,774.0,824.0,1163.5,1080.0,1163.0,4.330708661417323
1,MOOSE,iOS,35,2,15,854,32,3.0,120,DOWN,244,18.0,true,7233,7150,3357,45,38,1,3,1,UP,2.0,399.0,702.0,514.0,1189.0,1080.0,1163.0,4.330708661417323
1,MOOSE,iOS,36,2,16,854,32,3.0,70,UP,570,18.0,true,3476,2304,1372,326,846,1,2,1,UP,2.0,412.0,716.0,499.0,1186.0,1080.0,1163.0,4.330708661417323
1,MOOSE,iOS,37,2,17,854,32,6.0,20,DOWN,802,18.0,true,7257,6908,1728,310,39,2,3,3,DOWN,2.0,395.0,707.0,825.0,1240.0,1080.0,1163.0,4.330708661417323
1,MOOSE,iOS,38,2,18,854,32,6.0,170,DOWN,587,18.0,true,4433,4130,1789,271,32,2,1,1,UP,2.0,398.0,718.0,508.0,1169.0,1080.0,1163.0,4.330708661417323
1,MOOSE,iOS,39,2,19,854,32,6.0,120,UP,191,18.0,true,4126,3440,1126,39,647,3,1,1,UP,2.0,430.0,758.0,534.0,1020.0,1080.0,1163.0,4.330708661417323
1,MOOSE,iOS,40,2,20,854,32,6.0,120,DOWN,162,18.0,true,5943,4864,1342,535,544,0,2,2,DOWN,2.0,390.0,707.0,531.0,1157.0,1080.0,1163.0,4.330708661417323
1,MOOSE,iOS,41,3,1,854,32,6.0,120,UP,299,18.0,true,13696,12656,1056,343,697,2,3,3,UP,2.0,408.0,715.0,531.0,1239.0,1080.0,1163.0,4.330708661417323
1,MOOSE,iOS,42,3,2,854,32,3.0,20,UP,21,18.0,true,2705,1359,1278,495,851,3,1,1,UP,2.0,445.0,792.0,490.0,955.0,1080.0,1163.0,4.330708661417323
1,MOOSE,iOS,43,3,3,854,32,3.0,120,DOWN,328,18.0,true,7035,6016,1533,117,902,1,2,1,DOWN,2.0,393.0,695.0,521.0,1156.0,1080.0,1163.0,4.330708661417323
1,MOOSE,iOS,44,3,4,854,32,6.0,170,DOWN,233,18.0,true,6464,6306,1969,125,33,1,2,1,UP,2.0,391.0,697.0,542.0,1159.0,1080.0,1163.0,4.330708661417323
1,MOOSE,iOS,45,3,5,854,32,6.0,20,UP,741,18.0,true,4752,3633,1664,117,1002,0,3,3,UP,2.0,392.0,715.0,530.5,1205.0,1080.0,1163.0,4.330708661417323
1,MOOSE,iOS,46,3,6,854,32,6.0,70,UP,194,18.0,true,3746,2816,927,241,689,0,1,1,UP,2.0,425.0,753.0,519.0,1062.358154296875,1080.0,1163.0,4.330708661417323
1,MOOSE,iOS,47,3,7,854,32,3.0,70,UP,564,18.0,true,5260,4272,1423,294,694,2,1,1,UP,2.0,410.0,752.0,825.0,1066.0,1080.0,1163.0,4.330708661417323
1,MOOSE,iOS,48,3,8,854,32,6.0,20,DOWN,483,18.0,true,5652,5597,2895,21,34,1,2,1,UP,3.0,288.0,717.0,1054.0,1060.0,1080.0,1163.0,4.330708661417323
1,MOOSE,iOS,49,3,9,854,32,3.0,220,UP,506,18.0,true,15242,14431,3533,150,661,2,5,2,DOWN,3.0,268.3542175292969,699.0,1013.0,1136.0,1080.0,1163.0,4.330708661417323
1,MOOSE,iOS,50,3,10,854,32,3.0,70,DOWN,204,18.0,true,3539,3432,1534,71,36,1,2,1,DOWN,3.0,282.0,714.0,405.0,1108.0,1080.0,1163.0,4.330708661417323
1,MOOSE,iOS,51,3,11,854,32,6.0,220,UP,261,18.0,true,6262,5296,2604,223,743,2,2,1,UP,3.0,271.62200927734375,703.0,412.0,1129.0,1080.0,1163.0,4.330708661417323
1,MOOSE,iOS,52,3,12,854,32,6.0,170,UP,597,18.0,true,6258,6160,3598,22,76,2,2,1,DOWN,3.0,256.0,708.0,404.0,1176.0,1080.0,1163.0,4.330708661417323
1,MOOSE,iOS,53,3,13,854,32,3.0,120,UP,374,18.0,true,6936,6534,1023,359,43,1,2,2,UP,3.0,290.0,711.0,1014.5,1127.0,1080.0,1163.0,4.330708661417323
1,MOOSE,iOS,54,3,14,854,32,3.0,220,DOWN,537,18.0,true,13044,12336,3212,41,667,2,1,1,DOWN,3.0,251.4609375,696.0,392.0,1177.0,1080.0,1163.0,4.330708661417323
1,MOOSE,iOS,55,3,15,854,32,6.0,220,DOWN,354,18.0,true,8826,7711,1421,321,794,4,1,1,DOWN,3.0,270.0,691.0,674.0,1100.0,1080.0,1163.0,4.330708661417323
1,MOOSE,iOS,56,3,16,854,32,6.0,70,DOWN,829,18.0,true,5232,4256,1855,231,745,2,1,1,DOWN,3.0,256.0,699.0,387.0,1177.0,1080.0,1163.0,4.330708661417323
1,MOOSE,iOS,57,3,17,854,32,3.0,170,UP,131,18.0,true,7253,6080,557,509,664,2,1,1,UP,3.0,283.0,727.0,677.0,1079.0,1080.0,1163.0,4.330708661417323
1,MOOSE,iOS,58,3,18,854,32,3.0,20,DOWN,799,18.0,true,2231,1168,1040,383,680,2,1,1,DOWN,3.0,289.0,725.0,374.0,1045.0,1080.0,1163.0,4.330708661417323
1,MOOSE,iOS,59,3,19,854,32,3.0,170,DOWN,837,18.0,true,6246,5056,1245,574,616,2,1,1,DOWN,3.0,267.0,702.0,388.0,1165.0,1080.0,1163.0,4.330708661417323
1,MOOSE,iOS,60,3,20,854,32,6.0,120,DOWN,302,18.0,true,3885,3071,475,201,613,1,1,1,DOWN,3.0,264.0,704.0,387.0,1148.0,1080.0,1163.0,4.330708661417323
1,MOOSE,TrackPoint,1,1,1,854,32,3.0,220,DOWN,698,18.0,true,7352,5376,366,535,1441,3,1,1,DOWN,2.0,304.0,587.6834106445312,1014.0,1109.0,1080.0,1163.0,4.330708661417323
1,MOOSE,TrackPoint,2,1,2,854,32,3.0,220,UP,476,18.0,false,11904,10672,719,518,714,3,1,1,UP,2.0,368.0,581.5194702148438,836.0,972.0,1080.0,1163.0,4.330708661417323
1,MOOSE,TrackPoint,3,1,3,854,32,3.0,120,DOWN,388,18.0,true,12282,11360,7646,248,674,2,6,1,DOWN,2.0,390.0,568.0,795.0,995.5,1080.0,1163.0,4.330708661417323
1,MOOSE,TrackPoint,4,1,4,854,32,6.0,20,DOWN,644,18.0,true,2687,1361,815,637,689,1,1,1,DOWN,2.0,433.0,610.0,465.0,904.5,1080.0,1163.0,4.330708661417323
1,MOOSE,TrackPoint,5,1,5,854,32,3.0,70,UP,577,18.0,false,4689,4111,2012,14,564,3,1,1,UP,2.0,419.0,594.0,798.0,930.0,1080.0,1163.0,4.330708661417323
1,MOOSE,TrackPoint,6,1,6,854,32,6.0,120,DOWN,616,18.0,true,4841,4112,1758,40,689,0,1,1,DOWN,2.0,374.0,584.0,454.44378662109375,1077.467529296875,1080.0,1163.0,4.330708661417323
1,MOOSE,TrackPoint,7,1,7,854,32,3.0,120,UP,455,18.0,true,10022,8720,5615,721,581,2,3,1,UP,2.0,391.0,593.0,508.0,1007.0,1080.0,1163.0,4.330708661417323
1,MOOSE,TrackPoint,8,1,8,854,32,6.0,20,UP,756,18.0,true,3835,2896,2526,131,808,1,1,1,UP,2.0,401.0,693.5,466.5,970.0,1080.0,1163.0,4.330708661417323
1,MOOSE,TrackPoint,9,1,9,854,32,3.0,20,DOWN,780,18.0,true,2632,1311,925,471,850,2,1,1,DOWN,2.0,422.0,616.0,451.503662109375,929.0,1080.0,1163.0,4.330708661417323
1,MOOSE,TrackPoint,10,1,10,854,32,6.0,170,DOWN,242,18.0,true,11695,11009,1808,198,488,2,2,2,UP,2.0,381.0,591.0,799.0,1031.5,1080.0,1163.0,4.330708661417323
1,MOOSE,TrackPoint,11,1,11,854,32,3.0,170,DOWN,303,18.0,true,8946,8272,3006,62,612,2,2,1,DOWN,2.0,377.0,604.0,467.3985900878906,1079.48046875,1080.0,1163.0,4.330708661417323
1,MOOSE,TrackPoint,12,1,12,854,32,6.0,70,DOWN,625,18.0,true,5294,4048,1869,495,751,0,1,1,DOWN,2.0,393.5,608.0,440.0,951.482177734375,1080.0,1163.0,4.330708661417323
1,MOOSE,TrackPoint,13,1,13,854,32,3.0,170,UP,73,18.0,false,12149,10335,1660,527,1287,3,1,1,UP,3.0,249.0,651.0,994.0,1036.0,1080.0,1163.0,4.330708661417323
1,MOOSE,TrackPoint,14,1,14,854,32,3.0,70,DOWN,205,18.0,true,7517,6623,4108,329,565,2,3,1,DOWN,3.0,285.0,653.0,348.0,986.4783325195312,1080.0,1163.0,4.330708661417323
1,MOOSE,TrackPoint,15,1,15,854,32,6.0,220,UP,441,18.0,true,10138,9216,1501,238,684,2,2,1,UP,3.0,274.0,635.0,637.445556640625,1021.0,1080.0,1163.0,4.330708661417323
1,MOOSE,TrackPoint,16,1,16,854,32,3.0,20,UP,209,18.0,true,3639,2863,2463,79,697,1,2,1,UP,3.0,265.0,700.0,342.0,1057.0,1080.0,1163.0,4.330708661417323
1,MOOSE,TrackPoint,17,1,17,854,32,6.0,170,UP,586,18.0,true,6374,5056,414,591,727,0,1,1,UP,3.0,260.0,652.0,350.0,1085.0,1080.0,1163.0,4.330708661417323
1,MOOSE,TrackPoint,18,1,18,854,32,6.0,120,UP,418,18.0,true,5041,3744,431,465,832,1,1,1,UP,3.0,260.0,659.0,388.0,1081.0,1080.0,1163.0,4.330708661417323
1,MOOSE,TrackPoint,19,1,19,854,32,6.0,220,DOWN,553,18.0,true,9362,7886,2879,95,1381,2,2,1,UP,3.0,245.0,625.0,638.0,1125.5,1080.0,1163.0,4.330708661417323
1,MOOSE,TrackPoint,20,1,20,854,32,6.0,70,UP,702,18.0,true,5302,3967,2335,478,857,0,1,1,UP,3.0,255.0,672.0,372.0,1099.0,1080.0,1163.0,4.330708661417323
1,MOOSE,TrackPoint,21,2,1,854,32,6.0,120,UP,424,18.0,true,5486,4496,654,252,738,2,1,1,UP,3.0,278.0,647.5374755859375,330.184814453125,1003.0,1080.0,1163.0,4.330708661417323
1,MOOSE,TrackPoint,22,2,2,854,32,3.0,120,DOWN,733,18.0,true,5895,5391,2156,15,489,2,1,1,DOWN,3.0,270.5234069824219,635.0,334.0,1033.2017822265625,1080.0,1163.0,4.330708661417323
1,MOOSE,TrackPoint,23,2,3,854,32,3.0,70,DOWN,618,18.0,false,5077,4097,2000,45,935,3,2,1,DOWN,3.0,277.0,620.0,332.0,1020.0,1080.0,1163.0,4.330708661417323
1,MOOSE,TrackPoint,24,2,4,854,32,3.0,70,UP,175,18.0,true,3427,2890,541,480,57,2,1,1,UP,3.0,271.0,646.0,386.0,1038.0,1080.0,1163.0,4.330708661417323
1,MOOSE,TrackPoint,25,2,5,854,32,3.0,220,UP,521,18.0,true,8822,7696,1710,249,877,2,1,1,UP,3.0,259.0,650.0,362.0,1099.0,1080.0,1163.0,4.330708661417323
1,MOOSE,TrackPoint,26,2,6,854,32,3.0,120,UP,170,18.0,true,4430,3887,430,512,31,2,1,1,UP,3.0,255.0,656.0,364.0,1113.0,1080.0,1163.0,4.330708661417323
1,MOOSE,TrackPoint,27,2,7,854,32,3.0,220,DOWN,671,18.0,false,8702,7968,2591,167,567,0,1,1,DOWN,3.0,258.0,630.0,639.0,1084.2362060546875,1080.0,1163.0,4.330708661417323
1,MOOSE,TrackPoint,28,2,8,854,32,3.0,170,DOWN,432,18.0,true,6517,5472,1439,161,884,2,2,1,DOWN,3.0,258.0,620.0,640.0,1099.0,1080.0,1163.0,4.330708661417323
1,MOOSE,TrackPoint,29,2,9,854,32,6.0,20,DOWN,48,18.0,true,2668,1744,1392,8,916,4,1,1,DOWN,3.0,314.0,646.0,641.0,910.5,1080.0,1163.0,4.330708661417323
1,MOOSE,TrackPoint,30,2,10,854,32,6.0,120,DOWN,719,18.0,true,6294,5248,1550,288,758,2,1,1,DOWN,3.0,276.0,650.0,357.0,1046.0,1080.0,1163.0,4.330708661417323
1,MOOSE,TrackPoint,31,2,11,854,32,6.0,20,UP,450,18.0,true,3364,3123,1918,208,33,0,1,1,UP,3.0,269.0,713.7529907226562,348.2449035644531,1067.0,1080.0,1163.0,4.330708661417323
1,MOOSE,TrackPoint,32,2,12,854,32,6.0,220,UP,507,18.0,true,7720,6560,494,470,690,2,1,1,UP,3.0,277.0,651.0,642.0,1046.0,1080.0,1163.0,4.330708661417323
1,MOOSE,TrackPoint,33,2,13,854,32,6.0,170,DOWN,646,18.0,true,7757,6944,2272,142,671,2,1,1,DOWN,3.0,257.0,634.0,644.0,1119.0,1080.0,1163.0,4.330708661417323
1,MOOSE,TrackPoint,34,2,14,854,32,3.0,170,UP,522,18.0,true,6873,6112,1743,15,746,2,1,1,UP,3.0,279.0,648.0,403.0,1049.0,1080.0,1163.0,4.330708661417323
1,MOOSE,TrackPoint,35,2,15,854,32,3.0,20,DOWN,174,18.0,true,3918,3460,1981,415,43,1,1,1,UP,3.0,308.0,641.0,363.0,938.2507934570312,1080.0,1163.0,4.330708661417323
1,MOOSE,TrackPoint,36,2,16,854,32,6.0,220,DOWN,604,18.0,true,10346,9152,1916,407,787,0,1,1,DOWN,3.0,270.54608154296875,629.0,647.0,1063.0,1080.0,1163.0,4.330708661417323
1,MOOSE,TrackPoint,37,2,17,854,32,6.0,170,UP,468,18.0,true,6347,5360,558,423,564,2,1,1,UP,3.0,285.0,649.0,651.0,1053.0,1080.0,1163.0,4.330708661417323
1,MOOSE,TrackPoint,38,2,18,854,32,3.0,20,UP,394,18.0,true,5303,5008,4273,262,33,1,3,1,UP,3.0,292.47705078125,675.0,653.0,1046.0,1080.0,1163.0,4.330708661417323
1,MOOSE,TrackPoint,39,2,19,854,32,6.0,70,DOWN,94,18.0,true,4616,3633,1696,222,761,1,2,1,DOWN,3.0,277.5,634.0,337.9853820800781,1058.5,1080.0,1163.0,4.330708661417323
1,MOOSE,TrackPoint,40,2,20,854,32,6.0,70,UP,716,18.0,true,3375,1968,430,576,831,2,1,1,UP,3.0,282.0,660.0,654.0,1070.0,1080.0,1163.0,4.330708661417323
1,MOOSE,TrackPoint,41,3,1,854,32,3.0,120,UP,681,18.0,true,6368,5520,2140,30,818,1,2,1,UP,3.0,303.0,651.5,659.0,1021.0,1080.0,1163.0,4.330708661417323
1,MOOSE,TrackPoint,42,3,2,854,32,3.0,170,UP,620,18.0,true,8465,8324,2127,94,47,1,2,1,UP,3.0,308.0,633.0,402.2786865234375,1002.0,1080.0,1163.0,4.330708661417323
1,MOOSE,TrackPoint,43,3,3,854,32,3.0,20,UP,330,18.0,true,4892,4705,3617,150,37,2,2,1,UP,3.0,298.0,639.0,393.0,1018.0,1080.0,1163.0,4.330708661417323
1,MOOSE,TrackPoint,44,3,4,854,32,3.0,70,DOWN,282,18.0,false,4423,4371,1662,22,30,4,2,1,UP,3.0,285.5,626.0,355.2486267089844,1049.0,1080.0,1163.0,4.330708661417323
1,MOOSE,TrackPoint,45,3,5,854,32,6.0,120,UP,558,18.0,true,5149,3936,590,479,734,1,1,1,UP,3.0,302.0,648.0,391.0,1017.0,1080.0,1163.0,4.330708661417323
1,MOOSE,TrackPoint,46,3,6,854,32,3.0,20,DOWN,43,18.0,true,3052,2516,813,505,31,2,1,1,UP,3.0,318.5211486816406,636.0,660.0,922.4788208007812,1080.0,1163.0,4.330708661417323
1,MOOSE,TrackPoint,47,3,7,854,32,6.0,20,DOWN,595,18.0,true,3342,2543,2013,160,639,2,2,1,DOWN,3.0,297.5,641.0,661.0,1013.5,1080.0,1163.0,4.330708661417323
1,MOOSE,TrackPoint,48,3,8,854,32,6.0,220,DOWN,388,18.0,true,7621,7503,542,78,40,1,1,1,UP,3.0,297.0,635.0,382.0,1018.0,1080.0,1163.0,4.330708661417323
1,MOOSE,TrackPoint,49,3,9,854,32,6.0,120,DOWN,477,18.0,false,5100,4000,653,160,940,-5,1,1,DOWN,3.0,294.0,658.0,387.0,1041.0,1080.0,1163.0,4.330708661417323
1,MOOSE,TrackPoint,50,3,10,854,32,6.0,170,UP,29,18.0,true,11728,11589,6702,96,43,3,4,1,UP,3.0,287.0,626.0,684.0387573242188,1113.0,1080.0,1163.0,4.330708661417323
1,MOOSE,TrackPoint,51,3,11,854,32,6.0,70,UP,229,18.0,true,3618,2384,555,512,722,3,1,1,UP,3.0,312.0,651.0,406.0,1022.0,1080.0,1163.0,4.330708661417323
1,MOOSE,TrackPoint,52,3,12,854,32,3.0,170,DOWN,509,18.0,true,7427,6592,2047,134,701,1,1,1,DOWN,3.0,273.0,639.0,406.0,1115.47900390625,1080.0,1163.0,4.330708661417323
1,MOOSE,TrackPoint,53,3,13,854,32,3.0,70,UP,205,18.0,true,4169,4002,1758,135,32,2,1,1,UP,3.0,293.0,660.0,420.0,1071.0,1080.0,1163.0,4.330708661417323
1,MOOSE,TrackPoint,54,3,14,854,32,6.0,220,UP,293,18.0,true,8340,7536,1502,94,710,0,1,1,UP,3.0,309.0,479.5,1004.0,1037.0,1080.0,1163.0,4.330708661417323
1,MOOSE,TrackPoint,55,3,15,854,32,3.0,220,UP,496,18.0,true,10744,9920,4526,17,807,2,1,1,UP,3.0,332.0,507.0,1004.0,934.0,1080.0,1163.0,4.330708661417323
1,MOOSE,TrackPoint,56,3,16,854,32,6.0,170,DOWN,568,18.0,true,6024,4816,462,557,651,3,1,1,DOWN,3.0,322.5069274902344,495.0,1004.0,910.4931030273438,1080.0,1163.0,4.330708661417323
1,MOOSE,TrackPoint,57,3,17,854,32,6.0,70,DOWN,696,18.0,true,4507,3632,1661,14,861,1,1,1,DOWN,3.0,334.0,494.0,709.4837036132812,912.5,1080.0,1163.0,4.330708661417323
1,MOOSE,TrackPoint,58,3,18,854,32,3.0,120,DOWN,759,18.0,true,5670,4768,1486,486,416,2,1,1,DOWN,3.0,378.0,487.0,1003.0,944.0,1080.0,1163.0,4.330708661417323
1,MOOSE,TrackPoint,59,3,19,854,32,3.0,220,DOWN,813,18.0,true,10530,9312,3005,159,1059,1,2,1,DOWN,3.0,363.5208740234375,479.0,437.5,868.0,1080.0,1163.0,4.330708661417323
1,MOOSE,TrackPoint,60,3,20,854,32,6.0,20,UP,553,18.0,true,2384,1887,830,456,41,2,1,1,UP,3.0,367.0,590.0,451.3594055175781,877.0,1080.0,1163.0,4.330708661417323
1,MOUSE, --- ,1,1,1,854,32,6.0,220,UP,378,18.0,true,6593,5471,816,360,762,3,1,1,UP, ---, ---, ---, ---, ---, ---, ---,4.330708661417323
1,MOUSE, --- ,2,1,2,854,32,6.0,20,DOWN,464,18.0,true,1660,816,800,431,413,3,2,1,DOWN, ---, ---, ---, ---, ---, ---, ---,4.330708661417323
1,MOUSE, --- ,3,1,3,854,32,6.0,70,DOWN,117,18.0,true,3233,2480,1235,176,577,1,2,1,DOWN, ---, ---, ---, ---, ---, ---, ---,4.330708661417323
1,MOUSE, --- ,4,1,4,854,32,3.0,170,UP,436,18.0,true,5497,4511,501,534,452,1,0,1,DOWN, ---, ---, ---, ---, ---, ---, ---,4.330708661417323
1,MOUSE, --- ,5,1,5,854,32,3.0,120,UP,587,18.0,true,4489,3217,785,485,787,2,0,1,UP, ---, ---, ---, ---, ---, ---, ---,4.330708661417323
1,MOUSE, --- ,6,1,6,854,32,3.0,220,DOWN,301,18.0,false,5706,4192,510,872,642,3,0,1,DOWN, ---, ---, ---, ---, ---, ---, ---,4.330708661417323
1,MOUSE, --- ,7,1,7,854,32,6.0,170,DOWN,663,18.0,true,4812,3711,896,567,534,3,2,1,DOWN, ---, ---, ---, ---, ---, ---, ---,4.330708661417323
1,MOUSE, --- ,8,1,8,854,32,6.0,120,DOWN,319,18.0,true,3446,2352,416,408,686,2,1,1,DOWN, ---, ---, ---, ---, ---, ---, ---,4.330708661417323
1,MOUSE, --- ,9,1,9,854,32,3.0,170,DOWN,726,18.0,true,4767,3920,912,414,433,3,1,1,DOWN, ---, ---, ---, ---, ---, ---, ---,4.330708661417323
1,MOUSE, --- ,10,1,10,854,32,3.0,70,UP,518,18.0,true,3033,1823,833,496,714,2,1,1,UP, ---, ---, ---, ---, ---, ---, ---,4.330708661417323
1,MOUSE, --- ,11,1,11,854,32,6.0,170,UP,436,18.0,true,5269,4351,576,398,520,1,0,1,UP, ---, ---, ---, ---, ---, ---, ---,4.330708661417323
1,MOUSE, --- ,12,1,12,854,32,3.0,20,DOWN,297,18.0,false,3031,1888,1857,496,647,3,0,1,DOWN, ---, ---, ---, ---, ---, ---, ---,4.330708661417323
1,MOUSE, --- ,13,1,13,854,32,3.0,220,UP,434,18.0,false,6955,5760,1104,582,613,3,1,1,UP, ---, ---, ---, ---, ---, ---, ---,4.330708661417323
1,MOUSE, --- ,14,1,14,854,32,6.0,120,UP,495,18.0,true,3667,2993,704,126,548,2,1,1,UP, ---, ---, ---, ---, ---, ---, ---,4.330708661417323
1,MOUSE, --- ,15,1,15,854,32,6.0,220,DOWN,528,18.0,true,5330,4239,447,391,700,3,0,1,DOWN, ---, ---, ---, ---, ---, ---, ---,4.330708661417323
1,MOUSE, --- ,16,1,16,854,32,3.0,20,UP,674,18.0,true,2260,1359,896,510,391,1,1,1,DOWN, ---, ---, ---, ---, ---, ---, ---,4.330708661417323
1,MOUSE, --- ,17,1,17,854,32,6.0,70,UP,697,18.0,true,2450,1473,224,438,539,3,1,1,UP, ---, ---, ---, ---, ---, ---, ---,4.330708661417323
1,MOUSE, --- ,18,1,18,854,32,6.0,20,UP,481,18.0,true,1927,1197,413,402,328,3,1,1,DOWN, ---, ---, ---, ---, ---, ---, ---,4.330708661417323
1,MOUSE, --- ,19,1,19,854,32,3.0,120,DOWN,270,18.0,true,3636,2481,497,505,650,2,0,1,DOWN, ---, ---, ---, ---, ---, ---, ---,4.330708661417323
1,MOUSE, --- ,20,1,20,854,32,3.0,70,DOWN,554,18.0,true,2655,1872,800,496,287,1,1,1,DOWN, ---, ---, ---, ---, ---, ---, ---,4.330708661417323
1,MOUSE, --- ,21,2,1,854,32,6.0,170,DOWN,371,18.0,true,5530,3793,817,415,1322,2,0,1,DOWN, ---, ---, ---, ---, ---, ---, ---,4.330708661417323
1,MOUSE, --- ,22,2,2,854,32,6.0,170,UP,43,18.0,true,5250,4304,848,335,611,1,0,1,UP, ---, ---, ---, ---, ---, ---, ---,4.330708661417323
1,MOUSE, --- ,23,2,3,854,32,3.0,20,DOWN,133,18.0,true,1635,527,496,569,539,1,0,1,DOWN, ---, ---, ---, ---, ---, ---, ---,4.330708661417323
1,MOUSE, --- ,24,2,4,854,32,6.0,220,DOWN,399,18.0,true,5494,4833,385,389,272,3,0,1,UP, ---, ---, ---, ---, ---, ---, ---,4.330708661417323
1,MOUSE, --- ,25,2,5,854,32,3.0,170,DOWN,641,18.0,true,5227,4448,1504,375,404,3,1,1,DOWN, ---, ---, ---, ---, ---, ---, ---,4.330708661417323
1,MOUSE, --- ,26,2,6,854,32,6.0,120,UP,695,18.0,true,4023,2896,848,398,729,2,1,1,UP, ---, ---, ---, ---, ---, ---, ---,4.330708661417323
1,MOUSE, --- ,27,2,7,854,32,3.0,120,UP,234,18.0,true,4175,3119,704,471,585,2,0,1,UP, ---, ---, ---, ---, ---, ---, ---,4.330708661417323
1,MOUSE, --- ,28,2,8,854,32,6.0,70,UP,58,18.0,true,3441,3043,1082,368,30,2,1,1,UP, ---, ---, ---, ---, ---, ---, ---,4.330708661417323
1,MOUSE, --- ,29,2,9,854,32,6.0,70,DOWN,595,18.0,true,2938,1984,881,349,605,1,1,1,DOWN, ---, ---, ---, ---, ---, ---, ---,4.330708661417323
1,MOUSE, --- ,30,2,10,854,32,6.0,20,DOWN,367,18.0,true,1729,831,800,424,474,0,1,1,DOWN, ---, ---, ---, ---, ---, ---, ---,4.330708661417323
1,MOUSE, --- ,31,2,11,854,32,6.0,220,UP,154,18.0,true,7040,6065,1040,352,623,1,0,1,UP, ---, ---, ---, ---, ---, ---, ---,4.330708661417323
1,MOUSE, --- ,32,2,12,854,32,6.0,20,UP,644,18.0,true,1713,304,272,526,883,1,0,1,UP, ---, ---, ---, ---, ---, ---, ---,4.330708661417323
1,MOUSE, --- ,33,2,13,854,32,3.0,20,UP,742,18.0,true,3466,2272,1473,575,619,1,1,1,DOWN, ---, ---, ---, ---, ---, ---, ---,4.330708661417323
1,MOUSE, --- ,34,2,14,854,32,3.0,120,DOWN,487,18.0,true,4064,3521,1104,503,40,2,1,1,UP, ---, ---, ---, ---, ---, ---, ---,4.330708661417323
1,MOUSE, --- ,35,2,15,854,32,3.0,170,UP,244,18.0,true,5745,5086,368,622,37,1,0,1,UP, ---, ---, ---, ---, ---, ---, ---,4.330708661417323
1,MOUSE, --- ,36,2,16,854,32,3.0,70,DOWN,663,18.0,true,3031,1966,896,445,620,1,0,1,DOWN, ---, ---, ---, ---, ---, ---, ---,4.330708661417323
1,MOUSE, --- ,37,2,17,854,32,6.0,120,DOWN,266,18.0,true,3664,2607,368,566,491,4,0,1,DOWN, ---, ---, ---, ---, ---, ---, ---,4.330708661417323
1,MOUSE, --- ,38,2,18,854,32,3.0,70,UP,243,18.0,false,3584,3000,947,542,42,0,2,1,UP, ---, ---, ---, ---, ---, ---, ---,4.330708661417323
1,MOUSE, --- ,39,2,19,854,32,3.0,220,UP,452,18.0,true,7255,6048,1216,509,698,1,1,1,UP, ---, ---, ---, ---, ---, ---, ---,4.330708661417323
1,MOUSE, --- ,40,2,20,854,32,3.0,220,DOWN,582,18.0,false,5889,4480,464,726,683,3,0,1,DOWN, ---, ---, ---, ---, ---, ---, ---,4.330708661417323
1,MOUSE, --- ,41,3,1,854,32,6.0,120,UP,564,18.0,true,4265,3248,688,383,634,2,1,1,UP, ---, ---, ---, ---, ---, ---, ---,4.330708661417323
1,MOUSE, --- ,42,3,2,854,32,6.0,20,UP,619,18.0,true,1647,801,769,462,384,3,1,1,UP, ---, ---, ---, ---, ---, ---, ---,4.330708661417323
1,MOUSE, --- ,43,3,3,854,32,3.0,170,DOWN,402,18.0,true,6750,6292,1472,416,42,2,1,1,UP, ---, ---, ---, ---, ---, ---, ---,4.330708661417323
1,MOUSE, --- ,44,3,4,854,32,6.0,170,DOWN,814,18.0,true,4438,3568,529,486,384,3,0,1,DOWN, ---, ---, ---, ---, ---, ---, ---,4.330708661417323
1,MOUSE, --- ,45,3,5,854,32,3.0,170,UP,148,18.0,true,5735,5121,961,582,32,1,0,1,UP, ---, ---, ---, ---, ---, ---, ---,4.330708661417323
1,MOUSE, --- ,46,3,6,854,32,3.0,120,UP,634,18.0,true,4304,3120,832,478,706,2,0,1,UP, ---, ---, ---, ---, ---, ---, ---,4.330708661417323
1,MOUSE, --- ,47,3,7,854,32,6.0,170,UP,669,18.0,true,5463,4480,785,397,586,1,0,1,UP, ---, ---, ---, ---, ---, ---, ---,4.330708661417323
1,MOUSE, --- ,48,3,8,854,32,3.0,120,DOWN,493,18.0,true,3350,2754,128,558,38,2,0,1,UP, ---, ---, ---, ---, ---, ---, ---,4.330708661417323
1,MOUSE, --- ,49,3,9,854,32,6.0,70,UP,80,18.0,true,2863,2418,479,407,38,2,1,1,UP, ---, ---, ---, ---, ---, ---, ---,4.330708661417323
1,MOUSE, --- ,50,3,10,854,32,6.0,220,DOWN,307,18.0,true,6467,5616,1009,446,405,3,0,1,DOWN, ---, ---, ---, ---, ---, ---, ---,4.330708661417323
1,MOUSE, --- ,51,3,11,854,32,3.0,20,UP,72,18.0,false,2457,1785,646,634,38,0,0,1,UP, ---, ---, ---, ---, ---, ---, ---,4.330708661417323
1,MOUSE, --- ,52,3,12,854,32,6.0,220,UP,574,18.0,true,7441,6272,465,424,745,1,0,1,DOWN, ---, ---, ---, ---, ---, ---, ---,4.330708661417323
1,MOUSE, --- ,53,3,13,854,32,3.0,70,UP,732,18.0,true,3271,1515,417,1093,663,3,0,1,UP, ---, ---, ---, ---, ---, ---, ---,4.330708661417323
1,MOUSE, --- ,54,3,14,854,32,6.0,20,DOWN,507,18.0,true,1836,832,448,453,551,3,0,1,DOWN, ---, ---, ---, ---, ---, ---, ---,4.330708661417323
1,MOUSE, --- ,55,3,15,854,32,6.0,120,DOWN,419,18.0,true,3411,2384,127,447,580,2,1,1,DOWN, ---, ---, ---, ---, ---, ---, ---,4.330708661417323
1,MOUSE, --- ,56,3,16,854,32,3.0,220,UP,534,18.0,true,6746,5344,224,800,602,1,0,1,UP, ---, ---, ---, ---, ---, ---, ---,4.330708661417323
1,MOUSE, --- ,57,3,17,854,32,3.0,70,DOWN,350,18.0,true,3511,2912,751,566,33,1,0,1,UP, ---, ---, ---, ---, ---, ---, ---,4.330708661417323
1,MOUSE, --- ,58,3,18,854,32,3.0,20,DOWN,659,18.0,false,2849,1346,1314,812,691,3,2,1,DOWN, ---, ---, ---, ---, ---, ---, ---,4.330708661417323
1,MOUSE, --- ,59,3,19,854,32,6.0,70,DOWN,529,18.0,true,2782,1727,308,472,583,1,1,1,DOWN, ---, ---, ---, ---, ---, ---, ---,4.330708661417323
1,MOUSE, --- ,60,3,20,854,32,3.0,220,DOWN,579,18.0,false,6092,4928,768,631,533,3,0,1,DOWN, ---, ---, ---, ---, ---, ---, ---,4.330708661417323
1,MOOSE,ScrollWheel,1,1,1,854,32,6.0,220,DOWN,369,18.0,true,11443,9650,2090,410,1383,3,2,1,DOWN,2.0,326.0,519.0,965.0,950.0,1080.0,1163.0,4.330708661417323
1,MOOSE,ScrollWheel,2,1,2,854,32,6.0,20,UP,635,18.0,true,2909,1935,1872,22,952,1,2,1,UP,2.0,545.0,680.0,609.0,874.0,1080.0,1163.0,4.330708661417323
1,MOOSE,ScrollWheel,3,1,3,854,32,3.0,170,UP,663,18.0,false,7960,7024,3152,257,679,4,2,1,UP,2.0,512.0,655.0,964.0,950.0,1080.0,1163.0,4.330708661417323
1,MOOSE,ScrollWheel,4,1,4,854,32,3.0,220,UP,51,18.0,false,8634,6207,929,951,1476,3,0,1,UP,2.0,547.4945678710938,662.0,989.0,993.0,1080.0,1163.0,4.330708661417323
1,MOOSE,ScrollWheel,5,1,5,854,32,3.0,170,DOWN,442,18.0,false,7127,5680,1263,744,703,0,1,1,DOWN,2.0,528.0,657.0,959.0,1054.0,1080.0,1163.0,4.330708661417323
1,MOOSE,ScrollWheel,6,1,6,854,32,3.0,20,UP,607,18.0,false,3221,912,671,1346,963,3,1,1,DOWN,2.0,541.0,697.5,621.0,946.5,1080.0,1163.0,4.330708661417323
1,MOOSE,ScrollWheel,7,1,7,854,32,6.0,120,DOWN,634,18.0,true,4614,3360,720,487,767,2,1,1,DOWN,2.0,536.7762451171875,660.0,958.04736328125,1006.0,1080.0,1163.0,4.330708661417323
1,MOOSE,ScrollWheel,8,1,8,854,32,6.0,170,DOWN,684,18.0,true,10039,9455,3185,423,161,2,2,1,DOWN,2.0,513.5569458007812,665.0,958.0,1050.0,1080.0,1163.0,4.330708661417323
1,MOOSE,ScrollWheel,9,1,9,854,32,6.0,70,DOWN,735,18.0,true,5424,4383,768,416,625,1,1,1,DOWN,2.0,517.0,689.0,595.0,1012.0,1080.0,1163.0,4.330708661417323
1,MOOSE,ScrollWheel,10,1,10,854,32,6.0,20,DOWN,126,18.0,true,2358,1949,769,368,41,0,1,1,UP,2.0,542.0565795898438,681.0,583.0,928.0,1080.0,1163.0,4.330708661417323
1,MOOSE,ScrollWheel,11,1,11,854,32,6.0,170,UP,508,18.0,true,6938,5968,800,479,491,1,0,1,DOWN,2.0,525.5675048828125,696.0,669.0,1004.0,1080.0,1163.0,4.330708661417323
1,MOOSE,ScrollWheel,12,1,12,854,32,3.0,120,UP,673,18.0,true,4295,3135,159,672,488,2,0,1,UP,2.0,539.0,718.0,921.43896484375,991.0,1080.0,1163.0,4.330708661417323
1,MOOSE,ScrollWheel,13,1,13,854,32,6.0,70,UP,46,18.0,true,4181,3759,1537,383,39,2,1,1,UP,2.0,519.0,716.0,632.0,1034.0,1080.0,1163.0,4.330708661417323
1,MOOSE,ScrollWheel,14,1,14,854,32,3.0,70,UP,48,18.0,true,5868,4623,2736,520,725,3,2,1,UP,2.0,533.0,714.0,639.0,1017.0,1080.0,1163.0,4.330708661417323
1,MOOSE,ScrollWheel,15,1,15,854,32,3.0,120,DOWN,599,18.0,true,7083,5793,2897,562,728,2,1,1,DOWN,2.0,511.4303894042969,686.0,591.0,1035.0,1080.0,1163.0,4.330708661417323
1,MOOSE,ScrollWheel,16,1,16,854,32,3.0,220,DOWN,429,18.0,false,7441,6653,1136,751,37,3,0,1,UP,2.0,503.5001525878906,686.0,632.0,1078.0,1080.0,1163.0,4.330708661417323
1,MOOSE,ScrollWheel,17,1,17,854,32,3.0,70,DOWN,606,18.0,true,4435,3088,1392,496,851,1,1,1,DOWN,2.0,499.0,692.0,599.0,1045.0,1080.0,1163.0,4.330708661417323
1,MOOSE,ScrollWheel,18,1,18,854,32,3.0,20,DOWN,793,18.0,true,2056,769,657,447,840,1,0,1,DOWN,2.0,515.0,707.0,580.0,996.0,1080.0,1163.0,4.330708661417323
1,MOOSE,ScrollWheel,19,1,19,854,32,6.0,120,UP,632,18.0,true,9952,9342,1535,571,39,4,1,1,UP,2.0,510.0,693.0,620.0,1050.0,1080.0,1163.0,4.330708661417323
1,MOOSE,ScrollWheel,20,1,20,854,32,6.0,220,UP,141,18.0,true,8960,7711,1299,441,808,3,1,1,UP,2.0,517.4978637695312,692.0,648.0,1029.0,1080.0,1163.0,4.330708661417323
1,MOOSE,ScrollWheel,21,2,1,854,32,3.0,120,DOWN,697,18.0,true,5653,4496,1323,447,710,2,1,1,DOWN,2.0,505.4930725097656,676.0,924.0,1060.0,1080.0,1163.0,4.330708661417323
1,MOOSE,ScrollWheel,22,2,2,854,32,3.0,20,DOWN,423,18.0,false,1967,1425,591,503,39,0,0,1,UP,2.0,529.0,702.0,584.0,973.0,1080.0,1163.0,4.330708661417323
1,MOOSE,ScrollWheel,23,2,3,854,32,6.0,70,UP,545,18.0,true,3353,2241,431,423,689,0,0,1,UP,2.0,537.0,710.0,642.0,987.0,1080.0,1163.0,4.330708661417323
1,MOOSE,ScrollWheel,24,2,4,854,32,6.0,120,UP,567,18.0,true,5409,4544,1104,368,497,2,2,1,UP,2.0,518.0,706.7685546875,650.0,1086.0,1080.0,1163.0,4.330708661417323
1,MOOSE,ScrollWheel,25,2,5,854,32,3.0,120,UP,32,18.0,true,5894,5361,1504,496,37,2,1,1,UP,2.0,527.0,707.0,651.0,1020.0,1080.0,1163.0,4.330708661417323
1,MOOSE,ScrollWheel,26,2,6,854,32,6.0,20,DOWN,216,18.0,true,1592,320,224,527,745,3,0,1,DOWN,2.0,510.5004577636719,705.0,573.0,1056.0,1080.0,1163.0,4.330708661417323
1,MOOSE,ScrollWheel,27,2,7,854,32,3.0,170,DOWN,652,18.0,true,4788,3793,417,489,506,3,0,1,DOWN,2.0,504.0,690.0,599.0,1093.0,1080.0,1163.0,4.330708661417323
1,MOOSE,ScrollWheel,28,2,8,854,32,3.0,170,UP,545,18.0,true,6127,4864,832,585,678,1,0,1,DOWN,2.0,518.2643432617188,707.0,631.5,1049.5,1080.0,1163.0,4.330708661417323
1,MOOSE,ScrollWheel,29,2,9,854,32,6.0,170,UP,488,18.0,true,5831,4849,576,416,566,4,1,1,UP,2.0,518.0,704.0,641.0,1026.0,1080.0,1163.0,4.330708661417323
1,MOOSE,ScrollWheel,30,2,10,854,32,3.0,220,UP,128,18.0,false,7429,6862,639,529,38,3,0,1,UP,2.0,502.539794921875,702.0,614.0,1092.0,1080.0,1163.0,4.330708661417323
1,MOOSE,ScrollWheel,31,2,11,854,32,3.0,220,DOWN,675,18.0,true,6663,5425,545,511,727,1,0,1,DOWN,2.0,493.0,685.0,595.0,1107.0,1080.0,1163.0,4.330708661417323
1,MOOSE,ScrollWheel,32,2,12,854,32,6.0,220,UP,34,18.0,true,8273,7735,1377,487,51,3,1,1,UP,2.0,499.0,712.0,621.0,1074.0,1080.0,1163.0,4.330708661417323
1,MOOSE,ScrollWheel,33,2,13,854,32,6.0,120,DOWN,533,18.0,true,4148,2945,417,496,707,2,1,1,DOWN,2.0,499.1922302246094,690.0,593.0,1066.0,1080.0,1163.0,4.330708661417323
1,MOOSE,ScrollWheel,34,2,14,854,32,3.0,70,UP,591,18.0,true,5240,3520,561,1114,606,3,0,1,DOWN,2.0,512.0,691.0,608.0,1020.0,1080.0,1163.0,4.330708661417323
1,MOOSE,ScrollWheel,35,2,15,854,32,6.0,20,UP,773,18.0,true,2647,1456,1409,512,679,3,1,1,UP,2.0,504.0,779.5491943359375,605.0,1057.0,1080.0,1163.0,4.330708661417323
1,MOOSE,ScrollWheel,36,2,16,854,32,3.0,70,DOWN,257,18.0,true,5447,3985,2625,695,767,1,1,1,DOWN,2.0,500.0,695.0,589.0,1068.0,1080.0,1163.0,4.330708661417323
1,MOOSE,ScrollWheel,37,2,17,854,32,6.0,170,DOWN,593,18.0,true,6095,4752,1664,639,704,0,1,1,DOWN,2.0,479.0,699.0,589.0,1121.0,1080.0,1163.0,4.330708661417323
1,MOOSE,ScrollWheel,38,2,18,854,32,6.0,70,DOWN,617,18.0,true,3057,1582,336,680,795,3,0,1,DOWN,2.0,489.56134033203125,703.0,606.0,1099.0,1080.0,1163.0,4.330708661417323
1,MOOSE,ScrollWheel,39,2,19,854,32,3.0,20,UP,605,18.0,true,3482,2256,913,593,633,1,1,1,DOWN,2.0,512.5497436523438,701.0,609.0,1038.0,1080.0,1163.0,4.330708661417323
1,MOOSE,ScrollWheel,40,2,20,854,32,6.0,220,DOWN,618,18.0,true,5874,4721,513,383,770,0,1,1,DOWN,2.0,481.48175048828125,689.0,581.0,1149.0,1080.0,1163.0,4.330708661417323
1,MOOSE,ScrollWheel,41,3,1,854,32,3.0,120,UP,429,18.0,true,4513,3344,544,578,591,2,0,1,UP,2.0,518.4722900390625,700.0,664.0,1046.0,1080.0,1163.0,4.330708661417323
1,MOOSE,ScrollWheel,42,3,2,854,32,3.0,220,UP,519,18.0,false,9831,7248,1825,1792,791,3,3,1,UP,2.0,513.53369140625,709.0,645.0,1021.0,1080.0,1163.0,4.330708661417323
1,MOOSE,ScrollWheel,43,3,3,854,32,3.0,20,UP,612,18.0,true,3705,2303,2208,577,825,1,1,1,UP,2.0,510.0,708.0,618.0,1017.0,1080.0,1163.0,4.330708661417323
1,MOOSE,ScrollWheel,44,3,4,854,32,6.0,220,DOWN,787,18.0,true,8297,6831,2432,664,802,0,1,1,DOWN,2.0,499.017578125,680.0,623.0,1077.0,1080.0,1163.0,4.330708661417323
1,MOOSE,ScrollWheel,45,3,5,854,32,3.0,170,UP,148,18.0,false,6069,5281,1281,48,740,3,1,1,UP,2.0,513.0,700.0,623.0,1050.0,1080.0,1163.0,4.330708661417323
1,MOOSE,ScrollWheel,46,3,6,854,32,6.0,170,UP,422,18.0,true,6057,5039,671,369,649,1,0,1,UP,2.0,512.0,718.0,636.0,1044.0,1080.0,1163.0,4.330708661417323
1,MOOSE,ScrollWheel,47,3,7,854,32,6.0,170,DOWN,379,18.0,true,5892,4656,911,632,604,0,1,1,DOWN,2.0,461.8254089355469,691.0,603.0,1185.0,1080.0,1163.0,4.330708661417323
1,MOOSE,ScrollWheel,48,3,8,854,32,3.0,70,DOWN,295,18.0,true,4833,4286,1969,518,29,1,0,1,UP,2.0,488.44439697265625,691.0,595.0,1093.0,1080.0,1163.0,4.330708661417323
1,MOOSE,ScrollWheel,49,3,9,854,32,6.0,120,UP,608,18.0,true,4886,3872,704,327,687,2,1,1,DOWN,2.0,485.5577697753906,699.0,620.0,1104.0,1080.0,1163.0,4.330708661417323
1,MOOSE,ScrollWheel,50,3,10,854,32,6.0,120,DOWN,438,18.0,true,5941,5697,2225,215,29,4,2,1,UP,2.0,502.4621276855469,691.0,583.0,1011.0,1080.0,1163.0,4.330708661417323
1,MOOSE,ScrollWheel,51,3,11,854,32,6.0,70,DOWN,265,18.0,true,2912,1760,224,545,607,3,0,1,DOWN,2.0,496.49444580078125,696.0,587.0,1049.0,1080.0,1163.0,4.330708661417323
1,MOOSE,ScrollWheel,52,3,12,854,32,6.0,20,DOWN,558,18.0,true,1238,193,95,567,478,1,1,1,DOWN,2.0,505.8952941894531,692.0,564.0,1022.0,1080.0,1163.0,4.330708661417323
1,MOOSE,ScrollWheel,53,3,13,854,32,3.0,120,DOWN,413,18.0,true,5958,4912,1904,528,518,2,1,1,DOWN,2.0,497.0805969238281,692.0,601.0,1065.0,1080.0,1163.0,4.330708661417323
1,MOOSE,ScrollWheel,54,3,14,854,32,3.0,170,DOWN,554,18.0,true,5834,4543,574,739,552,2,0,1,DOWN,2.0,493.0,690.0,615.0,1074.0,1080.0,1163.0,4.330708661417323
1,MOOSE,ScrollWheel,55,3,15,854,32,6.0,20,UP,141,18.0,true,3428,2995,1792,401,32,0,2,1,UP,2.0,519.4537963867188,700.0,572.0,994.0,1080.0,1163.0,4.330708661417323
1,MOOSE,ScrollWheel,56,3,16,854,32,6.0,220,UP,205,18.0,true,6907,5264,112,967,676,3,1,1,UP,2.0,510.0,713.0,630.0,1040.0,1080.0,1163.0,4.330708661417323
1,MOOSE,ScrollWheel,57,3,17,854,32,3.0,20,DOWN,255,18.0,true,2332,1041,945,527,764,1,0,1,DOWN,2.0,502.0,703.0,606.0,1017.4497680664062,1080.0,1163.0,4.330708661417323
1,MOOSE,ScrollWheel,58,3,18,854,32,6.0,70,UP,495,18.0,true,4174,2785,1136,559,830,3,1,1,UP,2.0,517.0,715.0,619.0,1021.0,1080.0,1163.0,4.330708661417323
1,MOOSE,ScrollWheel,59,3,19,854,32,3.0,70,UP,64,18.0,true,5040,4497,2431,510,33,2,1,1,UP,2.0,519.1678466796875,704.0,610.0,1010.0,1080.0,1163.0,4.330708661417323
1,MOOSE,ScrollWheel,60,3,20,854,32,3.0,220,DOWN,330,18.0,true,6246,4975,159,685,586,1,0,1,DOWN,2.0,486.8694152832031,691.0,600.0,1100.0,1080.0,1163.0,4.330708661417323
1,MOOSE,Drag,1,1,1,854,32,3.0,170,DOWN,593,18.0,true,9752,7233,944,416,2103,1,1,1,DOWN,2.0,311.0,635.0,918.0,1049.0,1080.0,1163.0,4.330708661417323
1,MOOSE,Drag,2,1,2,854,32,3.0,70,DOWN,649,18.0,true,5579,4608,1952,257,714,2,3,1,UP,2.0,425.48492431640625,710.0,821.0,1011.0,1080.0,1163.0,4.330708661417323
1,MOOSE,Drag,3,1,3,854,32,6.0,170,UP,400,18.0,true,6363,5582,0,740,41,-1,0,1,UP,2.0,434.0,706.0,823.3577270507812,1054.0,1080.0,1163.0,4.330708661417323
1,MOOSE,Drag,4,1,4,854,32,6.0,20,UP,121,18.0,true,3738,2656,1551,175,907,3,2,1,DOWN,2.0,426.4499816894531,713.0,482.0,1084.0,1080.0,1163.0,4.330708661417323
1,MOOSE,Drag,5,1,5,854,32,6.0,20,DOWN,182,18.0,true,2643,1152,352,443,1048,2,0,1,UP,2.0,451.0,727.0,510.0,975.0,1080.0,1163.0,4.330708661417323
1,MOOSE,Drag,6,1,6,854,32,6.0,70,UP,154,18.0,true,3060,2449,672,57,554,3,1,1,DOWN,2.0,431.5348205566406,713.0,471.0,1078.0,1080.0,1163.0,4.330708661417323
1,MOOSE,Drag,7,1,7,854,32,3.0,70,UP,571,18.0,true,4049,2559,752,472,1018,1,1,1,UP,2.0,424.0,717.0,516.0,1129.0,1080.0,1163.0,4.330708661417323
1,MOOSE,Drag,8,1,8,854,32,6.0,70,DOWN,228,18.0,true,4451,4170,1264,245,36,0,1,1,UP,2.0,439.48822021484375,737.0,535.0,993.0,1080.0,1163.0,4.330708661417323
1,MOOSE,Drag,9,1,9,854,32,3.0,120,UP,390,18.0,true,5497,4192,1376,392,913,2,2,1,UP,2.0,412.0,712.0,495.0,1062.0,1080.0,1163.0,4.330708661417323
1,MOOSE,Drag,10,1,10,854,32,6.0,220,UP,143,18.0,true,8367,8043,1087,290,34,1,1,1,UP,2.0,420.0,717.0,507.0,1106.0,1080.0,1163.0,4.330708661417323
1,MOOSE,Drag,11,1,11,854,32,6.0,170,DOWN,606,18.0,true,6946,5697,912,360,889,0,1,1,DOWN,2.0,423.0,738.0,542.0,1020.0,1080.0,1163.0,4.330708661417323
1,MOOSE,Drag,12,1,12,854,32,3.0,120,DOWN,261,18.0,false,5895,4639,767,616,640,1,1,1,UP,2.0,416.0,722.0,824.0,1075.0,1080.0,1163.0,4.330708661417323
1,MOOSE,Drag,13,1,13,854,32,6.0,120,UP,479,18.0,true,4472,3248,927,376,848,1,0,1,UP,2.0,422.0,725.0,490.0,1108.0,1080.0,1163.0,4.330708661417323
1,MOOSE,Drag,14,1,14,854,32,3.0,220,DOWN,496,18.0,true,7935,6672,80,502,761,2,0,1,UP,2.0,424.0,729.55859375,581.7241821289062,1031.0,1080.0,1163.0,4.330708661417323
1,MOOSE,Drag,15,1,15,854,32,3.0,170,UP,39,18.0,true,7656,6431,1568,440,785,2,0,1,DOWN,2.0,417.4820556640625,718.0,539.5,1135.0,1080.0,1163.0,4.330708661417323
1,MOOSE,Drag,16,1,16,854,32,6.0,220,DOWN,735,18.0,true,8193,7153,337,383,657,2,1,1,UP,2.0,418.5877380371094,732.0,548.0,1143.0,1080.0,1163.0,4.330708661417323
1,MOOSE,Drag,17,1,17,854,32,3.0,220,UP,561,18.0,true,7015,6503,1262,465,47,2,1,1,DOWN,2.0,394.93280029296875,725.0,510.0,1209.0,1080.0,1163.0,4.330708661417323
1,MOOSE,Drag,18,1,18,854,32,3.0,20,DOWN,390,18.0,true,3681,3273,1454,375,33,2,1,1,UP,2.0,441.0,731.0,540.0,992.0,1080.0,1163.0,4.330708661417323
1,MOOSE,Drag,19,1,19,854,32,3.0,20,UP,581,18.0,true,3058,1809,1729,439,810,1,2,1,UP,2.0,438.0,751.0,530.0,1069.0,1080.0,1163.0,4.330708661417323
1,MOOSE,Drag,20,1,20,854,32,6.0,120,DOWN,637,18.0,true,7162,6176,2688,314,672,2,2,1,UP,2.0,447.0,746.0,586.0,1046.0,1080.0,1163.0,4.330708661417323
1,MOOSE,Drag,21,2,1,854,32,6.0,70,UP,432,18.0,true,4409,3456,1056,114,839,2,1,1,DOWN,2.0,431.0,726.0,543.0,1112.0,1080.0,1163.0,4.330708661417323
1,MOOSE,Drag,22,2,2,854,32,3.0,20,UP,487,18.0,true,3055,1824,1231,425,806,1,1,1,DOWN,2.0,435.0,745.0,491.5,1046.5,1080.0,1163.0,4.330708661417323
1,MOOSE,Drag,23,2,3,854,32,3.0,220,UP,234,18.0,true,6249,4975,447,416,858,2,1,1,UP,2.0,419.5025939941406,726.0,510.0,1138.0,1080.0,1163.0,4.330708661417323
1,MOOSE,Drag,24,2,4,854,32,3.0,170,DOWN,748,18.0,true,6456,5312,1679,192,952,2,1,1,DOWN,2.0,426.94671630859375,743.0,557.0,1045.0,1080.0,1163.0,4.330708661417323
1,MOOSE,Drag,25,2,5,854,32,6.0,170,DOWN,292,18.0,true,11871,11552,448,280,39,2,1,1,UP,2.0,430.0,730.0,566.0,1073.0,1080.0,1163.0,4.330708661417323
1,MOOSE,Drag,26,2,6,854,32,3.0,170,UP,227,18.0,true,6333,5105,1665,367,861,1,2,1,UP,2.0,416.5038757324219,727.0,527.0,1150.0,1080.0,1163.0,4.330708661417323
1,MOOSE,Drag,27,2,7,854,32,6.0,220,UP,257,18.0,true,8056,6720,671,352,984,2,1,1,DOWN,2.0,421.0,733.0,529.7567749023438,1119.0,1080.0,1163.0,4.330708661417323
1,MOOSE,Drag,28,2,8,854,32,3.0,120,UP,148,18.0,true,3856,3444,704,394,18,2,1,1,UP,2.0,401.45672607421875,735.0,480.0,1122.0,1080.0,1163.0,4.330708661417323
1,MOOSE,Drag,29,2,9,854,32,6.0,70,DOWN,296,18.0,true,3877,2975,784,200,702,2,1,1,UP,2.0,432.0,742.0,541.0,1046.0,1080.0,1163.0,4.330708661417323
1,MOOSE,Drag,30,2,10,854,32,3.0,70,DOWN,487,18.0,true,4226,3345,881,198,683,2,1,1,UP,2.0,435.8773193359375,742.0,552.0,1097.0,1080.0,1163.0,4.330708661417323
1,MOOSE,Drag,31,2,11,854,32,6.0,120,DOWN,133,18.0,true,5456,5080,784,337,39,3,1,1,UP,2.0,424.4819030761719,743.0,560.0,1098.0,1080.0,1163.0,4.330708661417323
1,MOOSE,Drag,32,2,12,854,32,6.0,120,UP,667,18.0,true,3982,2705,241,391,886,0,1,1,UP,2.0,426.5449523925781,739.0,491.0,1101.0,1080.0,1163.0,4.330708661417323
1,MOOSE,Drag,33,2,13,854,32,3.0,120,DOWN,162,18.0,true,5243,3553,96,527,1163,2,0,1,UP,2.0,440.0,747.0,547.0,1040.0,1080.0,1163.0,4.330708661417323
1,MOOSE,Drag,34,2,14,854,32,3.0,70,UP,678,18.0,true,3064,1920,673,415,729,2,1,1,UP,2.0,425.4381408691406,744.0,504.0,1117.0,1080.0,1163.0,4.330708661417323
1,MOOSE,Drag,35,2,15,854,32,6.0,20,UP,607,18.0,true,2152,1746,848,370,36,1,1,1,UP,2.0,438.0,750.0,529.0,1025.24658203125,1080.0,1163.0,4.330708661417323
1,MOOSE,Drag,36,2,16,854,32,6.0,170,UP,249,18.0,true,4909,4510,705,366,33,0,1,1,UP,2.0,412.51336669921875,736.0,509.0,1169.0,1080.0,1163.0,4.330708661417323
1,MOOSE,Drag,37,2,17,854,32,3.0,20,DOWN,36,18.0,false,5145,4803,2288,307,35,3,2,1,UP,2.0,437.0,755.0,534.9915161132812,1062.0,1080.0,1163.0,4.330708661417323
1,MOOSE,Drag,38,2,18,854,32,3.0,220,DOWN,419,18.0,true,8753,7632,801,417,704,1,1,1,UP,2.0,422.0,742.0,592.0,1121.0,1080.0,1163.0,4.330708661417323
1,MOOSE,Drag,39,2,19,854,32,6.0,220,DOWN,615,18.0,true,7486,6736,862,112,638,1,1,1,UP,2.0,434.5148010253906,749.0,562.0,1052.0,1080.0,1163.0,4.330708661417323
1,MOOSE,Drag,40,2,20,854,32,6.0,20,DOWN,356,18.0,true,2652,2109,945,501,42,3,1,1,UP,2.0,461.0,766.0,525.5,992.0,1080.0,1163.0,4.330708661417323
1,MOOSE,Drag,41,3,1,854,32,6.0,220,UP,466,18.0,true,7273,6208,751,352,713,2,2,1,UP,2.0,415.676513671875,718.0,826.2828979492188,1157.0,1080.0,1163.0,4.330708661417323
1,MOOSE,Drag,42,3,2,854,32,3.0,70,DOWN,237,18.0,true,4942,4514,1921,392,36,1,2,1,UP,2.0,449.5398864746094,737.0,558.0,1067.0,1080.0,1163.0,4.330708661417323
1,MOOSE,Drag,43,3,3,854,32,6.0,220,DOWN,722,18.0,true,8307,7280,751,307,720,2,1,1,UP,2.0,443.0,736.0,592.0,1066.0,1080.0,1163.0,4.330708661417323
1,MOOSE,Drag,44,3,4,854,32,6.0,70,DOWN,417,18.0,true,4098,3665,768,399,34,1,1,1,UP,2.0,447.5,756.0,599.0,1070.0,1080.0,1163.0,4.330708661417323
1,MOOSE,Drag,45,3,5,854,32,3.0,20,DOWN,589,18.0,true,2388,1408,576,256,724,1,1,1,UP,2.0,466.0,754.0,562.0,1032.0,1080.0,1163.0,4.330708661417323
1,MOOSE,Drag,46,3,6,854,32,3.0,220,UP,20,18.0,true,6781,6418,1313,326,37,2,1,1,UP,2.0,419.0,715.0,556.0,1160.0,1080.0,1163.0,4.330708661417323
1,MOOSE,Drag,47,3,7,854,32,3.0,70,UP,97,18.0,true,4137,2768,721,608,761,2,0,1,DOWN,2.0,421.0,738.0,552.0,1166.0,1080.0,1163.0,4.330708661417323
1,MOOSE,Drag,48,3,8,854,32,3.0,20,UP,591,18.0,true,2373,1135,1055,426,812,3,1,1,UP,2.0,417.0,747.0,513.0,1125.0,1080.0,1163.0,4.330708661417323
1,MOOSE,Drag,49,3,9,854,32,3.0,120,DOWN,295,18.0,true,7025,6159,2688,249,617,2,3,1,UP,2.0,463.61810302734375,743.0,578.0,1045.0,1080.0,1163.0,4.330708661417323
1,MOOSE,Drag,50,3,10,854,32,6.0,70,UP,489,18.0,true,3363,2225,833,297,841,2,1,1,UP,2.0,432.4705810546875,741.0,536.0,1131.0,1080.0,1163.0,4.330708661417323
1,MOOSE,Drag,51,3,11,854,32,3.0,170,DOWN,367,18.0,true,9060,7936,1137,56,1068,2,1,1,UP,2.0,432.0,749.0,602.0,1115.5,1080.0,1163.0,4.330708661417323
1,MOOSE,Drag,52,3,12,854,32,6.0,120,DOWN,261,18.0,true,5432,3344,80,647,1441,2,0,1,DOWN,2.0,464.50787353515625,754.0,595.0,1046.0,1080.0,1163.0,4.330708661417323
1,MOOSE,Drag,53,3,13,854,32,6.0,20,DOWN,608,18.0,true,2123,720,639,704,699,0,0,1,DOWN,2.0,468.0,764.0,623.0,1031.0,1080.0,1163.0,4.330708661417323
1,MOOSE,Drag,54,3,14,854,32,6.0,170,DOWN,468,18.0,true,6138,4896,80,511,731,3,0,1,DOWN,2.0,466.0,753.7686767578125,627.0,1032.0,1080.0,1163.0,4.330708661417323
1,MOOSE,Drag,55,3,15,854,32,6.0,170,UP,59,18.0,false,6258,5695,1103,520,43,-1,1,1,UP,2.0,411.91241455078125,732.0,545.0,1178.0,1080.0,1163.0,4.330708661417323
1,MOOSE,Drag,56,3,16,854,32,3.0,170,UP,354,18.0,true,5423,4160,768,416,847,2,1,1,UP,2.0,414.0,749.0,547.0,1139.0,1080.0,1163.0,4.330708661417323
1,MOOSE,Drag,57,3,17,854,32,3.0,220,DOWN,713,18.0,true,8895,7376,1088,614,905,1,0,1,DOWN,2.0,411.0,748.0,613.0,1140.0,1080.0,1163.0,4.330708661417323
1,MOOSE,Drag,58,3,18,854,32,3.0,120,UP,146,18.0,true,6866,6371,3088,466,29,2,1,1,UP,2.0,415.9281005859375,746.0,542.0,1195.0,1080.0,1163.0,4.330708661417323
1,MOOSE,Drag,59,3,19,854,32,6.0,20,UP,681,18.0,true,2360,1119,1056,466,775,4,1,1,UP,2.0,442.5416564941406,760.0,541.2542724609375,1115.0,1080.0,1163.0,4.330708661417323
1,MOOSE,Drag,60,3,20,854,32,6.0,120,UP,56,18.0,true,5254,4924,1296,295,35,2,1,1,UP,2.0,425.3682861328125,741.0,549.0,1159.0,1080.0,1163.0,4.330708661417323
