ID, Device, Mode, Trial Number, Block Number, Trial in Block, Text Length (lines), Visible Lines, Frame Height, Distance, Direction, Target Line, Line Height, Hit, (T) Trial, (T) Scroll, (T) Fine Tune, (T) Select, (T) Start Scroll, Distance from middle (lines), #Target in frame, #Target visible, Start direction, Finger count, Finger positions X-MIN, Finger positions Y-MIN, Finger positions X-MAX, Finger positions Y-MAX, Scroll area size X, Scroll area size Y, Pixels per mm (of PC)  
2,MOOSE,Drag,1,1,1,854,32,3.0,170,DOWN,406,18.0,true,34673,17487,3345,326,16860,2,1,1,DOWN,1.0,419.0,348.5,659.0,1013.0,1080.0,1163.0,4.330708661417323
2,MOOSE,Drag,2,1,2,854,32,6.0,70,DOWN,724,18.0,true,4554,2798,831,712,1044,0,1,1,DOWN,1.0,462.0,596.0,538.0,1018.0,1080.0,1163.0,4.330708661417323
2,MOOSE,Drag,3,1,3,854,32,6.0,20,UP,314,18.0,true,3241,1935,1776,371,935,3,2,1,UP,1.0,407.0,659.5,459.0,1008.0,1080.0,1163.0,4.330708661417323
2,MOOSE,Drag,4,1,4,854,32,3.0,20,DOWN,93,18.0,true,3241,1934,1823,414,893,2,2,1,DOWN,1.0,385.0,700.5,460.0,1176.0,1080.0,1163.0,4.330708661417323
2,MOOSE,Drag,5,1,5,854,32,6.0,70,UP,644,18.0,true,4262,3343,1263,105,814,2,2,1,UP,1.0,309.0,632.0,450.0,1164.0,1080.0,1163.0,4.330708661417323
2,MOOSE,Drag,6,1,6,854,32,3.0,170,UP,483,18.0,false,5516,4496,1535,146,874,3,1,1,UP,1.0,272.0,591.0,373.0,1168.0,1080.0,1163.0,4.330708661417323
2,MOOSE,Drag,7,1,7,854,32,3.0,70,UP,490,18.0,true,5706,4320,1793,217,1169,2,1,1,DOWN,1.0,245.0,548.5,337.0,1269.0,1080.0,1163.0,4.330708661417323
2,MOOSE,Drag,8,1,8,854,32,3.0,20,UP,289,18.0,true,2750,1615,1504,405,730,1,1,1,UP,1.0,202.0,671.0,230.0,1078.0,1080.0,1163.0,4.330708661417323
2,MOOSE,Drag,9,1,9,854,32,6.0,120,DOWN,824,18.0,true,4764,3327,494,765,672,0,0,1,DOWN,1.0,166.4622039794922,649.0,343.0,1400.0,1080.0,1163.0,4.330708661417323
2,MOOSE,Drag,10,1,10,854,32,6.0,120,UP,516,18.0,true,11351,8593,914,1897,861,0,1,1,UP,1.0,217.0,467.0,473.0,1364.0,1080.0,1163.0,4.330708661417323
2,MOOSE,Drag,11,1,11,854,32,3.0,220,DOWN,289,18.0,true,10916,8447,2401,178,2291,1,2,1,DOWN,2.0,165.05076599121094,352.5,671.0,1051.0,1080.0,1163.0,4.330708661417323
2,MOOSE,Drag,12,1,12,854,32,3.0,70,DOWN,413,18.0,true,5134,3888,1916,386,860,1,2,1,UP,2.0,173.45880126953125,372.0,673.5,1029.0,1080.0,1163.0,4.330708661417323
2,MOOSE,Drag,13,1,13,854,32,3.0,220,UP,550,18.0,true,15693,14562,2624,371,760,1,0,2,DOWN,2.0,70.37138366699219,359.6888427734375,935.0,1106.526123046875,1080.0,1163.0,4.330708661417323
2,MOOSE,Drag,14,1,14,854,32,6.0,220,DOWN,742,18.0,true,8749,7423,1296,626,700,3,0,1,UP,2.0,147.55215454101562,321.0,862.0,1169.0821533203125,1080.0,1163.0,4.330708661417323
2,MOOSE,Drag,15,1,15,854,32,6.0,220,UP,411,18.0,true,6239,5600,1809,209,430,0,1,1,DOWN,1.0,184.44859313964844,437.0,318.0,1104.0,1080.0,1163.0,4.330708661417323
2,MOOSE,Drag,16,1,16,854,32,6.0,170,UP,367,18.0,true,5743,5041,1585,186,516,3,1,1,UP,1.0,192.0,454.0,516.0,1139.0,1080.0,1163.0,4.330708661417323
2,MOOSE,Drag,17,1,17,854,32,6.0,170,DOWN,657,18.0,true,5227,3825,576,627,775,-1,1,1,DOWN,1.0,175.0,453.0,295.55389404296875,1228.5,1080.0,1163.0,4.330708661417323
2,MOOSE,Drag,18,1,18,854,32,3.0,120,DOWN,397,18.0,false,4730,3647,1553,357,726,0,1,1,DOWN,1.0,196.0,520.0,281.0,1237.0,1080.0,1163.0,4.330708661417323
2,MOOSE,Drag,19,1,19,854,32,3.0,120,UP,653,18.0,true,4641,2670,720,686,1285,3,1,1,UP,1.0,169.51466369628906,437.0,315.0,1010.0,1080.0,1163.0,4.330708661417323
2,MOOSE,Drag,20,1,20,854,32,6.0,20,DOWN,40,18.0,true,2282,1104,1041,324,854,1,2,1,DOWN,1.0,252.0,452.0,329.0,840.5,1080.0,1163.0,4.330708661417323
2,MOOSE,Drag,21,2,1,854,32,6.0,20,DOWN,510,18.0,true,2547,1121,1026,69,1357,1,1,1,DOWN,1.0,374.0,181.0,1079.0,1895.0,1080.0,1163.0,4.330708661417323
2,MOOSE,Drag,22,2,2,854,32,3.0,20,UP,43,18.0,true,2412,1408,768,407,597,2,1,1,DOWN,1.0,345.0,452.0,438.0,887.0,1080.0,1163.0,4.330708661417323
2,MOOSE,Drag,23,2,3,854,32,6.0,220,UP,319,18.0,true,4924,3792,175,621,511,4,1,1,DOWN,1.0,309.0,365.0,512.0,958.5,1080.0,1163.0,4.330708661417323
2,MOOSE,Drag,24,2,4,854,32,6.0,70,DOWN,827,18.0,true,4341,3537,2129,52,752,0,2,1,DOWN,1.0,328.327392578125,411.0,483.0,1028.0,1080.0,1163.0,4.330708661417323
2,MOOSE,Drag,25,2,5,854,32,3.0,170,DOWN,478,18.0,true,4765,3809,1698,290,666,1,1,1,DOWN,1.0,312.0,414.0,462.0,1095.0,1080.0,1163.0,4.330708661417323
2,MOOSE,Drag,26,2,6,854,32,6.0,220,DOWN,552,18.0,true,4560,3825,976,77,658,0,1,1,DOWN,1.0,290.0,394.0,491.0893249511719,1122.0,1080.0,1163.0,4.330708661417323
2,MOOSE,Drag,27,2,7,854,32,6.0,120,DOWN,228,18.0,true,3144,2094,336,498,552,2,1,1,DOWN,1.0,337.0,406.0,459.5508728027344,1011.0,1080.0,1163.0,4.330708661417323
2,MOOSE,Drag,28,2,8,854,32,3.0,120,UP,424,18.0,true,5642,4784,1680,389,469,1,1,1,DOWN,1.0,13.0,376.0,557.0,1919.0,1080.0,1163.0,4.330708661417323
2,MOOSE,Drag,29,2,9,854,32,3.0,170,UP,81,18.0,true,5860,4735,1249,300,825,3,1,1,UP,1.0,13.0,326.0,560.0,1919.0,1080.0,1163.0,4.330708661417323
2,MOOSE,Drag,30,2,10,854,32,6.0,120,UP,713,18.0,true,4234,3455,992,253,526,1,1,1,DOWN,2.0,5.0,355.0,478.0,1919.0,1080.0,1163.0,4.330708661417323
2,MOOSE,Drag,31,2,11,854,32,3.0,220,DOWN,323,18.0,false,4481,4060,801,379,42,0,1,1,UP,1.0,369.0,395.0,495.0,1062.0,1080.0,1163.0,4.330708661417323
2,MOOSE,Drag,32,2,12,854,32,6.0,20,UP,74,18.0,true,3824,2081,1952,363,1380,2,1,1,UP,1.0,27.0,377.0,503.0,1900.0,1080.0,1163.0,4.330708661417323
2,MOOSE,Drag,33,2,13,854,32,3.0,70,UP,667,18.0,true,3836,2833,928,508,495,1,0,1,DOWN,2.0,12.0,386.0,525.0,1908.0,1080.0,1163.0,4.330708661417323
2,MOOSE,Drag,34,2,14,854,32,6.0,170,UP,632,18.0,true,4628,4095,1854,7,526,1,1,1,UP,2.0,11.0,378.0,550.0,1917.322998046875,1080.0,1163.0,4.330708661417323
2,MOOSE,Drag,35,2,15,854,32,3.0,20,DOWN,759,18.0,true,3144,1935,1807,382,827,1,1,1,DOWN,2.0,36.0,402.0,490.0,1901.0,1080.0,1163.0,4.330708661417323
2,MOOSE,Drag,36,2,16,854,32,6.0,170,DOWN,744,18.0,true,4671,3921,1232,134,616,2,1,1,DOWN,2.0,34.0,449.0,485.5458984375,1901.0,1080.0,1163.0,4.330708661417323
2,MOOSE,Drag,37,2,17,854,32,6.0,70,UP,690,18.0,true,2925,2734,540,172,19,2,1,1,UP,1.0,361.4422302246094,373.0,510.0,905.0,1080.0,1163.0,4.330708661417323
2,MOOSE,Drag,38,2,18,854,32,3.0,70,DOWN,270,18.0,true,2843,1663,575,482,698,1,1,1,DOWN,1.0,364.0,518.0,434.0,1100.0,1080.0,1163.0,4.330708661417323
2,MOOSE,Drag,39,2,19,854,32,3.0,120,DOWN,145,18.0,true,3012,2480,960,10,522,1,1,1,DOWN,1.0,365.3039245605469,411.0,498.0,1054.0,1080.0,1163.0,4.330708661417323
2,MOOSE,Drag,40,2,20,854,32,3.0,220,UP,412,18.0,true,5295,3968,1168,456,871,1,1,1,UP,2.0,5.0,355.0,580.0,1919.0,1080.0,1163.0,4.330708661417323
2,MOOSE,Drag,41,3,1,854,32,6.0,170,UP,201,18.0,true,4733,3920,1185,90,723,0,1,1,DOWN,1.0,12.0,362.0,573.0,1919.0,1080.0,1163.0,4.330708661417323
2,MOOSE,Drag,42,3,2,854,32,6.0,20,UP,468,18.0,true,1639,769,719,245,625,0,1,1,UP,1.0,409.0,620.5167846679688,483.0,932.0,1080.0,1163.0,4.330708661417323
2,MOOSE,Drag,43,3,3,854,32,6.0,170,DOWN,692,18.0,true,4458,3791,1087,17,650,3,1,1,DOWN,1.0,338.0,442.0,541.0,1120.0,1080.0,1163.0,4.330708661417323
2,MOOSE,Drag,44,3,4,854,32,3.0,120,DOWN,256,18.0,true,4036,3868,1712,126,42,2,1,1,UP,1.0,309.0,439.0,517.0,1159.0,1080.0,1163.0,4.330708661417323
2,MOOSE,Drag,45,3,5,854,32,3.0,170,DOWN,735,18.0,true,5224,4256,1119,255,713,2,2,1,UP,1.0,16.0,327.0,451.5483703613281,1919.0,1080.0,1163.0,4.330708661417323
2,MOOSE,Drag,46,3,6,854,32,6.0,70,DOWN,230,18.0,true,2522,2336,1233,147,39,-1,1,1,UP,1.0,327.0,415.0,482.3152160644531,1059.0,1080.0,1163.0,4.330708661417323
2,MOOSE,Drag,47,3,7,854,32,3.0,20,UP,268,18.0,true,3644,2480,2096,309,855,2,1,1,DOWN,1.0,10.0,372.0,437.0,1919.0,1080.0,1163.0,4.330708661417323
2,MOOSE,Drag,48,3,8,854,32,6.0,220,DOWN,665,18.0,true,6957,6741,1937,150,66,-1,2,1,UP,1.0,284.0,373.0,481.49395751953125,1189.0,1080.0,1163.0,4.330708661417323
2,MOOSE,Drag,49,3,9,854,32,6.0,120,UP,234,18.0,true,4362,3345,753,228,789,1,1,1,DOWN,2.0,21.0,362.0,486.0,1920.5,1080.0,1163.0,4.330708661417323
2,MOOSE,Drag,50,3,10,854,32,3.0,70,DOWN,555,18.0,true,4064,3072,2014,304,688,2,2,1,DOWN,2.0,23.0,465.0,417.0,1919.0,1080.0,1163.0,4.330708661417323
2,MOOSE,Drag,51,3,11,854,32,6.0,20,DOWN,350,18.0,true,1821,1024,784,202,595,2,1,1,DOWN,1.0,342.6435546875,433.0,474.0,928.3564453125,1080.0,1163.0,4.330708661417323
2,MOOSE,Drag,52,3,12,854,32,3.0,20,DOWN,402,18.0,true,3888,3104,2800,268,516,2,2,1,DOWN,1.0,299.0,513.0,408.5281066894531,1081.0,1080.0,1163.0,4.330708661417323
2,MOOSE,Drag,53,3,13,854,32,3.0,220,DOWN,654,18.0,true,5012,4770,1089,165,77,1,1,1,DOWN,1.0,231.9352569580078,419.0,425.0,1151.0,1080.0,1163.0,4.330708661417323
2,MOOSE,Drag,54,3,14,854,32,3.0,70,UP,579,18.0,true,3571,3026,1298,84,461,2,0,1,DOWN,1.0,301.4920654296875,362.0,480.0,1043.0,1080.0,1163.0,4.330708661417323
2,MOOSE,Drag,55,3,15,854,32,3.0,170,UP,464,18.0,true,7389,6447,1487,257,685,2,1,1,DOWN,2.0,10.0,350.0,539.0,1919.0,1080.0,1163.0,4.330708661417323
2,MOOSE,Drag,56,3,16,854,32,3.0,220,UP,148,18.0,true,5467,4544,1199,253,670,1,0,1,UP,2.0,0.0,338.0,510.0,1919.0,1080.0,1163.0,4.330708661417323
2,MOOSE,Drag,57,3,17,854,32,3.0,120,UP,292,18.0,false,5086,3983,2096,374,729,1,1,1,DOWN,2.0,10.0,368.0,547.0,1919.0,1080.0,1163.0,4.330708661417323
2,MOOSE,Drag,58,3,18,854,32,6.0,120,DOWN,542,18.0,true,3020,1775,127,448,797,2,0,1,UP,2.0,21.0,447.0,442.3238220214844,1913.0,1080.0,1163.0,4.330708661417323
2,MOOSE,Drag,59,3,19,854,32,6.0,220,UP,477,18.0,true,5123,4873,1200,204,46,0,1,1,UP,1.0,336.4349365234375,373.0,600.0,1109.0,1080.0,1163.0,4.330708661417323
2,MOOSE,Drag,60,3,20,854,32,6.0,70,UP,252,18.0,true,3259,2416,1229,31,812,1,1,1,DOWN,1.0,340.0,341.0,505.0,868.0,1080.0,1163.0,4.330708661417323
2,MOOSE,TrackPoint,1,1,1,854,32,3.0,70,UP,111,18.0,true,13659,6596,2000,39,7024,1,3,2,DOWN,1.0,128.0,32.0,1030.0,1792.0,1080.0,1163.0,4.330708661417323
2,MOOSE,TrackPoint,2,1,2,854,32,6.0,120,DOWN,570,18.0,true,6237,5423,2159,54,760,1,1,1,DOWN,1.0,324.0,262.0,419.0,976.0,1080.0,1163.0,4.330708661417323
2,MOOSE,TrackPoint,3,1,3,854,32,3.0,70,DOWN,208,18.0,true,4789,4159,1979,21,609,2,1,1,DOWN,1.0,263.0,503.0,336.0,1132.0,1080.0,1163.0,4.330708661417323
2,MOOSE,TrackPoint,4,1,4,854,32,3.0,170,DOWN,361,18.0,true,8128,8097,2222,15,16,1,4,2,DOWN,1.0,262.0,328.0,418.0,1093.4906005859375,1080.0,1163.0,4.330708661417323
2,MOOSE,TrackPoint,5,1,5,854,32,3.0,120,UP,707,18.0,false,4451,3616,1019,69,766,3,1,1,UP,1.0,395.0,328.0,437.36627197265625,791.0,1080.0,1163.0,4.330708661417323
2,MOOSE,TrackPoint,6,1,6,854,32,3.0,120,DOWN,317,18.0,true,4349,3279,1261,15,1055,2,2,1,DOWN,1.0,303.0,337.0,449.0,978.0,1080.0,1163.0,4.330708661417323
2,MOOSE,TrackPoint,7,1,7,854,32,6.0,170,UP,149,18.0,true,7628,6401,349,587,640,2,3,2,UP,1.0,291.70880126953125,221.0,400.0,1062.35986328125,1080.0,1163.0,4.330708661417323
2,MOOSE,TrackPoint,8,1,8,854,32,6.0,120,UP,286,18.0,true,6499,5744,2010,53,702,1,1,1,DOWN,1.0,341.4483337402344,151.0,433.5127868652344,729.0,1080.0,1163.0,4.330708661417323
2,MOOSE,TrackPoint,9,1,9,854,32,3.0,220,UP,130,18.0,true,5799,5169,1629,2,628,2,2,1,UP,1.0,312.0,164.0,434.0,660.0,1080.0,1163.0,4.330708661417323
2,MOOSE,TrackPoint,10,1,10,854,32,6.0,70,UP,182,18.0,true,5973,4959,1035,257,757,4,2,1,DOWN,1.0,376.0,49.0,435.0,646.0,1080.0,1163.0,4.330708661417323
2,MOOSE,TrackPoint,11,1,11,854,32,3.0,20,DOWN,83,18.0,false,1648,959,654,7,682,0,1,1,DOWN,1.0,390.0,331.0,427.0,668.0,1080.0,1163.0,4.330708661417323
2,MOOSE,TrackPoint,12,1,12,854,32,6.0,170,DOWN,490,18.0,true,5539,5312,1770,178,49,-1,2,1,UP,1.0,322.0,202.0,448.0,859.0,1080.0,1163.0,4.330708661417323
2,MOOSE,TrackPoint,13,1,13,854,32,6.0,220,DOWN,551,18.0,true,5751,4991,1264,13,747,1,1,1,DOWN,1.0,422.0,378.0,471.3180236816406,1098.0,1080.0,1163.0,4.330708661417323
2,MOOSE,TrackPoint,14,1,14,854,32,6.0,20,DOWN,266,18.0,false,1503,1443,462,9,51,-1,1,1,UP,1.0,383.5,637.0,428.0,1034.0,1080.0,1163.0,4.330708661417323
2,MOOSE,TrackPoint,15,1,15,854,32,6.0,20,UP,392,18.0,true,2366,1520,972,8,838,1,1,1,UP,1.0,364.0,682.0,428.0,991.0,1080.0,1163.0,4.330708661417323
2,MOOSE,TrackPoint,16,1,16,854,32,3.0,170,UP,433,18.0,true,6030,5361,2284,13,656,1,1,1,UP,1.0,273.0,329.0,426.0,1007.0,1080.0,1163.0,4.330708661417323
2,MOOSE,TrackPoint,17,1,17,854,32,3.0,20,UP,25,18.0,true,3278,2096,1850,340,842,1,2,1,UP,1.0,270.0,247.5,304.0,669.0,1080.0,1163.0,4.330708661417323
2,MOOSE,TrackPoint,18,1,18,854,32,3.0,220,DOWN,588,18.0,true,8490,7790,3084,14,686,2,3,2,DOWN,1.0,186.0,413.0,328.0,919.3707275390625,1080.0,1163.0,4.330708661417323
2,MOOSE,TrackPoint,19,1,19,854,32,6.0,70,DOWN,344,18.0,true,3097,2033,380,433,631,1,1,1,DOWN,1.0,248.6269073486328,564.0,306.0,979.3731079101562,1080.0,1163.0,4.330708661417323
2,MOOSE,TrackPoint,20,1,20,854,32,6.0,220,UP,508,18.0,true,9962,9201,1375,18,743,1,1,1,DOWN,1.0,219.0,27.0,425.0,1264.0,1080.0,1163.0,4.330708661417323
2,MOOSE,TrackPoint,21,2,1,854,32,3.0,120,UP,482,18.0,false,5010,3920,1996,9,1081,0,0,1,UP,1.0,304.0,362.0,352.0,835.0,1080.0,1163.0,4.330708661417323
2,MOOSE,TrackPoint,22,2,2,854,32,3.0,220,DOWN,631,18.0,true,5115,4369,1705,8,738,1,1,1,DOWN,1.0,260.0,335.0,329.50457763671875,979.0,1080.0,1163.0,4.330708661417323
2,MOOSE,TrackPoint,23,2,3,854,32,3.0,120,DOWN,826,18.0,true,3646,3582,1678,16,48,2,1,1,UP,1.0,277.0,402.0,374.5157470703125,1008.5,1080.0,1163.0,4.330708661417323
2,MOOSE,TrackPoint,24,2,4,854,32,3.0,70,DOWN,815,18.0,true,4571,3936,3111,8,627,2,2,1,DOWN,1.0,296.0,376.0,387.0,1026.0,1080.0,1163.0,4.330708661417323
2,MOOSE,TrackPoint,25,2,5,854,32,3.0,220,UP,340,18.0,true,6167,5041,2971,115,1011,1,1,1,UP,1.0,318.4890441894531,327.0,403.0,1031.0,1080.0,1163.0,4.330708661417323
2,MOOSE,TrackPoint,26,2,6,854,32,3.0,20,DOWN,587,18.0,true,3126,2383,2153,15,728,2,2,1,DOWN,1.0,334.0,340.0,443.5160217285156,897.5,1080.0,1163.0,4.330708661417323
2,MOOSE,TrackPoint,27,2,7,854,32,6.0,20,UP,793,18.0,true,2741,1791,1599,13,937,1,2,1,UP,1.0,325.0,358.0,362.0,860.0,1080.0,1163.0,4.330708661417323
2,MOOSE,TrackPoint,28,2,8,854,32,6.0,120,DOWN,782,18.0,true,4337,3376,1354,14,947,1,2,1,DOWN,1.0,299.0,321.0,424.49932861328125,1003.369384765625,1080.0,1163.0,4.330708661417323
2,MOOSE,TrackPoint,29,2,9,854,32,6.0,70,DOWN,774,18.0,true,2294,1360,189,508,426,3,1,1,UP,1.0,287.5231018066406,326.0,395.0,1072.0,1080.0,1163.0,4.330708661417323
2,MOOSE,TrackPoint,30,2,10,854,32,6.0,70,UP,501,18.0,true,2163,992,216,524,647,1,1,1,UP,1.0,299.0,342.0,330.45855712890625,986.0,1080.0,1163.0,4.330708661417323
2,MOOSE,TrackPoint,31,2,11,854,32,6.0,120,UP,686,18.0,true,3420,2575,1265,13,832,0,2,1,UP,1.0,333.4950256347656,354.5,417.0,977.0,1080.0,1163.0,4.330708661417323
2,MOOSE,TrackPoint,32,2,12,854,32,3.0,20,UP,241,18.0,true,4248,4142,3022,30,76,1,3,1,UP,1.0,327.0,453.0,389.0,931.0,1080.0,1163.0,4.330708661417323
2,MOOSE,TrackPoint,33,2,13,854,32,6.0,220,DOWN,707,18.0,true,6265,5439,1775,130,696,3,1,1,DOWN,1.0,241.0,311.0,445.0,1052.484130859375,1080.0,1163.0,4.330708661417323
2,MOOSE,TrackPoint,34,2,14,854,32,6.0,170,DOWN,311,18.0,true,5066,4495,2761,16,555,3,3,1,DOWN,1.0,268.53021240234375,343.0,349.502197265625,1031.0,1080.0,1163.0,4.330708661417323
2,MOOSE,TrackPoint,35,2,15,854,32,3.0,170,UP,397,18.0,false,4244,3505,1440,52,687,4,1,1,DOWN,1.0,317.33734130859375,312.0,405.4801025390625,983.0,1080.0,1163.0,4.330708661417323
2,MOOSE,TrackPoint,36,2,16,854,32,6.0,170,UP,273,18.0,true,4673,3807,1543,8,858,1,2,1,DOWN,1.0,303.0,311.0,414.5419616699219,1035.0,1080.0,1163.0,4.330708661417323
2,MOOSE,TrackPoint,37,2,17,854,32,3.0,170,DOWN,688,18.0,true,4058,3006,816,428,624,2,1,1,DOWN,1.0,301.0,300.0,428.528564453125,958.5,1080.0,1163.0,4.330708661417323
2,MOOSE,TrackPoint,38,2,18,854,32,3.0,70,UP,308,18.0,true,5467,4752,4171,84,631,1,3,1,UP,1.0,295.4623718261719,318.0,410.0,1029.0,1080.0,1163.0,4.330708661417323
2,MOOSE,TrackPoint,39,2,19,854,32,6.0,20,DOWN,527,18.0,true,1786,480,288,554,752,3,1,1,DOWN,1.0,322.0,314.0,424.4551086425781,850.5,1080.0,1163.0,4.330708661417323
2,MOOSE,TrackPoint,40,2,20,854,32,6.0,220,UP,107,18.0,true,4958,4305,1692,53,600,1,1,1,UP,2.0,256.0,291.0,1061.0,928.0,1080.0,1163.0,4.330708661417323
2,MOOSE,TrackPoint,41,3,1,854,32,6.0,220,DOWN,451,18.0,true,6671,5791,1531,15,865,2,1,1,UP,1.0,294.68511962890625,286.0,441.0,1255.0,1080.0,1163.0,4.330708661417323
2,MOOSE,TrackPoint,42,3,2,854,32,3.0,220,DOWN,286,18.0,true,5465,5142,2393,283,40,3,2,1,UP,1.0,321.2159729003906,361.0,428.47979736328125,1094.4927978515625,1080.0,1163.0,4.330708661417323
2,MOOSE,TrackPoint,43,3,3,854,32,6.0,20,DOWN,592,18.0,true,2027,1376,1149,17,634,0,2,1,DOWN,1.0,364.0,349.0,424.0,946.356201171875,1080.0,1163.0,4.330708661417323
2,MOOSE,TrackPoint,44,3,4,854,32,6.0,170,DOWN,432,18.0,true,4966,4352,2334,8,606,0,3,1,DOWN,1.0,295.0,365.0,448.0,1095.0,1080.0,1163.0,4.330708661417323
2,MOOSE,TrackPoint,45,3,5,854,32,3.0,20,UP,136,18.0,true,2233,1217,1009,225,791,1,2,1,UP,1.0,359.0,388.0,453.0,931.0,1080.0,1163.0,4.330708661417323
2,MOOSE,TrackPoint,46,3,6,854,32,6.0,70,UP,467,18.0,true,3944,3008,1470,17,919,4,2,1,UP,1.0,305.475341796875,371.0,372.0,915.0,1080.0,1163.0,4.330708661417323
2,MOOSE,TrackPoint,47,3,7,854,32,6.0,170,UP,214,18.0,true,5264,4704,1503,5,555,2,2,1,DOWN,1.0,311.0,353.0,421.0,980.0,1080.0,1163.0,4.330708661417323
2,MOOSE,TrackPoint,48,3,8,854,32,6.0,20,UP,658,18.0,true,3352,3292,1422,10,50,1,2,2,UP,1.0,376.0,390.0,478.5868835449219,1023.0,1080.0,1163.0,4.330708661417323
2,MOOSE,TrackPoint,49,3,9,854,32,3.0,70,DOWN,94,18.0,true,4223,3136,2537,318,769,2,1,1,DOWN,1.0,328.0,361.0,492.0,1097.0,1080.0,1163.0,4.330708661417323
2,MOOSE,TrackPoint,50,3,10,854,32,3.0,20,DOWN,171,18.0,true,2163,1488,1133,14,661,2,2,1,DOWN,1.0,340.0,374.0,425.0,893.5,1080.0,1163.0,4.330708661417323
2,MOOSE,TrackPoint,51,3,11,854,32,3.0,220,UP,426,18.0,true,6342,5713,2816,69,560,2,2,1,UP,1.0,332.3003845214844,325.0,395.0,1036.0,1080.0,1163.0,4.330708661417323
2,MOOSE,TrackPoint,52,3,12,854,32,3.0,70,UP,683,18.0,true,4635,3456,1388,349,830,2,3,2,UP,1.0,334.0,345.5,424.0,946.0,1080.0,1163.0,4.330708661417323
2,MOOSE,TrackPoint,53,3,13,854,32,6.0,220,UP,540,18.0,true,3859,2415,172,633,811,2,1,1,UP,1.0,352.4683837890625,339.0,407.0,1043.0,1080.0,1163.0,4.330708661417323
2,MOOSE,TrackPoint,54,3,14,854,32,3.0,120,DOWN,589,18.0,true,3066,1616,222,655,795,2,1,1,DOWN,1.0,313.5,341.0,443.5496520996094,1038.5,1080.0,1163.0,4.330708661417323
2,MOOSE,TrackPoint,55,3,15,854,32,6.0,120,DOWN,472,18.0,true,3351,2656,1574,13,682,2,1,1,DOWN,1.0,310.0,345.0,412.5096740722656,1039.0,1080.0,1163.0,4.330708661417323
2,MOOSE,TrackPoint,56,3,16,854,32,3.0,170,DOWN,235,18.0,true,4943,4320,2852,15,608,2,1,1,DOWN,1.0,304.0,366.0,450.5188293457031,1124.0,1080.0,1163.0,4.330708661417323
2,MOOSE,TrackPoint,57,3,17,854,32,3.0,170,UP,550,18.0,true,4890,3759,1888,235,896,1,1,1,UP,1.0,307.0,346.64129638671875,391.35870361328125,1047.0,1080.0,1163.0,4.330708661417323
2,MOOSE,TrackPoint,58,3,18,854,32,6.0,120,UP,654,18.0,true,3424,2607,1409,38,779,1,1,1,UP,1.0,316.0,408.0,359.0,1024.0,1080.0,1163.0,4.330708661417323
2,MOOSE,TrackPoint,59,3,19,854,32,6.0,70,DOWN,488,18.0,false,2252,2163,240,46,43,6,0,1,UP,1.0,314.0,354.0,408.0,810.0,1080.0,1163.0,4.330708661417323
2,MOOSE,TrackPoint,60,3,20,854,32,3.0,120,UP,375,18.0,true,4412,4319,1948,61,32,1,2,1,UP,1.0,296.5166015625,348.0,350.0,958.0,1080.0,1163.0,4.330708661417323
2,MOOSE,DecelFlick,1,1,1,854,32,3.0,70,UP,471,18.0,false,2759,0,0,2759,0,-68,0,0,null,1.0,305.0,0.0,784.0,1471.5,1080.0,1163.0,4.330708661417323
2,MOOSE,DecelFlick,2,1,2,854,32,3.0,170,DOWN,551,18.0,true,13426,11503,4187,50,1873,2,2,1,UP,1.0,213.537109375,290.0,513.0,1187.0,1080.0,1163.0,4.330708661417323
2,MOOSE,DecelFlick,3,1,3,854,32,6.0,220,DOWN,622,18.0,true,5434,4176,222,515,743,3,1,1,DOWN,1.0,180.0,182.0,510.0,1371.0,1080.0,1163.0,4.330708661417323
2,MOOSE,DecelFlick,4,1,4,854,32,3.0,70,DOWN,733,18.0,true,5306,4193,2313,292,821,1,1,1,DOWN,1.0,274.0,368.0,496.2788391113281,1187.0,1080.0,1163.0,4.330708661417323
2,MOOSE,DecelFlick,5,1,5,854,32,3.0,20,DOWN,692,18.0,false,3618,2512,2282,248,858,3,0,1,DOWN,1.0,283.0,450.0,392.0,1210.0,1080.0,1163.0,4.330708661417323
2,MOOSE,DecelFlick,6,1,6,854,32,6.0,20,DOWN,550,18.0,true,3228,2048,1440,17,1163,1,1,1,DOWN,1.0,291.0,501.0,392.4737548828125,1102.0,1080.0,1163.0,4.330708661417323
2,MOOSE,DecelFlick,7,1,7,854,32,6.0,70,UP,74,18.0,true,4724,3874,652,14,836,0,1,1,UP,1.0,288.5029296875,360.0,470.0,1139.0,1080.0,1163.0,4.330708661417323
2,MOOSE,DecelFlick,8,1,8,854,32,3.0,20,UP,354,18.0,true,4715,3647,3599,45,1023,1,1,1,UP,1.0,353.0,398.0,439.0,993.0,1080.0,1163.0,4.330708661417323
2,MOOSE,DecelFlick,9,1,9,854,32,6.0,120,DOWN,748,18.0,true,6038,4640,1035,106,1292,1,1,1,DOWN,1.0,282.0,392.0,411.4774475097656,1222.0,1080.0,1163.0,4.330708661417323
2,MOOSE,DecelFlick,10,1,10,854,32,6.0,70,DOWN,501,18.0,true,5376,5325,2350,8,43,2,1,1,UP,1.0,319.0,378.0,433.0,1030.0,1080.0,1163.0,4.330708661417323
2,MOOSE,DecelFlick,11,1,11,854,32,6.0,170,DOWN,564,18.0,true,5933,5136,2609,58,739,2,2,2,DOWN,1.0,314.0,354.0,431.59014892578125,1089.0,1080.0,1163.0,4.330708661417323
2,MOOSE,DecelFlick,12,1,12,854,32,3.0,120,UP,139,18.0,false,8428,7474,2293,75,879,3,1,2,UP,1.0,152.0,337.0,457.0,1239.0,1080.0,1163.0,4.330708661417323
2,MOOSE,DecelFlick,13,1,13,854,32,6.0,120,UP,696,18.0,true,5180,4032,1534,288,860,0,1,1,UP,1.0,290.6119384765625,321.0,377.0,995.0,1080.0,1163.0,4.330708661417323
2,MOOSE,DecelFlick,14,1,14,854,32,3.0,120,DOWN,471,18.0,true,11452,10543,1760,222,687,1,2,1,DOWN,1.0,199.0,431.0,514.7322998046875,1277.0,1080.0,1163.0,4.330708661417323
2,MOOSE,DecelFlick,15,1,15,854,32,3.0,220,UP,142,18.0,true,5273,4610,154,593,70,3,1,1,DOWN,1.0,318.0,312.0,537.0,1008.0,1080.0,1163.0,4.330708661417323
2,MOOSE,DecelFlick,16,1,16,854,32,6.0,20,UP,310,18.0,true,3943,3074,2642,20,849,0,1,1,UP,1.0,329.50323486328125,371.0,414.0,867.0,1080.0,1163.0,4.330708661417323
2,MOOSE,DecelFlick,17,1,17,854,32,6.0,170,UP,579,18.0,true,5757,4784,333,473,500,3,2,2,UP,1.0,261.0,263.0,531.0,1027.0,1080.0,1163.0,4.330708661417323
2,MOOSE,DecelFlick,18,1,18,854,32,3.0,170,UP,67,18.0,true,3808,2432,122,610,766,1,1,1,UP,1.0,317.0,253.0,539.0,1042.0,1080.0,1163.0,4.330708661417323
2,MOOSE,DecelFlick,19,1,19,854,32,6.0,220,UP,257,18.0,true,4262,2752,252,616,894,4,1,1,UP,1.0,313.0,288.0,443.0,1099.0,1080.0,1163.0,4.330708661417323
2,MOOSE,DecelFlick,20,1,20,854,32,3.0,220,DOWN,577,18.0,true,11146,10209,2221,147,790,2,2,1,UP,1.0,104.0,321.0,494.0,1444.0,1080.0,1163.0,4.330708661417323
2,MOOSE,DecelFlick,21,2,1,854,32,3.0,70,UP,192,18.0,false,3007,1311,284,398,1298,3,1,1,UP,1.0,359.0,313.0,443.0,843.0,1080.0,1163.0,4.330708661417323
2,MOOSE,DecelFlick,22,2,2,854,32,6.0,220,UP,329,18.0,true,6634,5279,202,510,845,0,1,1,DOWN,1.0,219.0,289.0,521.0,1011.0,1080.0,1163.0,4.330708661417323
2,MOOSE,DecelFlick,23,2,3,854,32,3.0,20,DOWN,304,18.0,true,3836,3554,2713,248,34,2,1,1,UP,1.0,316.0,454.0,363.0,682.0,1080.0,1163.0,4.330708661417323
2,MOOSE,DecelFlick,24,2,4,854,32,3.0,220,DOWN,719,18.0,true,8283,8105,1675,114,64,1,2,1,DOWN,1.0,147.0,297.0,418.0,1314.0,1080.0,1163.0,4.330708661417323
2,MOOSE,DecelFlick,25,2,5,854,32,6.0,20,UP,597,18.0,true,3867,3770,2831,22,75,0,1,1,UP,1.0,282.4240417480469,286.0,370.0,841.0,1080.0,1163.0,4.330708661417323
2,MOOSE,DecelFlick,26,2,6,854,32,3.0,170,UP,36,18.0,true,5430,5226,1550,152,52,2,1,1,UP,1.0,301.584228515625,262.0,557.0,942.0,1080.0,1163.0,4.330708661417323
2,MOOSE,DecelFlick,27,2,7,854,32,3.0,120,UP,351,18.0,true,6266,4992,1673,545,729,1,2,1,DOWN,1.0,107.0,200.3042449951172,490.0,1118.0,1080.0,1163.0,4.330708661417323
2,MOOSE,DecelFlick,28,2,8,854,32,6.0,20,DOWN,645,18.0,true,3224,2687,2208,173,364,2,1,1,DOWN,1.0,221.0,357.0,340.5143127441406,1046.0,1080.0,1163.0,4.330708661417323
2,MOOSE,DecelFlick,29,2,9,854,32,6.0,120,UP,71,18.0,true,7872,7800,4048,16,56,3,2,2,UP,1.0,193.60821533203125,278.0,424.0,1141.0,1080.0,1163.0,4.330708661417323
2,MOOSE,DecelFlick,30,2,10,854,32,6.0,170,UP,141,18.0,true,8224,5808,2989,9,2407,2,2,1,DOWN,1.0,181.0,384.0,434.0,1167.0,1080.0,1163.0,4.330708661417323
2,MOOSE,DecelFlick,31,2,11,854,32,3.0,20,UP,163,18.0,true,6125,4815,4461,292,1018,2,1,1,UP,1.0,256.4160461425781,372.0,427.0,949.0,1080.0,1163.0,4.330708661417323
2,MOOSE,DecelFlick,32,2,12,854,32,3.0,170,DOWN,295,18.0,true,9485,8703,2576,76,706,2,1,1,UP,1.0,210.0,436.0,400.23577880859375,1199.0,1080.0,1163.0,4.330708661417323
2,MOOSE,DecelFlick,33,2,13,854,32,6.0,70,DOWN,480,18.0,true,4373,3888,1214,125,360,0,2,1,UP,1.0,112.32278442382812,435.0,398.90399169921875,1222.0,1080.0,1163.0,4.330708661417323
2,MOOSE,DecelFlick,34,2,14,854,32,6.0,70,UP,436,18.0,true,3463,3319,1535,109,35,0,1,1,UP,1.0,285.0,294.0,414.0,1020.0,1080.0,1163.0,4.330708661417323
2,MOOSE,DecelFlick,35,2,15,854,32,3.0,120,DOWN,713,18.0,true,3929,2929,975,261,739,1,2,1,DOWN,1.0,208.0,407.0,441.4631042480469,1156.0,1080.0,1163.0,4.330708661417323
2,MOOSE,DecelFlick,36,2,16,854,32,6.0,220,DOWN,709,18.0,true,5832,5632,1643,136,64,2,1,1,UP,1.0,152.0,429.0,331.0,1232.0,1080.0,1163.0,4.330708661417323
2,MOOSE,DecelFlick,37,2,17,854,32,6.0,120,DOWN,813,18.0,true,5943,5280,1564,19,644,2,1,1,DOWN,1.0,88.0,453.0,382.0,1332.0,1080.0,1163.0,4.330708661417323
2,MOOSE,DecelFlick,38,2,18,854,32,6.0,170,DOWN,821,18.0,true,5213,4288,1565,377,548,0,2,1,DOWN,1.0,105.0,456.0,387.6025390625,1247.0,1080.0,1163.0,4.330708661417323
2,MOOSE,DecelFlick,39,2,19,854,32,3.0,220,UP,335,18.0,false,7226,6775,2111,385,66,0,0,1,UP,1.0,188.0,349.0,398.0,1036.0,1080.0,1163.0,4.330708661417323
2,MOOSE,DecelFlick,40,2,20,854,32,3.0,70,DOWN,509,18.0,true,5714,5569,1757,111,34,2,1,1,UP,1.0,224.0,410.0,435.5806579589844,1252.0,1080.0,1163.0,4.330708661417323
2,MOOSE,DecelFlick,41,3,1,854,32,6.0,170,UP,191,18.0,true,6551,5759,2095,118,674,3,2,2,DOWN,1.0,228.70994567871094,406.0,429.0,1164.0,1080.0,1163.0,4.330708661417323
2,MOOSE,DecelFlick,42,3,2,854,32,3.0,220,UP,191,18.0,true,6617,6192,2256,41,384,2,1,2,DOWN,1.0,266.0,374.0,425.0,1075.0,1080.0,1163.0,4.330708661417323
2,MOOSE,DecelFlick,43,3,3,854,32,6.0,70,DOWN,179,18.0,true,4050,3463,397,504,83,1,1,1,DOWN,1.0,233.3474884033203,419.0,421.0,1133.0,1080.0,1163.0,4.330708661417323
2,MOOSE,DecelFlick,44,3,4,854,32,6.0,120,UP,610,18.0,true,5477,4705,1325,218,554,3,2,1,DOWN,1.0,233.0,378.0,421.0,1089.0,1080.0,1163.0,4.330708661417323
2,MOOSE,DecelFlick,45,3,5,854,32,3.0,120,UP,296,18.0,true,4019,3313,1464,45,661,1,1,1,UP,1.0,314.0,415.0,443.0,976.0,1080.0,1163.0,4.330708661417323
2,MOOSE,DecelFlick,46,3,6,854,32,3.0,170,UP,378,18.0,true,4692,3585,1376,413,694,2,0,1,UP,1.0,246.0,387.0,462.0,1219.0,1080.0,1163.0,4.330708661417323
2,MOOSE,DecelFlick,47,3,7,854,32,6.0,170,DOWN,319,18.0,true,4929,4723,1429,131,75,4,1,1,UP,1.0,234.0,372.0,415.5101318359375,1181.0,1080.0,1163.0,4.330708661417323
2,MOOSE,DecelFlick,48,3,8,854,32,6.0,120,DOWN,523,18.0,true,3894,2834,1138,502,558,1,0,1,DOWN,1.0,136.0,429.0,379.0,1349.0,1080.0,1163.0,4.330708661417323
2,MOOSE,DecelFlick,49,3,9,854,32,3.0,120,DOWN,314,18.0,true,5399,4480,1178,307,612,2,3,2,UP,1.0,220.0,431.0,433.0,1082.0,1080.0,1163.0,4.330708661417323
2,MOOSE,DecelFlick,50,3,10,854,32,3.0,70,DOWN,637,18.0,true,6317,5456,3080,60,801,2,2,1,UP,1.0,169.0,433.0,512.0,1229.0,1080.0,1163.0,4.330708661417323
2,MOOSE,DecelFlick,51,3,11,854,32,6.0,20,UP,572,18.0,true,1481,768,656,13,700,0,1,1,UP,1.0,307.6304931640625,448.0,414.0,966.0,1080.0,1163.0,4.330708661417323
2,MOOSE,DecelFlick,52,3,12,854,32,3.0,170,DOWN,686,18.0,false,6711,5520,1661,338,853,0,0,2,UP,1.0,164.0,399.0,420.0,1188.0,1080.0,1163.0,4.330708661417323
2,MOOSE,DecelFlick,53,3,13,854,32,6.0,70,UP,400,18.0,true,3088,2966,1212,60,62,3,1,1,UP,1.0,313.0,415.0,442.0,965.0,1080.0,1163.0,4.330708661417323
2,MOOSE,DecelFlick,54,3,14,854,32,3.0,220,DOWN,267,18.0,true,4934,4806,1320,56,72,2,1,1,DOWN,1.0,207.0,406.0,424.0,1118.0,1080.0,1163.0,4.330708661417323
2,MOOSE,DecelFlick,55,3,15,854,32,3.0,20,UP,396,18.0,true,4543,3807,3088,325,411,1,1,1,DOWN,1.0,280.85040283203125,380.0,457.0,1051.0,1080.0,1163.0,4.330708661417323
2,MOOSE,DecelFlick,56,3,16,854,32,3.0,20,DOWN,160,18.0,true,2252,944,751,511,797,1,1,1,DOWN,1.0,243.0,553.0,392.0,1139.0,1080.0,1163.0,4.330708661417323
2,MOOSE,DecelFlick,57,3,17,854,32,6.0,20,DOWN,684,18.0,true,2881,1825,1713,203,853,2,1,1,DOWN,1.0,159.0,576.0,408.0,1307.0,1080.0,1163.0,4.330708661417323
2,MOOSE,DecelFlick,58,3,18,854,32,6.0,220,DOWN,387,18.0,true,5418,4464,620,355,599,2,1,1,DOWN,1.0,201.0,468.0,389.0,1191.0,1080.0,1163.0,4.330708661417323
2,MOOSE,DecelFlick,59,3,19,854,32,3.0,70,UP,442,18.0,true,6226,5344,4460,5,877,1,3,1,UP,1.0,207.0,460.0,426.0,1226.0,1080.0,1163.0,4.330708661417323
2,MOOSE,DecelFlick,60,3,20,854,32,6.0,220,UP,592,18.0,true,5892,4960,2540,222,710,0,1,1,UP,1.0,264.90380859375,399.5,457.0,1039.0,1080.0,1163.0,4.330708661417323
2,MOOSE,Rubbing,1,1,1,854,32,6.0,20,DOWN,663,18.0,true,39878,32527,464,420,6931,1,2,3,DOWN,1.0,295.0,482.5,551.0,1110.0,1080.0,1163.0,4.330708661417323
2,MOOSE,Rubbing,2,1,2,854,32,3.0,120,UP,699,18.0,true,6733,5870,2816,18,845,2,1,1,UP,1.0,346.59637451171875,727.0,410.5,1019.0,1080.0,1163.0,4.330708661417323
2,MOOSE,Rubbing,3,1,3,854,32,3.0,220,DOWN,668,18.0,true,14036,13776,4383,180,80,1,2,2,UP,1.0,320.2937927246094,500.5,409.0,1306.0,1080.0,1163.0,4.330708661417323
2,MOOSE,Rubbing,4,1,4,854,32,6.0,120,DOWN,735,18.0,true,6527,5760,2160,94,673,1,1,1,DOWN,1.0,327.3492126464844,502.0,432.4881591796875,1223.0,1080.0,1163.0,4.330708661417323
2,MOOSE,Rubbing,5,1,5,854,32,3.0,70,DOWN,194,18.0,false,2271,1311,0,744,216,0,0,1,DOWN,1.0,318.7038269042969,897.5,377.0,1155.5,1080.0,1163.0,4.330708661417323
2,MOOSE,Rubbing,6,1,6,854,32,3.0,170,UP,497,18.0,true,9591,8319,1232,473,799,1,1,1,DOWN,1.0,338.53607177734375,466.0,484.0,1120.5,1080.0,1163.0,4.330708661417323
2,MOOSE,Rubbing,7,1,7,854,32,6.0,220,DOWN,650,18.0,true,5421,4832,2513,60,529,4,3,1,DOWN,1.0,320.6806335449219,492.0,415.0,1097.5,1080.0,1163.0,4.330708661417323
2,MOOSE,Rubbing,8,1,8,854,32,3.0,70,UP,732,18.0,true,4715,4143,2463,32,540,1,1,1,DOWN,1.0,338.0,464.0,427.0,1026.0,1080.0,1163.0,4.330708661417323
2,MOOSE,Rubbing,9,1,9,854,32,6.0,70,UP,145,18.0,true,3453,3208,1296,186,59,0,1,1,UP,1.0,353.0,654.0,411.0,1083.5,1080.0,1163.0,4.330708661417323
2,MOOSE,Rubbing,10,1,10,854,32,6.0,20,UP,68,18.0,true,3533,3255,2321,210,68,1,1,1,UP,1.0,340.0,661.0,413.0,1248.0,1080.0,1163.0,4.330708661417323
2,MOOSE,Rubbing,11,1,11,854,32,6.0,70,DOWN,133,18.0,true,2850,1616,432,543,691,1,1,1,DOWN,1.0,362.0,518.0,426.0,1058.5,1080.0,1163.0,4.330708661417323
2,MOOSE,Rubbing,12,1,12,854,32,3.0,120,DOWN,812,18.0,true,3982,2960,847,357,665,1,1,1,DOWN,1.0,313.5,669.0,373.0,1184.5,1080.0,1163.0,4.330708661417323
2,MOOSE,Rubbing,13,1,13,854,32,3.0,220,UP,232,18.0,true,4443,3681,1377,80,682,1,1,1,UP,1.0,311.0,741.0,388.0,1215.0,1080.0,1163.0,4.330708661417323
2,MOOSE,Rubbing,14,1,14,854,32,3.0,170,DOWN,390,18.0,true,5817,5580,2785,203,34,1,1,1,UP,1.0,284.0,700.0,394.0,1248.0,1080.0,1163.0,4.330708661417323
2,MOOSE,Rubbing,15,1,15,854,32,6.0,120,UP,470,18.0,true,4410,3520,1248,151,739,0,1,1,UP,1.0,344.0,735.5,416.0,1165.5,1080.0,1163.0,4.330708661417323
2,MOOSE,Rubbing,16,1,16,854,32,6.0,220,UP,385,18.0,true,12087,10705,161,789,593,4,0,2,DOWN,2.0,17.0,425.0,515.0,1919.0,1080.0,1163.0,4.330708661417323
2,MOOSE,Rubbing,17,1,17,854,32,3.0,20,UP,80,18.0,true,3744,2592,2416,373,779,2,1,1,UP,1.0,346.0,476.0,456.0,1110.0,1080.0,1163.0,4.330708661417323
2,MOOSE,Rubbing,18,1,18,854,32,3.0,20,DOWN,561,18.0,true,3762,2864,2751,216,682,2,1,1,DOWN,1.0,312.3356018066406,486.0,440.0,1248.5,1080.0,1163.0,4.330708661417323
2,MOOSE,Rubbing,19,1,19,854,32,6.0,170,UP,256,18.0,true,5916,5680,1648,158,78,3,2,1,DOWN,1.0,276.515625,498.0,447.28533935546875,1205.0,1080.0,1163.0,4.330708661417323
2,MOOSE,Rubbing,20,1,20,854,32,6.0,170,DOWN,782,18.0,true,6020,5232,3135,82,706,4,3,1,DOWN,1.0,241.30966186523438,533.0,364.0,1229.5,1080.0,1163.0,4.330708661417323
2,MOOSE,Rubbing,22,2,2,854,32,3.0,70,UP,687,18.0,true,3442,2096,336,814,532,1,0,1,UP,1.0,325.4656982421875,482.0,425.0,1015.0,1080.0,1163.0,4.330708661417323
2,MOOSE,Rubbing,23,2,3,854,32,6.0,20,DOWN,658,18.0,true,2465,1232,1057,290,943,3,0,1,DOWN,1.0,278.0,595.0,365.4928894042969,1234.5,1080.0,1163.0,4.330708661417323
2,MOOSE,Rubbing,24,2,4,854,32,3.0,170,DOWN,751,18.0,true,7709,7183,1471,6,520,1,2,1,DOWN,1.0,270.35845947265625,562.0,390.71392822265625,1298.0,1080.0,1163.0,4.330708661417323
2,MOOSE,Rubbing,25,2,5,854,32,6.0,120,UP,334,18.0,true,4633,3809,1537,253,571,3,2,1,UP,1.0,325.2760314941406,666.0,385.52978515625,1088.5,1080.0,1163.0,4.330708661417323
2,MOOSE,Rubbing,26,2,6,854,32,6.0,20,UP,29,18.0,true,3684,3294,2560,317,73,2,2,1,DOWN,1.0,278.5495910644531,692.0,365.0,1276.0,1080.0,1163.0,4.330708661417323
2,MOOSE,Rubbing,27,2,7,854,32,3.0,120,UP,704,18.0,true,5750,5477,2993,219,54,1,1,1,UP,1.0,24.0,427.0,398.0,1919.0,1080.0,1163.0,4.330708661417323
2,MOOSE,Rubbing,28,2,8,854,32,3.0,220,UP,249,18.0,true,5079,4128,1439,269,682,1,1,1,UP,1.0,252.0,562.6380004882812,330.5,1153.0,1080.0,1163.0,4.330708661417323
2,MOOSE,Rubbing,29,2,9,854,32,3.0,70,DOWN,403,18.0,true,3562,3311,1840,194,57,2,1,1,UP,1.0,299.0,603.0,369.0,1130.5,1080.0,1163.0,4.330708661417323
2,MOOSE,Rubbing,30,2,10,854,32,3.0,20,DOWN,170,18.0,true,4432,3996,2449,393,43,2,1,2,UP,1.0,305.0,502.0,438.0,1072.5,1080.0,1163.0,4.330708661417323
2,MOOSE,Rubbing,31,2,11,854,32,3.0,220,DOWN,545,18.0,true,5283,4400,1216,131,752,1,1,1,DOWN,1.0,273.0,567.0,359.0,1177.0,1080.0,1163.0,4.330708661417323
2,MOOSE,Rubbing,32,2,12,854,32,6.0,220,UP,475,18.0,true,6095,5739,1312,315,41,0,1,1,UP,1.0,257.0,429.0,364.5,1186.0,1080.0,1163.0,4.330708661417323
2,MOOSE,Rubbing,33,2,13,854,32,6.0,70,UP,492,18.0,true,3673,3610,1537,29,34,3,1,1,UP,1.0,301.0,596.0,425.0,1182.0,1080.0,1163.0,4.330708661417323
2,MOOSE,Rubbing,34,2,14,854,32,3.0,120,DOWN,723,18.0,true,5523,4913,2897,83,527,1,1,1,DOWN,1.0,246.0,570.0,326.0,1262.0,1080.0,1163.0,4.330708661417323
2,MOOSE,Rubbing,35,2,15,854,32,3.0,170,UP,618,18.0,true,5242,4976,1439,231,35,1,1,1,UP,1.0,293.3555603027344,538.0,414.05169677734375,1151.5,1080.0,1163.0,4.330708661417323
2,MOOSE,Rubbing,36,2,16,854,32,6.0,120,DOWN,611,18.0,true,3436,3334,1280,49,53,3,1,1,UP,1.0,286.5,653.0,364.0,1118.5,1080.0,1163.0,4.330708661417323
2,MOOSE,Rubbing,37,2,17,854,32,6.0,220,DOWN,550,18.0,true,3880,3809,1217,18,53,3,1,1,UP,1.0,237.0,587.0,344.0,1208.0,1080.0,1163.0,4.330708661417323
2,MOOSE,Rubbing,38,2,18,854,32,6.0,70,DOWN,394,18.0,true,3073,1744,593,484,845,1,1,1,DOWN,1.0,259.0,552.0,355.0,1198.5,1080.0,1163.0,4.330708661417323
2,MOOSE,Rubbing,39,2,19,854,32,6.0,170,DOWN,391,18.0,true,7850,6959,1343,362,529,2,1,1,DOWN,1.0,225.28431701660156,571.0,357.0,1261.0,1080.0,1163.0,4.330708661417323
2,MOOSE,Rubbing,40,2,20,854,32,3.0,20,UP,787,18.0,true,4052,3791,1296,228,33,2,1,2,UP,1.0,279.0,540.0,372.0,1205.5,1080.0,1163.0,4.330708661417323
2,MOOSE,Rubbing,41,3,1,854,32,6.0,70,UP,255,18.0,true,1982,799,127,496,687,1,0,1,UP,1.0,305.1659240722656,622.5,357.0,1002.0,1080.0,1163.0,4.330708661417323
2,MOOSE,Rubbing,42,3,2,854,32,6.0,120,UP,477,18.0,true,3548,3073,929,139,336,-1,0,1,DOWN,1.0,263.0,543.0,372.0,1180.0,1080.0,1163.0,4.330708661417323
2,MOOSE,Rubbing,43,3,3,854,32,3.0,220,DOWN,354,18.0,true,5498,4608,1936,161,729,1,1,1,DOWN,1.0,222.27023315429688,618.0,315.0,1303.0,1080.0,1163.0,4.330708661417323
2,MOOSE,Rubbing,44,3,4,854,32,3.0,220,UP,589,18.0,false,4628,3457,1521,317,854,1,0,1,DOWN,1.0,259.4261779785156,459.0,405.0,1195.5,1080.0,1163.0,4.330708661417323
2,MOOSE,Rubbing,45,3,5,854,32,6.0,170,DOWN,419,18.0,true,4633,4369,1391,207,57,2,1,1,UP,1.0,252.7049102783203,488.0,410.0,1290.0,1080.0,1163.0,4.330708661417323
2,MOOSE,Rubbing,46,3,6,854,32,6.0,70,DOWN,361,18.0,true,3984,3601,1425,38,345,2,2,2,DOWN,1.0,241.0,477.0,402.0,1222.5,1080.0,1163.0,4.330708661417323
2,MOOSE,Rubbing,47,3,7,854,32,6.0,20,UP,541,18.0,true,2519,2170,1311,296,53,0,1,1,UP,1.0,289.0,451.0,377.0,1128.0,1080.0,1163.0,4.330708661417323
2,MOOSE,Rubbing,48,3,8,854,32,3.0,20,DOWN,338,18.0,true,4153,3408,1423,57,688,2,2,3,DOWN,1.0,262.0,515.0,357.0,1176.0,1080.0,1163.0,4.330708661417323
2,MOOSE,Rubbing,49,3,9,854,32,3.0,120,UP,536,18.0,true,4540,3376,1711,251,913,1,1,1,UP,1.0,254.0,580.0,366.0,1183.5,1080.0,1163.0,4.330708661417323
2,MOOSE,Rubbing,50,3,10,854,32,3.0,170,DOWN,605,18.0,true,4161,3904,1168,180,77,3,0,1,UP,1.0,242.0,525.0,396.0,1266.0,1080.0,1163.0,4.330708661417323
2,MOOSE,Rubbing,51,3,11,854,32,6.0,20,DOWN,826,18.0,true,2668,2607,1967,5,56,1,1,1,DOWN,1.0,263.0,448.0,362.0,1128.0,1080.0,1163.0,4.330708661417323
2,MOOSE,Rubbing,52,3,12,854,32,6.0,220,DOWN,309,18.0,false,3499,2833,992,73,593,5,0,1,DOWN,1.0,205.0,616.0,307.0,1186.0,1080.0,1163.0,4.330708661417323
2,MOOSE,Rubbing,53,3,13,854,32,3.0,70,UP,390,18.0,true,4829,4064,2288,74,691,2,1,1,DOWN,1.0,273.5065612792969,438.7521057128906,461.8677062988281,1118.0,1080.0,1163.0,4.330708661417323
2,MOOSE,Rubbing,54,3,14,854,32,3.0,170,UP,104,18.0,true,5615,4752,2032,12,851,1,1,1,DOWN,1.0,274.7062683105469,451.0,417.0,1212.0,1080.0,1163.0,4.330708661417323
2,MOOSE,Rubbing,55,3,15,854,32,3.0,20,UP,433,18.0,true,3966,3591,2544,315,60,2,1,1,UP,1.0,325.5,536.0,441.0,1203.0,1080.0,1163.0,4.330708661417323
2,MOOSE,Rubbing,56,3,16,854,32,6.0,220,UP,530,18.0,true,6569,6303,2031,223,43,1,1,1,DOWN,1.0,243.0,590.0,395.0,1187.0,1080.0,1163.0,4.330708661417323
2,MOOSE,Rubbing,57,3,17,854,32,3.0,70,DOWN,169,18.0,true,4318,3921,1312,343,54,1,0,1,UP,1.0,288.0,507.0,427.0,1170.5,1080.0,1163.0,4.330708661417323
2,MOOSE,Rubbing,58,3,18,854,32,6.0,120,DOWN,236,18.0,true,6504,6059,1713,392,53,2,1,1,UP,1.0,208.0,607.5,361.0,1310.30029296875,1080.0,1163.0,4.330708661417323
2,MOOSE,Rubbing,59,3,19,854,32,3.0,120,DOWN,729,18.0,true,4879,3968,1311,234,677,2,1,2,DOWN,1.0,244.0,611.0,366.0,1207.5,1080.0,1163.0,4.330708661417323
2,MOOSE,Rubbing,60,3,20,854,32,6.0,170,UP,245,18.0,true,5104,5046,1904,21,37,-1,2,1,DOWN,1.0,218.0,624.0,356.0,1265.5,1080.0,1163.0,4.330708661417323
2,MOOSE,iOS,1,1,1,854,32,3.0,170,DOWN,534,18.0,true,16359,10415,1872,169,5775,2,0,2,DOWN,1.0,284.0,1.0,914.0,1203.5,1080.0,1163.0,4.330708661417323
2,MOOSE,iOS,2,1,2,854,32,6.0,70,UP,588,18.0,true,5072,4081,2721,19,972,0,2,1,UP,1.0,279.0,499.0,407.0,1253.0,1080.0,1163.0,4.330708661417323
2,MOOSE,iOS,3,1,3,854,32,6.0,20,UP,525,18.0,true,2488,2150,1391,294,44,3,2,1,UP,1.0,275.2865295410156,715.0,408.0,1241.0,1080.0,1163.0,4.330708661417323
2,MOOSE,iOS,4,1,4,854,32,3.0,20,UP,780,18.0,true,3306,2352,2047,23,931,2,1,1,UP,1.0,275.0,453.0,403.0,950.0,1080.0,1163.0,4.330708661417323
2,MOOSE,iOS,5,1,5,854,32,3.0,120,DOWN,568,18.0,true,7453,6800,1279,341,312,2,2,3,DOWN,1.0,269.0,486.0,456.0,1213.0,1080.0,1163.0,4.330708661417323
2,MOOSE,iOS,6,1,6,854,32,6.0,220,UP,134,18.0,true,5838,5153,1327,42,643,2,2,2,UP,1.0,298.0,453.0,422.0,1157.0,1080.0,1163.0,4.330708661417323
2,MOOSE,iOS,7,1,7,854,32,3.0,220,DOWN,828,18.0,false,5522,4511,2834,725,286,3,2,1,DOWN,1.0,299.5,463.0,507.0,1213.0,1080.0,1163.0,4.330708661417323
2,MOOSE,iOS,8,1,8,854,32,6.0,70,DOWN,94,18.0,true,7777,6816,3887,195,766,1,2,1,DOWN,1.0,242.0,581.0,388.0,1182.3563232421875,1080.0,1163.0,4.330708661417323
2,MOOSE,iOS,9,1,9,854,32,3.0,70,UP,217,18.0,false,3896,2496,1023,547,853,3,1,1,UP,1.0,265.0,632.0,373.0,1182.0,1080.0,1163.0,4.330708661417323
2,MOOSE,iOS,10,1,10,854,32,6.0,170,UP,227,18.0,true,5236,4353,2062,48,835,1,1,1,UP,1.0,290.4906921386719,506.0,425.0,1118.0,1080.0,1163.0,4.330708661417323
2,MOOSE,iOS,11,1,11,854,32,6.0,170,DOWN,266,18.0,true,4943,3936,2014,171,836,1,2,1,UP,1.0,305.0,485.0,439.5505065917969,1145.0,1080.0,1163.0,4.330708661417323
2,MOOSE,iOS,12,1,12,854,32,3.0,120,UP,61,18.0,true,6360,6060,3973,241,59,2,4,1,UP,1.0,282.0,530.0,480.0,1236.0,1080.0,1163.0,4.330708661417323
2,MOOSE,iOS,13,1,13,854,32,3.0,170,UP,283,18.0,true,7668,6881,1772,62,725,2,1,3,DOWN,1.0,296.0,512.0,442.0,1194.0,1080.0,1163.0,4.330708661417323
2,MOOSE,iOS,14,1,14,854,32,3.0,70,DOWN,281,18.0,true,8330,8270,3692,9,51,1,1,2,DOWN,1.0,311.5192565917969,455.0,435.0,1030.0,1080.0,1163.0,4.330708661417323
2,MOOSE,iOS,15,1,15,854,32,3.0,20,DOWN,825,18.0,true,4740,3376,3084,92,1272,2,2,1,DOWN,1.0,345.0,572.0,458.0,991.0,1080.0,1163.0,4.330708661417323
2,MOOSE,iOS,16,1,16,854,32,6.0,120,DOWN,528,18.0,true,5863,5729,1327,87,47,3,2,2,UP,1.0,300.0,539.0,439.0,1226.0,1080.0,1163.0,4.330708661417323
2,MOOSE,iOS,17,1,17,854,32,6.0,220,DOWN,708,18.0,true,5134,4160,1584,189,785,1,3,2,UP,1.0,297.5,564.0,421.01043701171875,1174.5,1080.0,1163.0,4.330708661417323
2,MOOSE,iOS,18,1,18,854,32,6.0,20,DOWN,62,18.0,true,4440,3679,3472,13,748,2,2,1,DOWN,1.0,284.0,546.0,427.0,974.0,1080.0,1163.0,4.330708661417323
2,MOOSE,iOS,19,1,19,854,32,3.0,220,UP,49,18.0,true,7876,6544,3360,486,846,2,3,3,DOWN,1.0,297.0,510.0,438.0,1113.0,1080.0,1163.0,4.330708661417323
2,MOOSE,iOS,20,1,20,854,32,6.0,120,UP,455,18.0,true,4235,2832,1070,375,1028,1,2,1,UP,1.0,269.0,613.0,450.0,1270.0,1080.0,1163.0,4.330708661417323
2,MOOSE,iOS,21,2,1,854,32,6.0,170,UP,617,18.0,true,3581,2944,1373,18,619,0,1,1,DOWN,1.0,284.0,486.0,418.0,1118.0,1080.0,1163.0,4.330708661417323
2,MOOSE,iOS,22,2,2,854,32,3.0,70,DOWN,336,18.0,true,3539,2864,1582,23,652,2,1,1,DOWN,1.0,294.0,590.0,412.0499572753906,1175.0,1080.0,1163.0,4.330708661417323
2,MOOSE,iOS,23,2,3,854,32,6.0,70,DOWN,418,18.0,true,4501,3953,3073,4,544,2,1,2,DOWN,1.0,313.0,496.0,440.0,1078.0,1080.0,1163.0,4.330708661417323
2,MOOSE,iOS,24,2,4,854,32,3.0,220,DOWN,792,18.0,true,4659,4032,1758,41,586,2,1,1,DOWN,1.0,253.0,518.0,426.0,1306.0,1080.0,1163.0,4.330708661417323
2,MOOSE,iOS,25,2,5,854,32,3.0,170,DOWN,708,18.0,true,3626,3543,1808,14,69,3,1,2,DOWN,1.0,279.0,507.0,376.0,1058.0,1080.0,1163.0,4.330708661417323
2,MOOSE,iOS,26,2,6,854,32,6.0,120,UP,127,18.0,true,4505,3584,1421,154,767,1,1,1,UP,1.0,283.41497802734375,593.0,403.0,1080.0,1080.0,1163.0,4.330708661417323
2,MOOSE,iOS,27,2,7,854,32,3.0,170,UP,196,18.0,true,7979,7654,2927,260,65,2,3,3,UP,1.0,232.0,541.0,427.0,1301.0,1080.0,1163.0,4.330708661417323
2,MOOSE,iOS,28,2,8,854,32,6.0,120,DOWN,149,18.0,true,3463,3338,1692,88,37,1,1,1,UP,1.0,251.0,531.0,365.0,1299.0,1080.0,1163.0,4.330708661417323
2,MOOSE,iOS,29,2,9,854,32,3.0,120,DOWN,745,18.0,true,4852,4144,1340,117,591,2,3,2,DOWN,1.0,272.50579833984375,555.0,408.0,1117.0,1080.0,1163.0,4.330708661417323
2,MOOSE,iOS,30,2,10,854,32,6.0,220,DOWN,527,18.0,true,8685,8593,2877,38,54,3,2,2,DOWN,1.0,192.0,535.0,425.0,1447.0,1080.0,1163.0,4.330708661417323
2,MOOSE,iOS,31,2,11,854,32,3.0,20,DOWN,424,18.0,true,3439,3285,2575,112,42,1,2,1,UP,1.0,263.0,539.0,390.0,1235.0,1080.0,1163.0,4.330708661417323
2,MOOSE,iOS,32,2,12,854,32,3.0,20,UP,241,18.0,true,2288,2153,1313,92,43,2,1,1,UP,1.0,245.0,646.0,342.0,1005.0,1080.0,1163.0,4.330708661417323
2,MOOSE,iOS,33,2,13,854,32,6.0,220,UP,193,18.0,true,6719,6224,1534,324,171,3,2,2,UP,1.0,249.72813415527344,608.0,396.0,1245.0,1080.0,1163.0,4.330708661417323
2,MOOSE,iOS,34,2,14,854,32,6.0,170,DOWN,781,18.0,true,7040,6160,2284,281,599,2,3,2,DOWN,1.0,200.0,533.0,405.0,1390.0,1080.0,1163.0,4.330708661417323
2,MOOSE,iOS,35,2,15,854,32,3.0,70,UP,372,18.0,true,4759,4627,1964,89,43,2,1,1,UP,1.0,274.0,501.0,375.0,1051.0,1080.0,1163.0,4.330708661417323
2,MOOSE,iOS,36,2,16,854,32,3.0,120,UP,201,18.0,true,4658,4547,1696,68,43,1,1,2,UP,1.0,235.0,616.0,388.0,1329.0,1080.0,1163.0,4.330708661417323
2,MOOSE,iOS,37,2,17,854,32,6.0,70,UP,248,18.0,true,1960,1056,669,181,723,3,1,1,UP,1.0,295.0,677.0,340.0,1089.0,1080.0,1163.0,4.330708661417323
2,MOOSE,iOS,38,2,18,854,32,3.0,220,UP,577,18.0,true,6158,6048,2124,43,67,1,1,1,DOWN,1.0,270.0,513.0,377.0,1077.0,1080.0,1163.0,4.330708661417323
2,MOOSE,iOS,39,2,19,854,32,6.0,20,UP,296,18.0,true,3159,2943,2000,149,67,1,2,1,UP,1.0,255.0,645.0,382.0,1302.0,1080.0,1163.0,4.330708661417323
2,MOOSE,iOS,40,2,20,854,32,6.0,20,DOWN,784,18.0,true,2370,2018,1487,286,66,2,1,1,DOWN,1.0,237.0,603.0,383.0,1291.0,1080.0,1163.0,4.330708661417323
2,MOOSE,iOS,41,3,1,854,32,6.0,70,UP,293,18.0,true,3041,2224,703,161,656,0,1,1,UP,1.0,297.0,587.0,375.0,1049.0,1080.0,1163.0,4.330708661417323
2,MOOSE,iOS,42,3,2,854,32,3.0,220,UP,605,18.0,true,3957,3726,1178,174,57,1,1,1,UP,1.0,266.0,550.0,409.0,1097.0,1080.0,1163.0,4.330708661417323
2,MOOSE,iOS,43,3,3,854,32,3.0,120,DOWN,488,18.0,true,7636,7436,2586,150,50,1,2,1,UP,1.0,249.0,687.0,366.51007080078125,1285.0,1080.0,1163.0,4.330708661417323
2,MOOSE,iOS,44,3,4,854,32,6.0,120,DOWN,783,18.0,true,6091,4913,2473,360,818,2,1,1,UP,1.0,239.0,604.0,368.0,1297.0,1080.0,1163.0,4.330708661417323
2,MOOSE,iOS,45,3,5,854,32,6.0,120,UP,322,18.0,true,3605,2833,1454,105,667,-1,1,1,UP,1.0,280.0,547.0,388.0,1113.0,1080.0,1163.0,4.330708661417323
2,MOOSE,iOS,46,3,6,854,32,3.0,70,DOWN,340,18.0,true,4583,3728,2702,106,749,1,2,1,DOWN,1.0,240.0,509.0,380.0,1319.0,1080.0,1163.0,4.330708661417323
2,MOOSE,iOS,47,3,7,854,32,6.0,170,UP,644,18.0,true,3850,3552,665,234,64,1,1,1,UP,1.0,305.0,540.0,405.0,1081.0,1080.0,1163.0,4.330708661417323
2,MOOSE,iOS,48,3,8,854,32,3.0,170,UP,320,18.0,true,3210,2624,987,108,478,2,1,1,UP,1.0,265.0,642.0,352.0,1083.0,1080.0,1163.0,4.330708661417323
2,MOOSE,iOS,49,3,9,854,32,3.0,120,UP,330,18.0,true,4532,3903,1278,52,577,2,2,2,UP,1.0,285.0,583.0,398.0,1102.0,1080.0,1163.0,4.330708661417323
2,MOOSE,iOS,50,3,10,854,32,3.0,20,DOWN,334,18.0,true,4831,4784,4144,12,35,2,2,1,DOWN,1.0,185.0,493.0,361.0,1258.0,1080.0,1163.0,4.330708661417323
2,MOOSE,iOS,51,3,11,854,32,3.0,220,DOWN,827,18.0,false,3644,2545,1279,140,959,3,1,1,UP,1.0,251.0,582.0,394.0,1183.0,1080.0,1163.0,4.330708661417323
2,MOOSE,iOS,52,3,12,854,32,6.0,20,UP,326,18.0,true,2625,2578,1790,9,38,2,1,1,UP,1.0,293.0,577.0,381.0,1041.0,1080.0,1163.0,4.330708661417323
2,MOOSE,iOS,53,3,13,854,32,6.0,220,UP,342,18.0,true,5057,3983,819,252,822,0,2,2,UP,1.0,233.0,581.0,421.0,1253.0,1080.0,1163.0,4.330708661417323
2,MOOSE,iOS,54,3,14,854,32,3.0,20,UP,328,18.0,true,2437,2368,1792,39,30,2,1,1,UP,1.0,302.2901611328125,550.0,386.0,996.0,1080.0,1163.0,4.330708661417323
2,MOOSE,iOS,55,3,15,854,32,3.0,70,UP,273,18.0,true,4443,4241,2700,139,63,1,3,1,DOWN,1.0,254.0,633.0,370.0,1247.0,1080.0,1163.0,4.330708661417323
2,MOOSE,iOS,56,3,16,854,32,6.0,70,DOWN,291,18.0,true,7161,6400,826,25,736,1,3,4,DOWN,1.0,278.0,621.0,404.0,1182.0,1080.0,1163.0,4.330708661417323
2,MOOSE,iOS,57,3,17,854,32,3.0,170,DOWN,558,18.0,true,5075,4864,2846,152,59,1,1,1,UP,1.0,255.0,570.0,362.0,1215.0,1080.0,1163.0,4.330708661417323
2,MOOSE,iOS,58,3,18,854,32,6.0,220,DOWN,790,18.0,true,5705,5647,2105,11,47,0,2,2,DOWN,1.0,257.0,552.0,379.0,1191.0,1080.0,1163.0,4.330708661417323
2,MOOSE,iOS,59,3,19,854,32,6.0,170,DOWN,296,18.0,true,8021,6946,1983,136,939,3,3,3,DOWN,1.0,254.0,480.0,394.0,1261.0,1080.0,1163.0,4.330708661417323
2,MOOSE,iOS,60,3,20,854,32,6.0,20,DOWN,651,18.0,true,2723,2255,1456,294,174,2,1,1,DOWN,1.0,261.0,532.0,410.6044921875,1229.0,1080.0,1163.0,4.330708661417323
2,MOUSE, --- ,1,1,1,854,32,3.0,220,DOWN,247,18.0,false,7754,5886,926,261,1607,4,2,1,DOWN, ---, ---, ---, ---, ---, ---, ---,4.330708661417323
2,MOUSE, --- ,2,1,2,854,32,6.0,220,UP,446,18.0,true,9012,7793,689,323,896,2,1,1,UP, ---, ---, ---, ---, ---, ---, ---,4.330708661417323
2,MOUSE, --- ,3,1,3,854,32,3.0,70,UP,641,18.0,true,4654,3889,1452,217,548,3,2,1,DOWN, ---, ---, ---, ---, ---, ---, ---,4.330708661417323
2,MOUSE, --- ,4,1,4,854,32,6.0,70,DOWN,649,18.0,true,2780,1807,347,402,571,1,1,1,DOWN, ---, ---, ---, ---, ---, ---, ---,4.330708661417323
2,MOUSE, --- ,5,1,5,854,32,6.0,170,UP,121,18.0,true,7836,7007,1473,187,642,1,2,1,UP, ---, ---, ---, ---, ---, ---, ---,4.330708661417323
2,MOUSE, --- ,6,1,6,854,32,3.0,70,DOWN,766,18.0,true,2843,1715,364,461,667,1,0,1,DOWN, ---, ---, ---, ---, ---, ---, ---,4.330708661417323
2,MOUSE, --- ,7,1,7,854,32,6.0,170,DOWN,738,18.0,false,5765,5041,769,72,652,-1,1,1,DOWN, ---, ---, ---, ---, ---, ---, ---,4.330708661417323
2,MOUSE, --- ,8,1,8,854,32,6.0,120,UP,385,18.0,true,5188,4239,577,229,720,4,1,1,UP, ---, ---, ---, ---, ---, ---, ---,4.330708661417323
2,MOUSE, --- ,9,1,9,854,32,6.0,20,DOWN,767,18.0,true,1854,993,952,193,668,0,1,1,DOWN, ---, ---, ---, ---, ---, ---, ---,4.330708661417323
2,MOUSE, --- ,10,1,10,854,32,3.0,220,UP,399,18.0,true,9633,8298,822,404,931,1,0,1,UP, ---, ---, ---, ---, ---, ---, ---,4.330708661417323
2,MOUSE, --- ,11,1,11,854,32,3.0,20,UP,720,18.0,true,2104,1200,1164,371,533,2,1,1,UP, ---, ---, ---, ---, ---, ---, ---,4.330708661417323
2,MOUSE, --- ,12,1,12,854,32,3.0,20,DOWN,236,18.0,true,2620,1569,1538,378,673,1,1,1,DOWN, ---, ---, ---, ---, ---, ---, ---,4.330708661417323
2,MOUSE, --- ,13,1,13,854,32,6.0,220,DOWN,601,18.0,true,7331,6593,432,332,406,2,1,1,DOWN, ---, ---, ---, ---, ---, ---, ---,4.330708661417323
2,MOUSE, --- ,14,1,14,854,32,3.0,170,UP,391,18.0,true,8362,7617,1308,382,363,1,0,1,DOWN, ---, ---, ---, ---, ---, ---, ---,4.330708661417323
2,MOUSE, --- ,15,1,15,854,32,6.0,120,DOWN,181,18.0,true,5054,4097,849,283,674,1,2,1,UP, ---, ---, ---, ---, ---, ---, ---,4.330708661417323
2,MOUSE, --- ,16,1,16,854,32,6.0,20,UP,332,18.0,true,2014,1279,639,412,323,4,1,1,DOWN, ---, ---, ---, ---, ---, ---, ---,4.330708661417323
2,MOUSE, --- ,17,1,17,854,32,3.0,170,DOWN,282,18.0,true,6084,5339,471,377,368,2,0,1,DOWN, ---, ---, ---, ---, ---, ---, ---,4.330708661417323
2,MOUSE, --- ,18,1,18,854,32,3.0,120,UP,130,18.0,true,5756,4911,719,468,377,1,0,1,DOWN, ---, ---, ---, ---, ---, ---, ---,4.330708661417323
2,MOUSE, --- ,19,1,19,854,32,3.0,120,DOWN,485,18.0,true,5133,3969,896,487,677,1,1,1,DOWN, ---, ---, ---, ---, ---, ---, ---,4.330708661417323
2,MOUSE, --- ,20,1,20,854,32,6.0,70,UP,585,18.0,true,3658,2892,301,332,434,-1,0,1,DOWN, ---, ---, ---, ---, ---, ---, ---,4.330708661417323
2,MOUSE, --- ,21,2,1,854,32,3.0,120,DOWN,251,18.0,true,5243,4337,1308,365,541,1,1,1,DOWN, ---, ---, ---, ---, ---, ---, ---,4.330708661417323
2,MOUSE, --- ,22,2,2,854,32,6.0,170,DOWN,712,18.0,true,5636,5136,822,187,313,1,1,1,DOWN, ---, ---, ---, ---, ---, ---, ---,4.330708661417323
2,MOUSE, --- ,23,2,3,854,32,6.0,20,DOWN,402,18.0,true,1420,913,870,236,271,1,2,1,DOWN, ---, ---, ---, ---, ---, ---, ---,4.330708661417323
2,MOUSE, --- ,24,2,4,854,32,6.0,220,UP,130,18.0,true,8294,7905,1057,123,266,3,1,1,DOWN, ---, ---, ---, ---, ---, ---, ---,4.330708661417323
2,MOUSE, --- ,25,2,5,854,32,6.0,70,UP,705,18.0,true,4066,3263,768,307,496,1,1,1,DOWN, ---, ---, ---, ---, ---, ---, ---,4.330708661417323
2,MOUSE, --- ,26,2,6,854,32,6.0,120,DOWN,396,18.0,true,5161,3375,464,363,1423,1,1,1,DOWN, ---, ---, ---, ---, ---, ---, ---,4.330708661417323
2,MOUSE, --- ,27,2,7,854,32,3.0,70,UP,572,18.0,true,4037,3584,1272,202,251,1,1,1,DOWN, ---, ---, ---, ---, ---, ---, ---,4.330708661417323
2,MOUSE, --- ,28,2,8,854,32,6.0,20,UP,665,18.0,true,1917,1119,602,243,555,4,1,1,DOWN, ---, ---, ---, ---, ---, ---, ---,4.330708661417323
2,MOUSE, --- ,29,2,9,854,32,6.0,120,UP,295,18.0,true,4355,3569,639,273,513,1,1,1,UP, ---, ---, ---, ---, ---, ---, ---,4.330708661417323
2,MOUSE, --- ,30,2,10,854,32,3.0,170,UP,261,18.0,true,6252,5424,1154,248,580,1,1,1,UP, ---, ---, ---, ---, ---, ---, ---,4.330708661417323
2,MOUSE, --- ,31,2,11,854,32,3.0,220,UP,255,18.0,true,11140,10304,2690,276,560,2,0,1,DOWN, ---, ---, ---, ---, ---, ---, ---,4.330708661417323
2,MOUSE, --- ,32,2,12,854,32,6.0,220,DOWN,595,18.0,true,6227,5437,733,213,577,1,1,1,DOWN, ---, ---, ---, ---, ---, ---, ---,4.330708661417323
2,MOUSE, --- ,33,2,13,854,32,3.0,220,DOWN,700,18.0,true,7867,7120,686,429,318,2,0,1,DOWN, ---, ---, ---, ---, ---, ---, ---,4.330708661417323
2,MOUSE, --- ,34,2,14,854,32,3.0,70,DOWN,595,18.0,true,3632,2591,817,503,538,1,1,1,DOWN, ---, ---, ---, ---, ---, ---, ---,4.330708661417323
2,MOUSE, --- ,35,2,15,854,32,3.0,170,DOWN,817,18.0,true,6920,6012,669,406,502,3,0,1,DOWN, ---, ---, ---, ---, ---, ---, ---,4.330708661417323
2,MOUSE, --- ,36,2,16,854,32,6.0,170,UP,163,18.0,true,6646,5772,733,302,572,1,1,1,DOWN, ---, ---, ---, ---, ---, ---, ---,4.330708661417323
2,MOUSE, --- ,37,2,17,854,32,6.0,70,DOWN,750,18.0,true,4044,2799,525,429,816,3,0,1,UP, ---, ---, ---, ---, ---, ---, ---,4.330708661417323
2,MOUSE, --- ,38,2,18,854,32,3.0,20,DOWN,593,18.0,true,1226,367,310,618,241,1,0,1,DOWN, ---, ---, ---, ---, ---, ---, ---,4.330708661417323
2,MOUSE, --- ,39,2,19,854,32,3.0,120,UP,475,18.0,true,5557,4581,501,663,313,3,1,1,DOWN, ---, ---, ---, ---, ---, ---, ---,4.330708661417323
2,MOUSE, --- ,40,2,20,854,32,3.0,20,UP,172,18.0,true,1846,784,752,361,701,2,0,1,UP, ---, ---, ---, ---, ---, ---, ---,4.330708661417323
2,MOUSE, --- ,41,3,1,854,32,3.0,220,UP,236,18.0,true,7886,7119,431,369,398,2,0,1,UP, ---, ---, ---, ---, ---, ---, ---,4.330708661417323
2,MOUSE, --- ,42,3,2,854,32,3.0,220,DOWN,833,18.0,true,8402,7280,1664,401,721,3,2,1,DOWN, ---, ---, ---, ---, ---, ---, ---,4.330708661417323
2,MOUSE, --- ,43,3,3,854,32,6.0,120,UP,347,18.0,true,4758,3951,705,216,591,1,1,1,UP, ---, ---, ---, ---, ---, ---, ---,4.330708661417323
2,MOUSE, --- ,44,3,4,854,32,3.0,20,UP,572,18.0,true,1932,718,479,697,517,1,0,1,DOWN, ---, ---, ---, ---, ---, ---, ---,4.330708661417323
2,MOUSE, --- ,45,3,5,854,32,6.0,220,UP,338,18.0,true,9054,8400,430,348,306,0,0,1,UP, ---, ---, ---, ---, ---, ---, ---,4.330708661417323
2,MOUSE, --- ,46,3,6,854,32,3.0,120,UP,270,18.0,true,5866,5346,355,431,89,1,0,1,UP, ---, ---, ---, ---, ---, ---, ---,4.330708661417323
2,MOUSE, --- ,47,3,7,854,32,6.0,170,UP,116,18.0,true,7615,6801,818,369,445,0,0,1,UP, ---, ---, ---, ---, ---, ---, ---,4.330708661417323
2,MOUSE, --- ,48,3,8,854,32,6.0,20,UP,676,18.0,true,1830,912,593,376,542,1,1,1,DOWN, ---, ---, ---, ---, ---, ---, ---,4.330708661417323
2,MOUSE, --- ,49,3,9,854,32,3.0,170,UP,29,18.0,true,6344,5456,844,378,510,1,0,1,UP, ---, ---, ---, ---, ---, ---, ---,4.330708661417323
2,MOUSE, --- ,50,3,10,854,32,6.0,70,DOWN,741,18.0,true,3818,3056,800,145,617,1,1,1,DOWN, ---, ---, ---, ---, ---, ---, ---,4.330708661417323
2,MOUSE, --- ,51,3,11,854,32,6.0,20,DOWN,667,18.0,true,1294,751,720,203,340,1,1,1,DOWN, ---, ---, ---, ---, ---, ---, ---,4.330708661417323
2,MOUSE, --- ,52,3,12,854,32,3.0,20,DOWN,263,18.0,true,2043,1232,1217,426,385,1,1,1,DOWN, ---, ---, ---, ---, ---, ---, ---,4.330708661417323
2,MOUSE, --- ,53,3,13,854,32,3.0,70,DOWN,360,18.0,true,3450,2753,1217,298,399,1,0,1,DOWN, ---, ---, ---, ---, ---, ---, ---,4.330708661417323
2,MOUSE, --- ,54,3,14,854,32,6.0,170,DOWN,615,18.0,true,6537,5886,735,140,511,1,1,1,DOWN, ---, ---, ---, ---, ---, ---, ---,4.330708661417323
2,MOUSE, --- ,55,3,15,854,32,6.0,220,DOWN,675,18.0,true,10429,9710,526,299,420,2,1,1,DOWN, ---, ---, ---, ---, ---, ---, ---,4.330708661417323
2,MOUSE, --- ,56,3,16,854,32,3.0,120,DOWN,738,18.0,true,5139,4623,1249,146,370,1,1,1,DOWN, ---, ---, ---, ---, ---, ---, ---,4.330708661417323
2,MOUSE, --- ,57,3,17,854,32,6.0,120,DOWN,431,18.0,true,5268,4350,399,440,478,1,1,1,DOWN, ---, ---, ---, ---, ---, ---, ---,4.330708661417323
2,MOUSE, --- ,58,3,18,854,32,6.0,70,UP,722,18.0,true,3629,2929,800,171,529,1,1,1,DOWN, ---, ---, ---, ---, ---, ---, ---,4.330708661417323
2,MOUSE, --- ,59,3,19,854,32,3.0,170,DOWN,777,18.0,true,7353,6672,992,276,405,2,0,1,UP, ---, ---, ---, ---, ---, ---, ---,4.330708661417323
2,MOUSE, --- ,60,3,20,854,32,3.0,70,UP,643,18.0,false,3468,2882,834,289,297,4,1,1,DOWN, ---, ---, ---, ---, ---, ---, ---,4.330708661417323
2,MOOSE,Circle3,1,1,1,854,32,3.0,70,UP,507,18.0,true,19963,12256,2912,98,7609,1,1,1,DOWN,1.0,75.5,359.0,681.0,938.0,1080.0,1163.0,4.330708661417323
2,MOOSE,Circle3,2,1,2,854,32,6.0,170,UP,411,18.0,true,17956,16816,1598,278,862,1,1,1,UP,1.0,2.9883952140808105,382.0,695.2946166992188,1048.474853515625,1080.0,1163.0,4.330708661417323
2,MOOSE,Circle3,3,1,3,854,32,3.0,170,UP,559,18.0,false,12727,11518,271,729,480,3,1,2,UP,1.0,240.3241424560547,451.5774841308594,690.7449340820312,982.6956787109375,1080.0,1163.0,4.330708661417323
2,MOOSE,Circle3,4,1,4,854,32,3.0,220,UP,81,18.0,true,15464,14207,1662,427,830,1,0,1,UP,2.0,188.76622009277344,441.0,973.0,792.0,1080.0,1163.0,4.330708661417323
2,MOOSE,Circle3,5,1,5,854,32,3.0,120,UP,317,18.0,true,9974,9232,1728,108,634,1,1,1,DOWN,2.0,176.15835571289062,398.510498046875,981.0,850.96923828125,1080.0,1163.0,4.330708661417323
2,MOOSE,Circle3,6,1,6,854,32,3.0,20,DOWN,751,18.0,false,3554,2287,2223,177,1090,3,2,1,DOWN,2.0,236.0,413.5439147949219,976.434326171875,647.0,1080.0,1163.0,4.330708661417323
2,MOOSE,Circle3,7,1,7,854,32,3.0,20,UP,521,18.0,true,3640,2416,2287,414,810,1,1,1,UP,2.0,234.43898010253906,431.0,975.0,689.5672607421875,1080.0,1163.0,4.330708661417323
2,MOOSE,Circle3,8,1,8,854,32,6.0,220,UP,363,18.0,true,11826,11263,2000,35,528,0,1,1,DOWN,2.0,165.0,400.0,978.0,817.5746459960938,1080.0,1163.0,4.330708661417323
2,MOOSE,Circle3,9,1,9,854,32,6.0,20,DOWN,214,18.0,true,3606,3265,1633,147,194,3,1,1,UP,2.0,233.2083740234375,456.0,992.0,853.4790649414062,1080.0,1163.0,4.330708661417323
2,MOOSE,Circle3,10,1,10,854,32,3.0,170,DOWN,454,18.0,true,12266,12073,4145,147,46,2,2,1,DOWN,2.0,173.7432861328125,437.0,1005.0,951.98828125,1080.0,1163.0,4.330708661417323
2,MOOSE,Circle3,11,1,11,854,32,6.0,20,UP,295,18.0,true,5480,5114,2096,326,40,2,0,2,UP,2.0,144.0,437.0,983.0,888.451416015625,1080.0,1163.0,4.330708661417323
2,MOOSE,Circle3,12,1,12,854,32,6.0,70,DOWN,671,18.0,true,6915,6161,2400,569,185,3,0,1,UP,2.0,214.4755859375,436.0,987.0,920.4579467773438,1080.0,1163.0,4.330708661417323
2,MOOSE,Circle3,13,1,13,854,32,6.0,170,DOWN,264,18.0,true,11875,11437,672,369,69,2,1,1,DOWN,3.0,13.0,355.0,1016.0,1909.0,1080.0,1163.0,4.330708661417323
2,MOOSE,Circle3,14,1,14,854,32,3.0,70,DOWN,625,18.0,true,10227,8815,1248,429,983,2,0,1,DOWN,3.0,10.0,332.46820068359375,1000.0,1910.0,1080.0,1163.0,4.330708661417323
2,MOOSE,Circle3,15,1,15,854,32,6.0,120,UP,133,18.0,true,9120,7935,1201,161,1024,1,1,1,DOWN,3.0,16.0,349.0,1042.0,1909.0,1080.0,1163.0,4.330708661417323
2,MOOSE,Circle3,16,1,16,854,32,6.0,70,UP,487,18.0,true,5109,4063,703,499,547,2,0,1,UP,1.0,366.6776123046875,569.0,579.0,702.0,1080.0,1163.0,4.330708661417323
2,MOOSE,Circle3,17,1,17,854,32,6.0,120,DOWN,808,18.0,true,7082,6384,2144,119,579,0,1,1,DOWN,1.0,374.0,559.2589111328125,658.7330322265625,817.0,1080.0,1163.0,4.330708661417323
2,MOOSE,Circle3,18,1,18,854,32,3.0,120,DOWN,641,18.0,true,11121,9454,5360,500,1167,3,2,1,DOWN,1.0,257.0,524.0,641.0,865.0,1080.0,1163.0,4.330708661417323
2,MOOSE,Circle3,19,1,19,854,32,6.0,220,DOWN,237,18.0,true,11607,10577,2735,126,904,0,1,1,UP,1.0,283.4830322265625,471.3086242675781,689.0,997.2755126953125,1080.0,1163.0,4.330708661417323
2,MOOSE,Circle3,20,1,20,854,32,3.0,220,DOWN,758,18.0,true,10156,8880,1552,434,842,1,1,1,DOWN,1.0,283.2666015625,455.2667541503906,699.0,930.3865356445312,1080.0,1163.0,4.330708661417323
2,MOOSE,Circle3,21,2,1,854,32,6.0,20,DOWN,80,18.0,true,1670,943,704,276,451,3,1,1,DOWN,1.0,314.0,585.0,545.0,820.0,1080.0,1163.0,4.330708661417323
2,MOOSE,Circle3,22,2,2,854,32,6.0,120,UP,203,18.0,true,7538,6769,1585,162,607,2,1,1,DOWN,2.0,21.0,434.0,637.0,1919.0,1080.0,1163.0,4.330708661417323
2,MOOSE,Circle3,23,2,3,854,32,3.0,170,UP,156,18.0,true,9498,9383,2000,70,45,1,0,1,UP,2.0,23.0,435.0,529.0,1919.0,1080.0,1163.0,4.330708661417323
2,MOOSE,Circle3,24,2,4,854,32,3.0,120,UP,495,18.0,false,7824,7200,1471,251,373,3,1,1,UP,1.0,142.0,472.26568603515625,511.7593078613281,868.7520751953125,1080.0,1163.0,4.330708661417323
2,MOOSE,Circle3,25,2,5,854,32,3.0,70,DOWN,91,18.0,false,10557,10491,6944,26,40,-17,1,1,UP,1.0,164.88214111328125,453.0,584.0,854.0,1080.0,1163.0,4.330708661417323
2,MOOSE,Circle3,26,2,6,854,32,6.0,220,UP,74,18.0,true,15771,15423,2992,275,73,1,1,2,UP,1.0,145.3112030029297,329.0,765.7501220703125,1004.4544677734375,1080.0,1163.0,4.330708661417323
2,MOOSE,Circle3,27,2,7,854,32,3.0,70,UP,530,18.0,false,5196,4826,1184,295,75,1,0,1,UP,1.0,404.0,579.2867431640625,756.0,866.0,1080.0,1163.0,4.330708661417323
2,MOOSE,Circle3,28,2,8,854,32,3.0,20,UP,47,18.0,true,3432,2258,1858,547,627,2,1,1,DOWN,1.0,371.0,553.0,683.7129516601562,853.2564086914062,1080.0,1163.0,4.330708661417323
2,MOOSE,Circle3,29,2,9,854,32,6.0,70,UP,372,18.0,true,5681,4929,1344,304,448,1,1,1,DOWN,1.0,352.6927185058594,554.0,688.0,884.733642578125,1080.0,1163.0,4.330708661417323
2,MOOSE,Circle3,30,2,10,854,32,6.0,220,DOWN,566,18.0,true,10731,10033,1438,308,390,1,1,1,UP,1.0,299.5751037597656,590.0,761.4176635742188,1078.0,1080.0,1163.0,4.330708661417323
2,MOOSE,Circle3,31,2,11,854,32,3.0,120,DOWN,145,18.0,true,6232,5642,609,554,36,1,0,1,UP,1.0,380.0,631.0,660.109619140625,860.0,1080.0,1163.0,4.330708661417323
2,MOOSE,Circle3,32,2,12,854,32,3.0,20,DOWN,140,18.0,false,2332,1232,1120,584,516,0,1,1,DOWN,1.0,509.0,695.0,653.0,788.0,1080.0,1163.0,4.330708661417323
2,MOOSE,Circle3,33,2,13,854,32,6.0,170,DOWN,553,18.0,true,7362,6511,750,335,516,1,1,1,DOWN,1.0,462.7336730957031,659.5,640.3134765625,885.4501342773438,1080.0,1163.0,4.330708661417323
2,MOOSE,Circle3,34,2,14,854,32,3.0,170,DOWN,739,18.0,true,9853,6881,2129,83,2889,2,1,1,DOWN,1.0,244.23643493652344,476.0781555175781,568.0,800.0,1080.0,1163.0,4.330708661417323
2,MOOSE,Circle3,35,2,15,854,32,6.0,20,UP,365,18.0,false,2843,2160,1055,141,542,7,1,1,DOWN,1.0,227.0,510.0,570.6952514648438,735.0,1080.0,1163.0,4.330708661417323
2,MOOSE,Circle3,36,2,16,854,32,6.0,120,DOWN,736,18.0,true,8091,7345,481,443,303,3,1,1,UP,1.0,272.5,543.7173461914062,506.0,775.0,1080.0,1163.0,4.330708661417323
2,MOOSE,Circle3,37,2,17,854,32,6.0,70,DOWN,182,18.0,true,5881,5376,1296,471,34,3,1,1,UP,1.0,221.0,501.0,651.7462768554688,994.0,1080.0,1163.0,4.330708661417323
2,MOOSE,Circle3,38,2,18,854,32,3.0,220,UP,289,18.0,true,12929,12335,1710,286,308,1,1,2,DOWN,1.0,201.73431396484375,457.0,660.0,912.4635620117188,1080.0,1163.0,4.330708661417323
2,MOOSE,Circle3,39,2,19,854,32,3.0,220,DOWN,547,18.0,false,10673,9873,2415,206,594,0,1,1,DOWN,1.0,192.72145080566406,578.0,573.0,906.0,1080.0,1163.0,4.330708661417323
2,MOOSE,Circle3,40,2,20,854,32,6.0,170,UP,427,18.0,true,10023,8912,527,481,630,2,1,1,UP,2.0,35.0,433.0,966.0,1919.0,1080.0,1163.0,4.330708661417323
2,MOOSE,Circle3,41,3,1,854,32,6.0,120,UP,271,18.0,true,6639,5344,1518,160,1135,0,1,1,UP,3.0,19.0,383.0,964.0,1919.0,1080.0,1163.0,4.330708661417323
2,MOOSE,Circle3,42,3,2,854,32,6.0,220,DOWN,245,18.0,true,11035,9857,528,306,872,0,1,1,UP,3.0,19.0,452.1536560058594,950.0,1919.0,1080.0,1163.0,4.330708661417323
2,MOOSE,Circle3,43,3,3,854,32,6.0,20,UP,798,18.0,true,1873,401,272,418,1054,0,0,1,UP,2.0,28.0,513.0,481.0,1918.0,1080.0,1163.0,4.330708661417323
2,MOOSE,Circle3,44,3,4,854,32,6.0,70,DOWN,806,18.0,true,4043,3409,992,264,370,2,1,1,UP,2.0,27.0,529.389404296875,528.0,1917.0,1080.0,1163.0,4.330708661417323
2,MOOSE,Circle3,45,3,5,854,32,3.0,120,UP,306,18.0,true,5647,5104,1375,116,427,1,1,1,DOWN,2.0,227.3815155029297,481.6106262207031,518.0,791.614501953125,1080.0,1163.0,4.330708661417323
2,MOOSE,Circle3,46,3,6,854,32,3.0,120,DOWN,799,18.0,true,6294,6203,1984,20,71,2,1,1,UP,2.0,244.3852081298828,573.429931640625,438.3826599121094,862.0,1080.0,1163.0,4.330708661417323
2,MOOSE,Circle3,47,3,7,854,32,3.0,220,UP,567,18.0,false,15628,14688,4847,405,535,0,0,1,DOWN,2.0,32.0,392.0,519.0,1913.0,1080.0,1163.0,4.330708661417323
2,MOOSE,Circle3,48,3,8,854,32,3.0,70,DOWN,786,18.0,true,5318,4304,1567,490,524,1,1,1,UP,1.0,289.28277587890625,542.2861328125,551.7398071289062,858.0,1080.0,1163.0,4.330708661417323
2,MOOSE,Circle3,49,3,9,854,32,3.0,20,DOWN,542,18.0,true,2223,1328,977,395,500,1,1,1,UP,1.0,381.2835998535156,623.302001953125,561.0,840.660888671875,1080.0,1163.0,4.330708661417323
2,MOOSE,Circle3,50,3,10,854,32,6.0,220,UP,172,18.0,true,9695,9393,1216,23,279,0,1,1,DOWN,1.0,222.0,506.5398254394531,566.7198486328125,861.0,1080.0,1163.0,4.330708661417323
2,MOOSE,Circle3,51,3,11,854,32,3.0,170,UP,82,18.0,true,6632,5839,1568,309,484,2,1,1,DOWN,1.0,217.0,551.1251220703125,474.2821044921875,938.3931274414062,1080.0,1163.0,4.330708661417323
2,MOOSE,Circle3,52,3,12,854,32,3.0,20,UP,163,18.0,false,2551,2129,1360,29,393,1,0,1,UP,1.0,236.68234252929688,613.7301025390625,468.692138671875,820.0,1080.0,1163.0,4.330708661417323
2,MOOSE,Circle3,53,3,13,854,32,3.0,70,UP,430,18.0,true,3733,2417,817,507,809,1,0,1,UP,1.0,203.460693359375,656.2705688476562,363.48443603515625,876.5565795898438,1080.0,1163.0,4.330708661417323
2,MOOSE,Circle3,54,3,14,854,32,3.0,170,DOWN,466,18.0,false,8336,7713,1072,191,432,1,1,1,UP,1.0,166.92184448242188,560.263916015625,487.2252502441406,929.7493286132812,1080.0,1163.0,4.330708661417323
2,MOOSE,Circle3,55,3,15,854,32,6.0,70,UP,295,18.0,true,4142,3425,1072,143,574,0,1,1,DOWN,1.0,248.0,618.0,487.72698974609375,811.534423828125,1080.0,1163.0,4.330708661417323
2,MOOSE,Circle3,56,3,16,854,32,6.0,170,UP,62,18.0,true,7152,6367,1425,182,603,0,1,1,UP,1.0,135.0,536.0,406.0,834.87060546875,1080.0,1163.0,4.330708661417323
2,MOOSE,Circle3,57,3,17,854,32,6.0,120,DOWN,677,18.0,true,5250,4255,319,412,583,4,0,1,UP,1.0,180.2880401611328,544.0,460.0,929.5291748046875,1080.0,1163.0,4.330708661417323
2,MOOSE,Circle3,58,3,18,854,32,6.0,170,DOWN,339,18.0,true,8288,7776,3601,65,447,3,2,1,DOWN,2.0,34.0,513.9072265625,577.7215576171875,1912.0,1080.0,1163.0,4.330708661417323
2,MOOSE,Circle3,59,3,19,854,32,6.0,20,DOWN,394,18.0,true,2901,2111,1984,125,665,2,1,1,DOWN,1.0,337.3240966796875,627.2972412109375,584.0,936.0,1080.0,1163.0,4.330708661417323
2,MOOSE,Circle3,60,3,20,854,32,3.0,220,DOWN,477,18.0,true,10110,9749,3456,322,39,2,2,1,UP,2.0,28.0,518.0,617.64208984375,1916.0,1080.0,1163.0,4.330708661417323
2,MOOSE,ScrollWheel,1,1,1,854,32,3.0,170,UP,555,18.0,true,10988,9935,2863,135,918,3,3,1,UP,1.0,145.0,534.0,488.0,665.0,1080.0,1163.0,4.330708661417323
2,MOOSE,ScrollWheel,2,1,2,854,32,3.0,220,DOWN,295,18.0,false,15809,14369,624,727,713,0,1,1,UP,2.0,25.0,249.0,515.5126342773438,1908.0,1080.0,1163.0,4.330708661417323
2,MOOSE,ScrollWheel,3,1,3,854,32,3.0,120,UP,375,18.0,true,8752,6969,2137,359,1424,1,2,1,UP,0.0,10000.0,10000.0,0.0,0.0,1080.0,1163.0,4.330708661417323
2,MOOSE,ScrollWheel,4,1,4,854,32,6.0,170,DOWN,205,18.0,true,8908,8080,593,245,583,1,1,1,DOWN,0.0,10000.0,10000.0,0.0,0.0,1080.0,1163.0,4.330708661417323
2,MOOSE,ScrollWheel,5,1,5,854,32,3.0,70,UP,715,18.0,true,5046,4431,1311,81,534,3,1,1,DOWN,0.0,10000.0,10000.0,0.0,0.0,1080.0,1163.0,4.330708661417323
2,MOOSE,ScrollWheel,6,1,6,854,32,3.0,20,UP,620,18.0,false,3220,2447,2336,118,655,4,1,1,UP,0.0,10000.0,10000.0,0.0,0.0,1080.0,1163.0,4.330708661417323
2,MOOSE,ScrollWheel,7,1,7,854,32,6.0,20,DOWN,675,18.0,true,3558,2319,2224,418,821,0,1,1,DOWN,0.0,10000.0,10000.0,0.0,0.0,1080.0,1163.0,4.330708661417323
2,MOOSE,ScrollWheel,8,1,8,854,32,3.0,20,DOWN,294,18.0,true,3550,3069,2248,441,40,1,1,1,UP,0.0,10000.0,10000.0,0.0,0.0,1080.0,1163.0,4.330708661417323
2,MOOSE,ScrollWheel,9,1,9,854,32,3.0,120,DOWN,470,18.0,true,6838,5569,757,464,805,1,1,1,DOWN,0.0,10000.0,10000.0,0.0,0.0,1080.0,1163.0,4.330708661417323
2,MOOSE,ScrollWheel,10,1,10,854,32,6.0,220,UP,74,18.0,true,12517,11535,2605,170,812,3,2,1,UP,0.0,10000.0,10000.0,0.0,0.0,1080.0,1163.0,4.330708661417323
2,MOOSE,ScrollWheel,11,1,11,854,32,3.0,170,DOWN,430,18.0,true,10722,9666,2544,423,633,1,1,1,UP,0.0,10000.0,10000.0,0.0,0.0,1080.0,1163.0,4.330708661417323
2,MOOSE,ScrollWheel,12,1,12,854,32,3.0,70,DOWN,790,18.0,false,4759,3583,677,472,704,3,0,1,UP,0.0,10000.0,10000.0,0.0,0.0,1080.0,1163.0,4.330708661417323
2,MOOSE,ScrollWheel,13,1,13,854,32,6.0,20,UP,696,18.0,true,2217,1232,736,211,774,4,1,1,UP,0.0,10000.0,10000.0,0.0,0.0,1080.0,1163.0,4.330708661417323
2,MOOSE,ScrollWheel,14,1,14,854,32,6.0,120,UP,67,18.0,true,6669,5632,1087,249,788,2,1,1,UP,0.0,10000.0,10000.0,0.0,0.0,1080.0,1163.0,4.330708661417323
2,MOOSE,ScrollWheel,15,1,15,854,32,6.0,70,DOWN,108,18.0,true,5439,4304,1816,367,768,1,1,1,DOWN,0.0,10000.0,10000.0,0.0,0.0,1080.0,1163.0,4.330708661417323
2,MOOSE,ScrollWheel,16,1,16,854,32,3.0,220,UP,372,18.0,true,15972,14800,555,351,821,2,0,1,DOWN,1.0,636.7898559570312,223.37893676757812,720.0,626.534423828125,1080.0,1163.0,4.330708661417323
2,MOOSE,ScrollWheel,17,1,17,854,32,6.0,220,DOWN,699,18.0,true,9275,8433,578,238,604,2,1,1,DOWN,0.0,10000.0,10000.0,0.0,0.0,1080.0,1163.0,4.330708661417323
2,MOOSE,ScrollWheel,18,1,18,854,32,6.0,70,UP,562,18.0,true,4365,4015,841,311,39,4,1,1,UP,0.0,10000.0,10000.0,0.0,0.0,1080.0,1163.0,4.330708661417323
2,MOOSE,ScrollWheel,19,1,19,854,32,6.0,120,DOWN,669,18.0,true,6566,5807,956,166,593,-1,1,1,UP,0.0,10000.0,10000.0,0.0,0.0,1080.0,1163.0,4.330708661417323
2,MOOSE,ScrollWheel,20,1,20,854,32,6.0,170,UP,580,18.0,true,8518,8177,1070,312,29,1,1,1,UP,1.0,638.3348388671875,178.0,685.0,566.0,1080.0,1163.0,4.330708661417323
2,MOOSE,ScrollWheel,21,2,1,854,32,6.0,220,UP,555,18.0,true,11837,10527,687,311,999,3,1,1,DOWN,1.0,662.0,493.0,714.0,1095.0,1080.0,1163.0,4.330708661417323
2,MOOSE,ScrollWheel,22,2,2,854,32,3.0,220,DOWN,630,18.0,false,7921,6657,1071,699,565,0,1,1,DOWN,0.0,10000.0,10000.0,0.0,0.0,1080.0,1163.0,4.330708661417323
2,MOOSE,ScrollWheel,23,2,3,854,32,3.0,170,UP,445,18.0,true,9088,7872,1135,358,858,1,0,1,UP,1.0,695.4769287109375,195.0,752.0,791.0,1080.0,1163.0,4.330708661417323
2,MOOSE,ScrollWheel,24,2,4,854,32,3.0,20,UP,169,18.0,true,2406,1185,1082,450,771,2,0,1,UP,0.0,10000.0,10000.0,0.0,0.0,1080.0,1163.0,4.330708661417323
2,MOOSE,ScrollWheel,25,2,5,854,32,3.0,20,DOWN,528,18.0,true,3468,2321,2207,444,703,2,1,1,DOWN,0.0,10000.0,10000.0,0.0,0.0,1080.0,1163.0,4.330708661417323
2,MOOSE,ScrollWheel,26,2,6,854,32,6.0,170,DOWN,769,18.0,true,8948,7696,860,642,610,-1,1,1,DOWN,0.0,10000.0,10000.0,0.0,0.0,1080.0,1163.0,4.330708661417323
2,MOOSE,ScrollWheel,27,2,7,854,32,6.0,70,DOWN,139,18.0,false,8337,7378,2778,208,751,-2,1,1,UP,0.0,10000.0,10000.0,0.0,0.0,1080.0,1163.0,4.330708661417323
2,MOOSE,ScrollWheel,28,2,8,854,32,3.0,120,UP,242,18.0,true,8210,7168,833,396,646,1,0,1,UP,0.0,10000.0,10000.0,0.0,0.0,1080.0,1163.0,4.330708661417323
2,MOOSE,ScrollWheel,29,2,9,854,32,6.0,20,UP,241,18.0,true,1757,943,848,179,635,2,1,1,UP,0.0,10000.0,10000.0,0.0,0.0,1080.0,1163.0,4.330708661417323
2,MOOSE,ScrollWheel,30,2,10,854,32,6.0,220,DOWN,409,18.0,true,7672,6864,319,306,502,2,1,1,DOWN,1.0,648.0,228.0,772.0,988.0,1080.0,1163.0,4.330708661417323
2,MOOSE,ScrollWheel,31,2,11,854,32,3.0,170,DOWN,806,18.0,true,6327,5232,598,487,608,1,1,1,DOWN,0.0,10000.0,10000.0,0.0,0.0,1080.0,1163.0,4.330708661417323
2,MOOSE,ScrollWheel,32,2,12,854,32,6.0,20,DOWN,289,18.0,true,1669,1436,864,198,35,1,1,1,UP,0.0,10000.0,10000.0,0.0,0.0,1080.0,1163.0,4.330708661417323
2,MOOSE,ScrollWheel,33,2,13,854,32,3.0,70,DOWN,253,18.0,true,6224,5424,3328,252,548,3,2,1,DOWN,0.0,10000.0,10000.0,0.0,0.0,1080.0,1163.0,4.330708661417323
2,MOOSE,ScrollWheel,34,2,14,854,32,6.0,70,UP,319,18.0,true,4166,2897,641,477,792,-1,0,1,UP,0.0,10000.0,10000.0,0.0,0.0,1080.0,1163.0,4.330708661417323
2,MOOSE,ScrollWheel,35,2,15,854,32,6.0,120,DOWN,491,18.0,true,5546,4561,587,322,663,3,1,1,DOWN,0.0,10000.0,10000.0,0.0,0.0,1080.0,1163.0,4.330708661417323
2,MOOSE,ScrollWheel,36,2,16,854,32,3.0,120,DOWN,364,18.0,true,3562,2590,46,935,37,1,0,1,UP,1.0,621.0,330.0,706.0,1031.0,1080.0,1163.0,4.330708661417323
2,MOOSE,ScrollWheel,37,2,17,854,32,6.0,170,UP,570,18.0,true,11741,10480,1874,433,828,3,1,1,DOWN,0.0,10000.0,10000.0,0.0,0.0,1080.0,1163.0,4.330708661417323
2,MOOSE,ScrollWheel,38,2,18,854,32,3.0,70,UP,687,18.0,true,4285,3248,657,518,519,3,1,1,DOWN,0.0,10000.0,10000.0,0.0,0.0,1080.0,1163.0,4.330708661417323
2,MOOSE,ScrollWheel,39,2,19,854,32,3.0,220,UP,75,18.0,false,6736,5928,0,51,757,-88,0,0,UP,0.0,10000.0,10000.0,0.0,0.0,1080.0,1163.0,4.330708661417323
2,MOOSE,ScrollWheel,40,2,20,854,32,6.0,120,UP,377,18.0,true,7443,6925,1057,237,281,3,1,1,UP,0.0,10000.0,10000.0,0.0,0.0,1080.0,1163.0,4.330708661417323
2,MOOSE,ScrollWheel,41,3,1,854,32,6.0,220,UP,550,18.0,true,8813,7745,579,288,780,2,1,1,UP,0.0,10000.0,10000.0,0.0,0.0,1080.0,1163.0,4.330708661417323
2,MOOSE,ScrollWheel,42,3,2,854,32,3.0,220,DOWN,831,18.0,false,7684,6654,887,354,676,1,1,1,DOWN,0.0,10000.0,10000.0,0.0,0.0,1080.0,1163.0,4.330708661417323
2,MOOSE,ScrollWheel,43,3,3,854,32,3.0,70,UP,145,18.0,true,8719,7567,4863,422,730,2,1,1,UP,0.0,10000.0,10000.0,0.0,0.0,1080.0,1163.0,4.330708661417323
2,MOOSE,ScrollWheel,44,3,4,854,32,3.0,20,DOWN,259,18.0,false,3982,3104,3008,216,662,3,2,1,DOWN,0.0,10000.0,10000.0,0.0,0.0,1080.0,1163.0,4.330708661417323
2,MOOSE,ScrollWheel,45,3,5,854,32,3.0,120,UP,292,18.0,true,8863,7745,1824,415,703,3,1,1,DOWN,0.0,10000.0,10000.0,0.0,0.0,1080.0,1163.0,4.330708661417323
2,MOOSE,ScrollWheel,46,3,6,854,32,3.0,20,UP,359,18.0,true,3821,3119,2511,313,389,1,2,1,DOWN,0.0,10000.0,10000.0,0.0,0.0,1080.0,1163.0,4.330708661417323
2,MOOSE,ScrollWheel,47,3,7,854,32,3.0,120,DOWN,625,18.0,true,6569,4895,671,843,831,1,1,1,DOWN,0.0,10000.0,10000.0,0.0,0.0,1080.0,1163.0,4.330708661417323
2,MOOSE,ScrollWheel,48,3,8,854,32,6.0,220,DOWN,412,18.0,false,17234,16400,0,90,744,44,0,0,DOWN,1.0,1023.0,253.0,1027.0,254.0,1080.0,1163.0,4.330708661417323
2,MOOSE,ScrollWheel,49,3,9,854,32,6.0,70,UP,136,18.0,true,6279,5873,785,267,139,2,1,1,DOWN,0.0,10000.0,10000.0,0.0,0.0,1080.0,1163.0,4.330708661417323
2,MOOSE,ScrollWheel,50,3,10,854,32,3.0,70,DOWN,766,18.0,false,4733,3983,1203,87,663,0,1,1,DOWN,0.0,10000.0,10000.0,0.0,0.0,1080.0,1163.0,4.330708661417323
2,MOOSE,ScrollWheel,51,3,11,854,32,3.0,170,DOWN,482,18.0,false,12241,11785,2318,419,37,1,1,1,UP,0.0,10000.0,10000.0,0.0,0.0,1080.0,1163.0,4.330708661417323
2,MOOSE,ScrollWheel,52,3,12,854,32,6.0,170,UP,248,18.0,true,8911,7760,816,255,896,1,1,1,UP,0.0,10000.0,10000.0,0.0,0.0,1080.0,1163.0,4.330708661417323
2,MOOSE,ScrollWheel,53,3,13,854,32,3.0,220,UP,487,18.0,false,13090,11729,1505,123,1238,3,1,1,UP,1.0,20.0,1919.0,45.0,1919.0,1080.0,1163.0,4.330708661417323
2,MOOSE,ScrollWheel,54,3,14,854,32,6.0,170,DOWN,327,18.0,false,9733,8768,801,119,846,-1,1,1,DOWN,0.0,10000.0,10000.0,0.0,0.0,1080.0,1163.0,4.330708661417323
2,MOOSE,ScrollWheel,55,3,15,854,32,6.0,20,DOWN,446,18.0,true,1818,736,625,322,760,3,0,1,DOWN,0.0,10000.0,10000.0,0.0,0.0,1080.0,1163.0,4.330708661417323
2,MOOSE,ScrollWheel,56,3,16,854,32,6.0,120,DOWN,604,18.0,true,5239,4785,1137,33,421,0,1,1,DOWN,0.0,10000.0,10000.0,0.0,0.0,1080.0,1163.0,4.330708661417323
2,MOOSE,ScrollWheel,57,3,17,854,32,6.0,20,UP,449,18.0,true,2576,1632,1199,158,786,4,1,1,UP,0.0,10000.0,10000.0,0.0,0.0,1080.0,1163.0,4.330708661417323
2,MOOSE,ScrollWheel,58,3,18,854,32,6.0,70,DOWN,245,18.0,true,3891,2912,960,249,730,1,1,1,DOWN,0.0,10000.0,10000.0,0.0,0.0,1080.0,1163.0,4.330708661417323
2,MOOSE,ScrollWheel,59,3,19,854,32,3.0,170,UP,365,18.0,false,12633,11585,1276,468,580,3,1,1,DOWN,1.0,654.5054931640625,128.0,764.0,665.0,1080.0,1163.0,4.330708661417323
2,MOOSE,ScrollWheel,60,3,20,854,32,6.0,120,UP,14,18.0,true,8195,7024,1471,378,793,-1,1,1,UP,0.0,10000.0,10000.0,0.0,0.0,1080.0,1163.0,4.330708661417323
