ID, Device, Mode, ExpPart, Round, Trial, Block, Trial in Block, Text Length (lines), Visible Lines, Frame Height, Distance, Direction, Target Line, Line Height, Hit, T_Trial, T_Scroll, T_FineTune, T_Select, T_StartScrolling, errorDistance(lines), inFrameCount, visibleCount, Start direction, Finger count, FP_X-MIN, FP_Y-MIN, FP_X-MAX, FP_Y-MAX, ScrollareaX, ScrollareaY, Px_mm
17,MOOSE,iOS,1,1,1,1,1,854,32,6.0,50,DOWN,727,18.0,true,6030,3855,2125,27,2148,-1,2,1,UP,1.0,232.0,482.0,1079.0,1010.0,1080.0,1661.0,4.331,
17,MOOSE,iOS,1,1,2,1,2,854,32,3.0,200,UP,70,18.0,true,4534,3665,1318,293,576,0,1,1,UP,1.0,385.414,563.0,514.0,1005.0,1080.0,1661.0,4.331,
17,MOOSE,iOS,1,1,3,1,3,854,32,6.0,100,UP,162,18.0,true,5059,3983,479,367,709,0,2,2,UP,1.0,324.0,491.0,492.0,1089.0,1080.0,1661.0,4.331,
17,MOOSE,iOS,1,1,4,1,4,854,32,3.0,100,UP,719,18.0,true,5249,4127,2217,584,538,-1,0,1,DOWN,1.0,394.0,502.0,511.0,1061.0,1080.0,1661.0,4.331,
17,MOOSE,iOS,1,1,5,1,5,854,32,6.0,200,DOWN,308,18.0,true,6551,5712,2288,43,796,0,1,2,DOWN,1.0,368.0,504.0,535.0,1052.0,1080.0,1661.0,4.331,
17,MOOSE,iOS,1,1,6,1,6,854,32,3.0,50,DOWN,583,18.0,true,3880,3167,1663,14,699,0,1,1,DOWN,1.0,391.0,536.0,495.455,1167.0,1080.0,1661.0,4.331,
17,MOOSE,iOS,1,1,7,1,7,854,32,3.0,300,UP,203,18.0,true,7216,6415,2300,16,785,-1,1,1,DOWN,1.0,391.0,593.0,518.0,1100.0,1080.0,1661.0,4.331,
17,MOOSE,iOS,1,1,8,1,8,854,32,6.0,300,DOWN,535,18.0,true,6338,5296,715,323,719,2,1,1,DOWN,1.0,410.0,557.0,564.0,1061.0,1080.0,1661.0,4.331,
17,MOOSE,iOS,1,1,9,2,1,854,32,3.0,200,DOWN,268,18.0,true,5852,4882,1929,73,897,0,3,3,DOWN,1.0,246.0,519.0,525.0,1068.0,1080.0,1661.0,4.331,
17,MOOSE,iOS,1,1,10,2,2,854,32,6.0,50,UP,495,18.0,true,3874,2991,1709,59,824,0,2,1,DOWN,1.0,392.0,582.0,527.0,1159.0,1080.0,1661.0,4.331,
17,MOOSE,iOS,1,1,11,2,3,854,32,6.0,100,DOWN,809,18.0,true,3250,2272,974,52,926,0,2,1,DOWN,1.0,372.0,641.0,529.0,1067.0,1080.0,1661.0,4.331,
17,MOOSE,iOS,1,1,12,2,4,854,32,3.0,300,DOWN,584,18.0,true,5244,4257,1294,393,594,0,1,1,DOWN,1.0,359.0,647.0,527.0,1116.0,1080.0,1661.0,4.331,
17,MOOSE,iOS,1,1,13,2,5,854,32,6.0,300,UP,193,18.0,true,6251,4832,1360,370,1049,1,2,2,UP,1.0,332.0,583.0,550.0,1270.0,1080.0,1661.0,4.331,
17,MOOSE,iOS,1,1,14,2,6,854,32,3.0,50,UP,81,18.0,true,3811,2976,1918,72,763,0,1,1,UP,1.0,415.0,660.0,543.0,1100.0,1080.0,1661.0,4.331,
17,MOOSE,iOS,1,1,15,2,7,854,32,3.0,100,DOWN,518,18.0,true,5045,4064,2000,27,954,0,1,1,DOWN,1.0,346.0,640.0,558.0,1239.0,1080.0,1661.0,4.331,
17,MOOSE,iOS,1,1,16,2,8,854,32,6.0,200,UP,586,18.0,true,4251,4163,1210,48,40,0,2,1,DOWN,1.0,409.0,543.0,562.0,1099.0,1080.0,1661.0,4.331,
17,MOOSE,iOS,1,1,17,3,1,854,32,3.0,50,UP,521,18.0,true,4398,3153,1918,70,1175,0,1,1,UP,1.0,292.0,580.0,494.0,1053.0,1080.0,1661.0,4.331,
17,MOOSE,iOS,1,1,18,3,2,854,32,6.0,50,DOWN,628,18.0,true,3285,2623,1327,12,650,0,1,1,DOWN,1.0,323.732,601.0,503.0,1183.0,1080.0,1661.0,4.331,
17,MOOSE,iOS,1,1,19,3,3,854,32,3.0,200,UP,430,18.0,true,3964,2688,157,552,724,0,1,1,DOWN,1.0,401.0,646.0,492.0,1060.0,1080.0,1661.0,4.331,
17,MOOSE,iOS,1,1,20,3,4,854,32,6.0,100,UP,671,18.0,true,3628,2832,988,31,765,1,2,1,UP,1.0,413.506,552.0,545.0,1034.0,1080.0,1661.0,4.331,
17,MOOSE,iOS,1,1,21,3,5,854,32,6.0,200,DOWN,297,18.0,true,5650,5499,2047,99,52,-1,3,3,UP,1.0,348.0,529.0,569.0,1139.0,1080.0,1661.0,4.331,
17,MOOSE,iOS,1,1,22,3,6,854,32,6.0,300,DOWN,745,18.0,true,4223,3456,1398,11,756,1,1,1,DOWN,1.0,328.0,585.0,518.0,1184.0,1080.0,1661.0,4.331,
17,MOOSE,iOS,1,1,23,3,7,854,32,3.0,100,UP,59,18.0,true,4909,4033,1435,32,844,0,1,1,UP,1.0,367.421,525.0,483.0,1083.0,1080.0,1661.0,4.331,
17,MOOSE,iOS,1,1,24,3,8,854,32,3.0,300,DOWN,793,18.0,true,4946,4749,1930,154,43,0,1,1,UP,1.0,364.0,534.0,525.0,1129.0,1080.0,1661.0,4.331,
17,MOOSE,iOS,1,1,25,4,1,854,32,3.0,300,UP,326,18.0,true,6901,5632,1504,327,942,0,1,1,UP,1.0,269.0,481.0,599.0,1185.0,1080.0,1661.0,4.331,
17,MOOSE,iOS,1,1,26,4,2,854,32,6.0,50,UP,417,18.0,true,3704,3105,1631,18,581,0,1,1,UP,1.0,352.0,479.0,516.0,1029.0,1080.0,1661.0,4.331,
17,MOOSE,iOS,1,1,27,4,3,854,32,3.0,100,DOWN,796,18.0,true,3430,3303,1342,71,56,0,1,1,UP,1.0,392.0,536.0,617.0,1112.0,1080.0,1661.0,4.331,
17,MOOSE,iOS,1,1,28,4,4,854,32,3.0,50,DOWN,662,18.0,true,3259,2482,1583,130,647,0,2,1,DOWN,1.0,433.0,662.0,593.0,1244.0,1080.0,1661.0,4.331,
17,MOOSE,iOS,1,1,29,4,5,854,32,6.0,300,UP,318,18.0,true,8317,7472,2461,353,492,-2,3,1,UP,1.0,412.0,535.0,658.0,1253.0,1080.0,1661.0,4.331,
17,MOOSE,iOS,1,1,30,4,6,854,32,6.0,200,UP,162,18.0,true,12060,10640,1409,134,1286,0,4,4,UP,1.0,364.0,467.0,765.0,1152.0,1080.0,1661.0,4.331,
17,MOOSE,iOS,1,1,31,4,7,854,32,6.0,100,DOWN,559,18.0,true,3372,2624,1194,237,511,-1,2,1,UP,1.0,439.0,481.0,589.0,1037.0,1080.0,1661.0,4.331,
17,MOOSE,iOS,1,1,32,4,8,854,32,3.0,200,DOWN,543,18.0,true,4568,3647,970,239,682,0,2,2,DOWN,1.0,316.0,620.0,555.0,1322.0,1080.0,1661.0,4.331,
17,MOOSE,iOS,1,2,1,1,1,854,32,6.0,300,DOWN,538,18.0,true,4678,3743,1184,259,676,0,1,1,DOWN,1.0,239.0,593.0,426.0,1052.0,1080.0,1661.0,4.331,
17,MOOSE,iOS,1,2,2,1,2,854,32,3.0,200,UP,190,18.0,true,6219,5326,1598,295,598,0,1,1,UP,1.0,248.0,473.5,428.0,1240.0,1080.0,1661.0,4.331,
17,MOOSE,iOS,1,2,3,1,3,854,32,3.0,50,UP,491,18.0,true,4811,4063,2367,201,547,0,1,1,DOWN,1.0,264.0,432.0,428.0,1108.0,1080.0,1661.0,4.331,
17,MOOSE,iOS,1,2,4,1,4,854,32,3.0,300,DOWN,820,18.0,true,5421,4735,1296,96,590,0,4,2,DOWN,1.0,251.0,517.0,444.0,1192.0,1080.0,1661.0,4.331,
17,MOOSE,iOS,1,2,5,1,5,854,32,3.0,100,UP,481,18.0,true,3918,3848,1019,21,49,0,1,1,UP,1.0,340.0,470.0,491.0,1205.0,1080.0,1661.0,4.331,
17,MOOSE,iOS,1,2,6,1,6,854,32,6.0,100,UP,480,18.0,true,4685,3793,1950,307,585,0,2,1,UP,1.0,320.0,583.0,514.0,1287.5,1080.0,1661.0,4.331,
17,MOOSE,iOS,1,2,7,1,7,854,32,6.0,200,DOWN,272,18.0,true,5361,5191,1488,126,44,0,1,1,UP,1.0,279.0,678.0,435.0,1329.0,1080.0,1661.0,4.331,
17,MOOSE,iOS,1,2,8,1,8,854,32,6.0,50,DOWN,449,18.0,true,2879,2287,1663,13,579,0,1,1,DOWN,1.0,291.5,749.0,411.0,1235.0,1080.0,1661.0,4.331,
17,MOOSE,iOS,1,2,9,2,1,854,32,3.0,300,UP,408,18.0,true,5822,4080,1504,328,1414,0,1,1,UP,1.0,274.0,461.0,523.0,1096.0,1080.0,1661.0,4.331,
17,MOOSE,iOS,1,2,10,2,2,854,32,3.0,50,DOWN,175,18.0,true,3636,2544,1821,122,970,0,1,1,DOWN,1.0,320.5,503.0,522.0,1118.5,1080.0,1661.0,4.331,
17,MOOSE,iOS,1,2,11,2,3,854,32,6.0,100,DOWN,175,18.0,true,3163,2464,958,74,625,2,1,1,DOWN,1.0,326.0,514.0,488.0,1141.0,1080.0,1661.0,4.331,
17,MOOSE,iOS,1,2,12,2,4,854,32,3.0,100,DOWN,477,18.0,true,3872,3232,1466,115,525,0,2,1,DOWN,1.0,382.0,539.5,519.0,1100.0,1080.0,1661.0,4.331,
17,MOOSE,iOS,1,2,13,2,5,854,32,6.0,300,UP,256,18.0,true,8895,8193,1425,64,638,0,3,4,DOWN,1.0,275.0,483.0,593.0,1371.5,1080.0,1661.0,4.331,
17,MOOSE,iOS,1,2,14,2,6,854,32,6.0,200,UP,294,18.0,true,5468,4560,1185,39,869,0,1,1,UP,1.0,386.46,465.0,523.0,1031.0,1080.0,1661.0,4.331,
17,MOOSE,iOS,1,2,15,2,7,854,32,3.0,200,DOWN,347,18.0,true,5351,4354,1969,18,979,0,1,2,DOWN,1.0,364.0,542.0,585.0,1216.0,1080.0,1661.0,4.331,
17,MOOSE,iOS,1,2,16,2,8,854,32,6.0,50,UP,702,18.0,true,3172,2463,845,72,637,0,1,1,DOWN,1.0,419.0,543.0,536.0,1053.0,1080.0,1661.0,4.331,
17,MOOSE,iOS,1,2,17,3,1,854,32,6.0,100,DOWN,315,18.0,true,3516,2623,765,36,857,-1,2,2,DOWN,1.0,282.0,587.0,509.0,1003.0,1080.0,1661.0,4.331,
17,MOOSE,iOS,1,2,18,3,2,854,32,3.0,200,UP,49,18.0,true,6615,5631,1423,357,627,-1,1,1,UP,1.0,366.0,571.5,507.0,1128.0,1080.0,1661.0,4.331,
17,MOOSE,iOS,1,2,19,3,3,854,32,3.0,100,DOWN,600,18.0,true,3258,2432,1036,230,596,0,2,1,DOWN,1.0,379.0,545.0,534.0,1081.0,1080.0,1661.0,4.331,
17,MOOSE,iOS,1,2,20,3,4,854,32,3.0,300,UP,176,18.0,true,5483,4290,1536,218,975,0,1,1,UP,1.0,370.0,629.0,570.0,1177.0,1080.0,1661.0,4.331,
17,MOOSE,iOS,1,2,21,3,5,854,32,6.0,50,DOWN,107,18.0,true,2336,1697,1134,31,608,0,1,1,DOWN,1.0,370.0,540.0,563.0,1177.0,1080.0,1661.0,4.331,
17,MOOSE,iOS,1,2,22,3,6,854,32,6.0,300,UP,488,18.0,true,7051,6350,1355,57,644,0,1,1,DOWN,1.0,429.0,572.0,600.0,1111.0,1080.0,1661.0,4.331,
17,MOOSE,iOS,1,2,23,3,7,854,32,6.0,200,UP,305,18.0,true,4712,4017,1488,47,648,0,1,1,DOWN,1.0,458.417,520.0,607.0,1107.0,1080.0,1661.0,4.331,
17,MOOSE,iOS,1,2,24,3,8,854,32,3.0,50,DOWN,308,18.0,true,2883,2320,1517,43,520,0,2,1,DOWN,1.0,485.0,481.0,633.0,995.0,1080.0,1661.0,4.331,
17,MOOSE,iOS,1,2,25,4,1,854,32,6.0,50,UP,227,18.0,true,3930,2897,1422,32,1001,0,1,1,UP,1.0,311.0,514.0,558.0,1042.0,1080.0,1661.0,4.331,
17,MOOSE,iOS,1,2,26,4,2,854,32,3.0,100,UP,503,18.0,true,4235,4038,1226,151,46,1,2,1,UP,1.0,382.964,641.0,554.0,1156.5,1080.0,1661.0,4.331,
17,MOOSE,iOS,1,2,27,4,3,854,32,6.0,100,UP,568,18.0,true,4775,4033,1646,11,731,-1,1,1,UP,1.0,410.0,479.0,602.0,1156.5,1080.0,1661.0,4.331,
17,MOOSE,iOS,1,2,28,4,4,854,32,3.0,300,DOWN,819,18.0,true,4749,3968,2074,75,706,0,1,1,DOWN,1.0,451.0,533.0,635.0,1099.0,1080.0,1661.0,4.331,
17,MOOSE,iOS,1,2,29,4,5,854,32,3.0,50,UP,662,18.0,true,3470,2575,1211,46,849,0,2,1,UP,1.0,429.0,671.0,538.0,1124.0,1080.0,1661.0,4.331,
17,MOOSE,iOS,1,2,30,4,6,854,32,6.0,200,DOWN,659,18.0,true,4763,4675,1328,45,43,0,1,1,UP,1.0,381.5,608.0,571.0,1293.5,1080.0,1661.0,4.331,
17,MOOSE,iOS,1,2,31,4,7,854,32,6.0,300,DOWN,334,18.0,true,4679,4616,1407,11,52,0,2,2,UP,1.0,380.0,595.0,575.0,1209.0,1080.0,1661.0,4.331,
17,MOOSE,iOS,1,2,32,4,8,854,32,3.0,200,DOWN,681,18.0,true,3847,3263,1086,20,564,1,1,1,DOWN,1.0,345.0,689.0,540.0,1275.5,1080.0,1661.0,4.331,
17,MOOSE,iOS,1,3,1,1,1,854,32,6.0,300,DOWN,560,18.0,true,5236,3791,381,341,1104,0,1,1,DOWN,1.0,202.0,621.0,380.0,1256.0,1080.0,1661.0,4.331,
17,MOOSE,iOS,1,3,2,1,2,854,32,6.0,100,DOWN,335,18.0,true,3388,2752,1661,70,566,-1,2,1,DOWN,1.0,293.0,492.0,383.0,1126.0,1080.0,1661.0,4.331,
17,MOOSE,iOS,1,3,3,1,3,854,32,6.0,50,UP,66,18.0,true,3334,2705,1280,7,622,0,2,1,UP,1.0,282.006,615.0,369.0,1234.0,1080.0,1661.0,4.331,
17,MOOSE,iOS,1,3,4,1,4,854,32,3.0,50,UP,29,18.0,true,3618,2336,816,362,920,1,2,1,UP,1.0,328.475,584.0,425.0,1104.0,1080.0,1661.0,4.331,
17,MOOSE,iOS,1,3,5,1,5,854,32,3.0,200,DOWN,394,18.0,true,4633,3983,1754,6,644,0,1,1,DOWN,1.0,241.0,525.0,431.53,1266.0,1080.0,1661.0,4.331,
17,MOOSE,iOS,1,3,6,1,6,854,32,6.0,200,DOWN,293,18.0,true,4862,4159,1755,141,562,0,3,2,DOWN,1.0,230.0,571.0,384.0,1303.332,1080.0,1661.0,4.331,
17,MOOSE,iOS,1,3,7,1,7,854,32,3.0,300,UP,179,18.0,true,6815,6208,1598,112,495,0,1,1,DOWN,1.0,313.949,515.0,418.0,1169.0,1080.0,1661.0,4.331,
17,MOOSE,iOS,1,3,8,1,8,854,32,3.0,100,UP,524,18.0,true,3892,3009,957,82,801,0,2,1,UP,1.0,358.461,579.0,442.0,1109.0,1080.0,1661.0,4.331,
17,MOOSE,iOS,1,3,9,2,1,854,32,6.0,300,UP,32,18.0,true,4868,3759,1305,267,842,1,2,1,DOWN,1.0,241.0,539.0,605.477,1262.5,1080.0,1661.0,4.331,
17,MOOSE,iOS,1,3,10,2,2,854,32,6.0,200,UP,224,18.0,true,4986,4207,1326,13,766,0,2,2,UP,1.0,324.0,582.0,483.0,1284.0,1080.0,1661.0,4.331,
17,MOOSE,iOS,1,3,11,2,3,854,32,6.0,100,UP,651,18.0,true,4841,3949,1721,23,869,1,2,1,UP,1.0,371.0,554.0,478.0,1215.0,1080.0,1661.0,4.331,
17,MOOSE,iOS,1,3,12,2,4,854,32,6.0,50,DOWN,135,18.0,true,4565,4403,1172,152,10,0,2,1,DOWN,1.0,348.0,609.0,504.0,1242.0,1080.0,1661.0,4.331,
17,MOOSE,iOS,1,3,13,2,5,854,32,3.0,300,DOWN,667,18.0,true,3241,3106,880,72,63,0,2,1,UP,1.0,322.0,504.0,500.0,1138.0,1080.0,1661.0,4.331,
17,MOOSE,iOS,1,3,14,2,6,854,32,3.0,100,DOWN,701,18.0,true,4234,4162,1664,7,65,0,1,1,UP,1.0,311.0,485.0,479.0,1296.0,1080.0,1661.0,4.331,
17,MOOSE,iOS,1,3,15,2,7,854,32,3.0,50,DOWN,438,18.0,true,2983,2049,801,265,669,0,1,1,DOWN,1.0,342.0,587.0,433.0,1061.0,1080.0,1661.0,4.331,
17,MOOSE,iOS,1,3,16,2,8,854,32,3.0,200,UP,291,18.0,true,4867,4142,1707,138,587,0,1,1,DOWN,1.0,356.0,494.0,507.0,1106.0,1080.0,1661.0,4.331,
17,MOOSE,iOS,1,3,17,3,1,854,32,6.0,100,DOWN,329,18.0,true,4367,3487,2286,139,741,1,3,1,DOWN,1.0,222.0,560.0,363.0,1328.0,1080.0,1661.0,4.331,
17,MOOSE,iOS,1,3,18,3,2,854,32,3.0,50,DOWN,138,18.0,true,3059,2336,1917,63,660,0,2,1,DOWN,1.0,336.0,496.0,437.0,1066.0,1080.0,1661.0,4.331,
17,MOOSE,iOS,1,3,19,3,3,854,32,3.0,100,DOWN,274,18.0,true,3880,3760,1287,57,63,0,1,1,UP,1.0,309.0,515.0,433.529,1246.0,1080.0,1661.0,4.331,
17,MOOSE,iOS,1,3,20,3,4,854,32,3.0,200,UP,600,18.0,true,4876,3856,1277,127,893,0,1,1,UP,1.0,326.0,655.53,435.0,1106.0,1080.0,1661.0,4.331,
17,MOOSE,iOS,1,3,21,3,5,854,32,6.0,50,UP,744,18.0,true,4044,3103,1755,90,851,-1,1,1,UP,1.0,381.0,612.0,489.0,1140.0,1080.0,1661.0,4.331,
17,MOOSE,iOS,1,3,22,3,6,854,32,6.0,200,DOWN,527,18.0,true,4231,3489,1213,50,692,0,2,1,DOWN,1.0,319.0,525.0,460.0,1181.0,1080.0,1661.0,4.331,
17,MOOSE,iOS,1,3,23,3,7,854,32,6.0,300,UP,535,18.0,true,6031,5088,1553,161,782,0,1,1,UP,1.0,365.0,569.0,508.0,1160.0,1080.0,1661.0,4.331,
17,MOOSE,iOS,1,3,24,3,8,854,32,3.0,300,UP,396,18.0,true,8329,7440,2334,345,544,0,2,4,DOWN,1.0,337.0,514.0,554.0,1242.0,1080.0,1661.0,4.331,
17,MOOSE,iOS,1,3,25,4,1,854,32,6.0,50,DOWN,101,18.0,true,3178,1968,1294,225,985,0,1,1,DOWN,1.0,243.0,633.0,402.562,1192.0,1080.0,1661.0,4.331,
17,MOOSE,iOS,1,3,26,4,2,854,32,6.0,100,UP,50,18.0,true,3671,2977,784,85,609,1,1,1,DOWN,1.0,344.0,615.0,441.0,1193.0,1080.0,1661.0,4.331,
17,MOOSE,iOS,1,3,27,4,3,854,32,3.0,100,UP,31,18.0,true,3491,2832,1152,60,599,0,1,1,UP,1.0,365.0,772.0,472.0,1199.0,1080.0,1661.0,4.331,
17,MOOSE,iOS,1,3,28,4,4,854,32,3.0,50,UP,246,18.0,true,3960,3882,1456,41,37,0,2,1,UP,1.0,383.0,746.0,474.0,1147.0,1080.0,1661.0,4.331,
17,MOOSE,iOS,1,3,29,4,5,854,32,6.0,200,UP,48,18.0,true,4824,4098,1424,57,669,0,1,1,DOWN,1.0,371.0,560.0,466.0,1246.0,1080.0,1661.0,4.331,
17,MOOSE,iOS,1,3,30,4,6,854,32,3.0,300,DOWN,613,18.0,true,4573,3759,1084,274,540,0,1,2,DOWN,1.0,347.0,540.0,501.0,1194.0,1080.0,1661.0,4.331,
17,MOOSE,iOS,1,3,31,4,7,854,32,6.0,300,DOWN,605,18.0,true,4125,3216,1357,188,721,-1,1,1,DOWN,1.0,339.0,592.0,475.213,1106.0,1080.0,1661.0,4.331,
17,MOOSE,iOS,1,3,32,4,8,854,32,3.0,200,DOWN,239,18.0,true,3886,3231,1193,56,599,0,1,1,DOWN,1.0,349.0,564.0,467.973,1142.0,1080.0,1661.0,4.331,
17,MOOSE,iOS,1,4,1,1,1,854,32,3.0,100,DOWN,410,18.0,true,4772,3264,1773,69,1439,0,1,1,DOWN,2.0,181.0,551.0,1059.0,1253.482,1080.0,1661.0,4.331,
17,MOOSE,iOS,1,4,2,1,2,854,32,6.0,300,UP,527,18.0,true,6950,6782,2031,124,44,-2,2,2,DOWN,1.0,302.428,646.0,469.0,1272.0,1080.0,1661.0,4.331,
17,MOOSE,iOS,1,4,3,1,3,854,32,3.0,300,DOWN,339,18.0,true,5879,4418,2105,414,1047,0,1,1,UP,1.0,308.0,632.0,438.0,1303.0,1080.0,1661.0,4.331,
17,MOOSE,iOS,1,4,4,1,4,854,32,3.0,200,UP,442,18.0,true,4818,3730,1085,23,1065,0,1,1,UP,1.0,307.476,653.0,457.0,1233.0,1080.0,1661.0,4.331,
17,MOOSE,iOS,1,4,5,1,5,854,32,6.0,200,UP,435,18.0,true,5685,4641,892,115,929,1,3,3,UP,1.0,342.0,628.0,557.0,1199.0,1080.0,1661.0,4.331,
17,MOOSE,iOS,1,4,6,1,6,854,32,6.0,100,DOWN,635,18.0,true,4249,4184,1632,8,57,1,1,1,DOWN,1.0,308.0,591.0,467.0,1220.0,1080.0,1661.0,4.331,
17,MOOSE,iOS,1,4,7,1,7,854,32,6.0,50,UP,463,18.0,true,3322,3196,1345,93,33,0,2,1,UP,1.0,299.0,683.0,510.0,1271.0,1080.0,1661.0,4.331,
17,MOOSE,iOS,1,4,8,1,8,854,32,3.0,50,DOWN,386,18.0,true,3330,2655,2238,34,641,0,2,1,DOWN,1.0,316.0,551.0,460.0,1062.0,1080.0,1661.0,4.331,
17,MOOSE,iOS,1,4,9,2,1,854,32,3.0,50,UP,147,18.0,true,3046,2017,1119,116,913,0,1,1,UP,1.0,189.0,663.0,1079.0,1137.0,1080.0,1661.0,4.331,
17,MOOSE,iOS,1,4,10,2,2,854,32,6.0,300,DOWN,740,18.0,true,5281,4480,1422,44,757,-1,2,2,DOWN,1.0,300.0,627.0,451.0,1126.0,1080.0,1661.0,4.331,
17,MOOSE,iOS,1,4,11,2,3,854,32,6.0,100,UP,267,18.0,true,4476,3615,1902,148,713,-1,1,1,UP,1.0,355.0,585.0,484.158,1229.0,1080.0,1661.0,4.331,
17,MOOSE,iOS,1,4,12,2,4,854,32,6.0,200,DOWN,546,18.0,true,5553,4528,971,244,781,-1,2,2,DOWN,1.0,290.0,626.52,399.0,1229.0,1080.0,1661.0,4.331,
17,MOOSE,iOS,1,4,13,2,5,854,32,3.0,200,DOWN,690,18.0,true,6760,5423,457,755,582,0,1,1,DOWN,1.0,271.0,627.0,421.0,1156.0,1080.0,1661.0,4.331,
17,MOOSE,iOS,1,4,14,2,6,854,32,3.0,300,UP,52,18.0,true,10429,10289,2110,105,35,0,2,4,UP,1.0,256.0,705.0,427.0,1357.0,1080.0,1661.0,4.331,
17,MOOSE,iOS,1,4,15,2,7,854,32,3.0,100,UP,613,18.0,true,5028,4064,1671,160,804,0,1,1,DOWN,1.0,337.0,560.0,524.0,1167.0,1080.0,1661.0,4.331,
17,MOOSE,iOS,1,4,16,2,8,854,32,6.0,50,DOWN,458,18.0,true,4838,3856,2127,18,964,0,1,1,UP,1.0,344.5,665.0,434.0,1192.5,1080.0,1661.0,4.331,
17,MOOSE,iOS,1,4,17,3,1,854,32,6.0,300,UP,316,18.0,true,8310,6240,1313,98,1972,1,2,1,DOWN,1.0,272.0,626.0,459.0,1376.0,1080.0,1661.0,4.331,
17,MOOSE,iOS,1,4,18,3,2,854,32,6.0,200,DOWN,828,18.0,true,4434,3648,1691,130,656,0,2,1,DOWN,1.0,285.0,593.0,516.0,1369.0,1080.0,1661.0,4.331,
17,MOOSE,iOS,1,4,19,3,3,854,32,3.0,100,UP,265,18.0,true,3893,3792,1216,56,45,0,1,1,UP,1.0,372.0,748.0,559.0,1238.0,1080.0,1661.0,4.331,
17,MOOSE,iOS,1,4,20,3,4,854,32,3.0,200,DOWN,393,18.0,true,4059,3264,960,201,594,0,1,1,DOWN,1.0,281.0,663.0,427.0,1394.0,1080.0,1661.0,4.331,
17,MOOSE,iOS,1,4,21,3,5,854,32,3.0,50,DOWN,359,18.0,true,3410,2322,1932,495,593,0,2,1,DOWN,1.0,355.0,641.0,417.0,1176.0,1080.0,1661.0,4.331,
17,MOOSE,iOS,1,4,22,3,6,854,32,6.0,100,UP,546,18.0,true,4633,3712,1833,120,801,0,2,1,DOWN,1.0,329.0,655.0,488.0,1371.0,1080.0,1661.0,4.331,
17,MOOSE,iOS,1,4,23,3,7,854,32,6.0,50,UP,514,18.0,true,3914,2831,1437,78,1005,0,1,1,UP,1.0,375.481,783.0,453.0,1247.0,1080.0,1661.0,4.331,
17,MOOSE,iOS,1,4,24,3,8,854,32,3.0,300,DOWN,345,18.0,true,4933,4097,1527,90,746,0,2,2,DOWN,1.0,356.0,615.0,475.0,1209.0,1080.0,1661.0,4.331,
17,MOOSE,iOS,1,4,25,4,1,854,32,3.0,200,UP,436,18.0,true,6203,4738,2285,93,1372,0,3,1,DOWN,1.0,244.0,686.0,467.0,1415.0,1080.0,1661.0,4.331,
17,MOOSE,iOS,1,4,26,4,2,854,32,6.0,100,DOWN,690,18.0,true,4632,3966,1486,132,534,1,1,1,DOWN,1.0,338.728,651.0,439.0,1272.0,1080.0,1661.0,4.331,
17,MOOSE,iOS,1,4,27,4,3,854,32,3.0,100,DOWN,613,18.0,true,5562,3857,1632,72,1633,0,1,1,DOWN,1.0,317.0,749.0,469.0,1424.0,1080.0,1661.0,4.331,
17,MOOSE,iOS,1,4,28,4,4,854,32,6.0,50,DOWN,282,18.0,true,3124,2338,1346,60,726,0,1,1,DOWN,1.0,342.0,718.0,453.171,1356.0,1080.0,1661.0,4.331,
17,MOOSE,iOS,1,4,29,4,5,854,32,3.0,50,UP,391,18.0,true,3622,2609,591,292,721,0,1,1,DOWN,1.0,368.51,720.0,466.0,1302.0,1080.0,1661.0,4.331,
17,MOOSE,iOS,1,4,30,4,6,854,32,6.0,200,UP,307,18.0,true,6313,5472,2064,18,823,0,2,2,UP,1.0,331.0,755.0,500.0,1351.0,1080.0,1661.0,4.331,
17,MOOSE,iOS,1,4,31,4,7,854,32,3.0,300,UP,192,18.0,true,6636,5168,1264,368,1100,1,1,2,UP,1.0,326.0,715.0,531.0,1431.48,1080.0,1661.0,4.331,
17,MOOSE,iOS,1,4,32,4,8,854,32,6.0,300,DOWN,631,18.0,true,7513,6704,1502,147,662,1,3,2,DOWN,1.0,305.0,618.0,485.0,1312.0,1080.0,1661.0,4.331,
17,MOOSE,Drag,1,1,1,1,1,854,32,6.0,300,UP,362,18.0,false,8642,7841,848,16,785,3,1,1,DOWN,1.0,127.0,488.523,557.0,1168.0,1080.0,1661.0,4.331,
17,MOOSE,Drag,1,1,2,1,1,854,32,6.0,300,UP,359,18.0,true,8452,8287,1023,102,63,0,1,1,UP,1.0,275.0,489.0,476.0,1288.0,1080.0,1661.0,4.331,
17,MOOSE,Drag,1,1,3,1,2,854,32,3.0,50,DOWN,463,18.0,true,2635,1647,770,313,675,0,1,1,DOWN,1.0,247.727,590.0,379.989,1228.0,1080.0,1661.0,4.331,
17,MOOSE,Drag,1,1,4,1,3,854,32,6.0,200,UP,247,18.0,true,6492,5838,976,40,614,0,1,1,UP,1.0,223.023,606.0,381.0,1244.0,1080.0,1661.0,4.331,
17,MOOSE,Drag,1,1,5,1,4,854,32,3.0,100,DOWN,783,18.0,true,4302,3570,1488,101,631,-1,2,1,DOWN,1.0,202.237,534.0,352.0,1129.0,1080.0,1661.0,4.331,
17,MOOSE,Drag,1,1,6,1,5,854,32,3.0,300,UP,455,18.0,true,12291,11087,592,561,643,1,1,1,DOWN,1.0,338.0,571.0,527.0,1133.0,1080.0,1661.0,4.331,
17,MOOSE,Drag,1,1,7,1,6,854,32,6.0,100,UP,326,18.0,true,4776,4416,638,317,43,0,1,1,UP,1.0,330.51,614.0,507.0,1133.5,1080.0,1661.0,4.331,
17,MOOSE,Drag,1,1,8,1,7,854,32,6.0,50,DOWN,630,18.0,true,3026,1710,766,495,821,-2,1,1,DOWN,1.0,309.961,488.0,446.0,1167.0,1080.0,1661.0,4.331,
17,MOOSE,Drag,1,1,9,1,8,854,32,3.0,200,DOWN,585,18.0,true,10232,9974,1491,200,58,0,2,1,UP,1.0,331.0,551.0,504.0,1215.0,1080.0,1661.0,4.331,
17,MOOSE,Drag,1,1,10,2,1,854,32,6.0,100,DOWN,171,18.0,true,3228,2402,690,88,738,0,1,1,DOWN,1.0,243.565,565.0,407.647,1366.0,1080.0,1661.0,4.331,
17,MOOSE,Drag,1,1,11,2,2,854,32,6.0,300,DOWN,784,18.0,true,7143,7073,863,20,50,1,1,1,DOWN,1.0,230.0,519.0,432.0,1388.0,1080.0,1661.0,4.331,
17,MOOSE,Drag,1,1,12,2,3,854,32,6.0,200,DOWN,669,18.0,true,6769,6704,833,13,52,-1,1,1,UP,1.0,292.507,531.0,518.0,1348.0,1080.0,1661.0,4.331,
17,MOOSE,Drag,1,1,13,2,4,854,32,6.0,50,UP,236,18.0,true,2704,2251,384,378,75,-1,0,1,DOWN,1.0,418.0,636.0,510.0,1156.0,1080.0,1661.0,4.331,
17,MOOSE,Drag,1,1,14,2,5,854,32,3.0,200,UP,536,18.0,true,7231,6304,560,334,593,0,1,1,DOWN,1.0,324.568,487.0,537.0,1175.0,1080.0,1661.0,4.331,
17,MOOSE,Drag,1,1,15,2,6,854,32,3.0,50,UP,609,18.0,true,2817,1327,239,429,1061,-1,0,1,UP,1.0,403.516,581.0,563.0,1103.0,1080.0,1661.0,4.331,
17,MOOSE,Drag,1,1,16,2,7,854,32,3.0,100,UP,142,18.0,true,4813,3953,1281,158,702,0,1,1,DOWN,1.0,374.0,506.0,550.0,1221.0,1080.0,1661.0,4.331,
17,MOOSE,Drag,1,1,17,2,8,854,32,3.0,300,DOWN,442,18.0,true,7894,7183,1007,129,582,0,1,1,DOWN,1.0,298.508,521.0,515.0,1342.0,1080.0,1661.0,4.331,
17,MOOSE,Drag,1,1,18,3,1,854,32,6.0,200,UP,557,18.0,true,11093,9840,2079,265,988,1,1,1,UP,1.0,243.0,475.0,508.0,1273.0,1080.0,1661.0,4.331,
17,MOOSE,Drag,1,1,19,3,2,854,32,3.0,300,UP,369,18.0,true,10098,9470,830,58,570,0,1,1,DOWN,1.0,312.0,458.0,596.0,1126.0,1080.0,1661.0,4.331,
17,MOOSE,Drag,1,1,20,3,3,854,32,6.0,50,DOWN,435,18.0,true,2902,1841,848,111,950,0,1,1,DOWN,1.0,397.499,509.0,493.0,1116.0,1080.0,1661.0,4.331,
17,MOOSE,Drag,1,1,21,3,4,854,32,3.0,100,UP,119,18.0,true,5157,4464,1055,117,576,0,1,1,DOWN,1.0,345.916,429.0,525.0,1087.468,1080.0,1661.0,4.331,
17,MOOSE,Drag,1,1,22,3,5,854,32,3.0,200,DOWN,315,18.0,true,6478,5776,1087,17,685,0,1,1,DOWN,1.0,274.0,431.0,503.0,1072.0,1080.0,1661.0,4.331,
17,MOOSE,Drag,1,1,23,3,6,854,32,6.0,100,DOWN,665,18.0,true,3438,2640,768,62,736,0,1,1,DOWN,1.0,278.0,437.0,484.0,1221.0,1080.0,1661.0,4.331,
17,MOOSE,Drag,1,1,24,3,7,854,32,6.0,300,UP,32,18.0,true,10443,10284,720,108,51,0,1,1,UP,1.0,278.0,430.0,495.0,1157.0,1080.0,1661.0,4.331,
17,MOOSE,Drag,1,1,25,3,8,854,32,3.0,50,DOWN,657,18.0,true,3035,2239,1152,125,671,0,1,1,DOWN,1.0,244.0,486.0,421.0,1093.0,1080.0,1661.0,4.331,
17,MOOSE,Drag,1,1,26,4,1,854,32,3.0,100,DOWN,463,18.0,true,3856,3137,1042,5,714,0,1,1,DOWN,1.0,249.0,431.0,472.051,1115.0,1080.0,1661.0,4.331,
17,MOOSE,Drag,1,1,27,4,2,854,32,6.0,300,DOWN,697,18.0,true,9335,8785,913,53,497,0,1,1,DOWN,1.0,234.0,401.0,452.0,1232.0,1080.0,1661.0,4.331,
17,MOOSE,Drag,1,1,28,4,3,854,32,6.0,200,DOWN,259,18.0,true,5561,5486,736,28,47,2,1,1,UP,1.0,202.0,538.0,409.0,1321.0,1080.0,1661.0,4.331,
17,MOOSE,Drag,1,1,29,4,4,854,32,3.0,50,UP,74,18.0,true,3417,2689,1024,44,684,0,1,1,DOWN,1.0,309.0,516.0,414.0,1076.0,1080.0,1661.0,4.331,
17,MOOSE,Drag,1,1,30,4,5,854,32,6.0,50,UP,489,18.0,true,3231,2911,750,260,60,1,1,1,UP,1.0,314.025,520.0,433.0,1030.0,1080.0,1661.0,4.331,
17,MOOSE,Drag,1,1,31,4,6,854,32,6.0,100,UP,409,18.0,true,4452,3553,1442,35,864,1,1,1,UP,1.0,335.0,460.0,412.0,1019.0,1080.0,1661.0,4.331,
17,MOOSE,Drag,1,1,32,4,7,854,32,3.0,300,DOWN,721,18.0,false,5326,4400,0,313,613,113,0,0,DOWN,1.0,174.0,493.0,404.0,1357.703,1080.0,1661.0,4.331,
17,MOOSE,Drag,1,1,33,4,7,854,32,3.0,300,DOWN,647,18.0,true,7462,7344,928,68,50,0,1,1,DOWN,1.0,229.744,470.0,398.0,1382.5,1080.0,1661.0,4.331,
17,MOOSE,Drag,1,1,34,4,8,854,32,3.0,200,UP,468,18.0,true,8607,7983,1551,50,574,0,1,1,DOWN,1.0,301.0,378.0,501.0,1065.0,1080.0,1661.0,4.331,
17,MOOSE,TrackPoint,2,1,1,1,1,854,32,3.0,300,UP,168,18.0,true,7427,6079,2485,130,1218,-1,2,1,DOWN,1.0,68.0,454.5,190.506,1306.0,1080.0,1661.0,4.331,
17,MOOSE,TrackPoint,2,1,2,1,2,854,32,6.0,100,DOWN,646,18.0,false,3563,2609,1353,12,942,-3,1,1,DOWN,1.0,165.0,529.0,253.0,1162.0,1080.0,1661.0,4.331,
17,MOOSE,TrackPoint,2,1,3,1,2,854,32,6.0,100,DOWN,170,18.0,true,5707,4447,1722,150,1110,-1,2,2,UP,1.0,150.0,528.0,261.0,1239.5,1080.0,1661.0,4.331,
17,MOOSE,TrackPoint,2,1,4,1,3,854,32,3.0,200,DOWN,643,18.0,true,5865,5086,1549,64,715,0,2,1,DOWN,1.0,206.0,497.0,295.0,1291.0,1080.0,1661.0,4.331,
17,MOOSE,TrackPoint,2,1,5,1,4,854,32,6.0,300,UP,62,18.0,true,5033,4048,1726,133,852,0,2,1,UP,1.0,216.378,445.0,270.0,1276.0,1080.0,1661.0,4.331,
17,MOOSE,TrackPoint,2,1,6,1,5,854,32,6.0,50,UP,697,18.0,true,3588,1843,1330,676,1069,0,2,1,UP,1.0,245.0,477.0,312.0,1170.0,1080.0,1661.0,4.331,
17,MOOSE,TrackPoint,2,1,7,1,6,854,32,3.0,50,DOWN,438,18.0,true,2912,2854,1451,16,42,-1,1,1,UP,1.0,240.0,510.0,317.0,1071.5,1080.0,1661.0,4.331,
17,MOOSE,TrackPoint,2,1,8,1,7,854,32,6.0,200,DOWN,725,18.0,true,4035,2350,121,562,1123,-2,1,1,DOWN,1.0,279.0,480.0,362.0,1332.48,1080.0,1661.0,4.331,
17,MOOSE,TrackPoint,2,1,9,1,8,854,32,3.0,100,UP,210,18.0,true,2687,1328,75,553,806,0,1,1,UP,1.0,266.275,409.0,323.0,1230.0,1080.0,1661.0,4.331,
17,MOOSE,TrackPoint,2,1,10,2,1,854,32,6.0,100,UP,170,18.0,true,4709,3535,1598,50,1124,0,1,1,UP,1.0,149.0,436.0,334.0,1119.0,1080.0,1661.0,4.331,
17,MOOSE,TrackPoint,2,1,11,2,2,854,32,6.0,200,UP,483,18.0,true,4299,3279,1375,15,1005,1,1,1,UP,1.0,299.504,410.0,336.0,1148.0,1080.0,1661.0,4.331,
17,MOOSE,TrackPoint,2,1,12,2,3,854,32,6.0,300,DOWN,547,18.0,true,5035,3791,1412,112,1132,0,2,1,DOWN,1.0,290.0,439.0,418.0,1326.0,1080.0,1661.0,4.331,
17,MOOSE,TrackPoint,2,1,13,2,4,854,32,3.0,300,DOWN,419,18.0,true,6026,5923,2397,49,54,0,3,1,UP,1.0,220.5,570.0,360.0,1331.0,1080.0,1661.0,4.331,
17,MOOSE,TrackPoint,2,1,14,2,5,854,32,3.0,50,UP,476,18.0,true,3437,2336,1354,295,806,1,1,1,DOWN,1.0,194.0,655.0,323.0,1336.0,1080.0,1661.0,4.331,
17,MOOSE,TrackPoint,2,1,15,2,6,854,32,3.0,200,UP,138,18.0,true,4500,3535,1450,10,955,0,1,1,UP,1.0,257.318,620.0,290.0,1324.0,1080.0,1661.0,4.331,
17,MOOSE,TrackPoint,2,1,16,2,7,854,32,6.0,50,DOWN,561,18.0,true,3176,1840,429,302,1034,1,1,1,DOWN,1.0,273.0,681.0,320.0,1206.0,1080.0,1661.0,4.331,
17,MOOSE,TrackPoint,2,1,17,2,8,854,32,3.0,100,DOWN,535,18.0,true,3484,2079,415,739,666,0,1,1,DOWN,1.0,258.0,632.0,342.513,1350.0,1080.0,1661.0,4.331,
17,MOOSE,TrackPoint,2,1,18,3,1,854,32,6.0,300,UP,179,18.0,true,5038,4064,699,121,853,-1,1,1,UP,1.0,123.0,430.0,277.0,1311.0,1080.0,1661.0,4.331,
17,MOOSE,TrackPoint,2,1,19,3,2,854,32,3.0,100,UP,391,18.0,true,4462,3456,2185,16,990,0,2,1,UP,1.0,239.5,451.0,300.0,1086.0,1080.0,1661.0,4.331,
17,MOOSE,TrackPoint,2,1,20,3,3,854,32,6.0,200,DOWN,789,18.0,true,4416,3439,1711,16,961,0,1,1,DOWN,1.0,301.0,467.0,345.0,1306.5,1080.0,1661.0,4.331,
17,MOOSE,TrackPoint,2,1,21,3,4,854,32,3.0,50,DOWN,535,18.0,true,3249,2161,1375,337,751,-1,1,1,DOWN,1.0,328.0,629.0,379.0,1151.0,1080.0,1661.0,4.331,
17,MOOSE,TrackPoint,2,1,22,3,5,854,32,3.0,200,UP,524,18.0,true,4449,3214,752,303,932,0,1,1,UP,1.0,220.284,497.0,328.0,1304.0,1080.0,1661.0,4.331,
17,MOOSE,TrackPoint,2,1,23,3,6,854,32,6.0,100,UP,139,18.0,true,4107,3135,1982,82,890,-2,1,1,DOWN,1.0,286.683,527.654,369.0,1234.45,1080.0,1661.0,4.331,
17,MOOSE,TrackPoint,2,1,24,3,7,854,32,3.0,300,DOWN,767,18.0,true,6432,5393,2521,115,924,0,2,1,DOWN,1.0,304.0,503.0,418.0,1321.0,1080.0,1661.0,4.331,
17,MOOSE,TrackPoint,2,1,25,3,8,854,32,6.0,50,DOWN,163,18.0,true,2254,2209,750,13,32,0,1,1,UP,1.0,277.0,585.0,344.721,1185.0,1080.0,1661.0,4.331,
17,MOOSE,TrackPoint,2,1,26,4,1,854,32,6.0,200,UP,373,18.0,true,5245,4031,1664,158,1056,-1,1,1,UP,1.0,179.0,314.517,318.0,1163.0,1080.0,1661.0,4.331,
17,MOOSE,TrackPoint,2,1,27,4,2,854,32,3.0,100,DOWN,431,18.0,true,5261,4512,2446,56,693,0,2,1,DOWN,1.0,179.0,383.0,337.0,1240.0,1080.0,1661.0,4.331,
17,MOOSE,TrackPoint,2,1,28,4,3,854,32,3.0,50,UP,149,18.0,true,3854,3103,1501,75,676,0,1,1,DOWN,1.0,244.0,524.0,314.0,1142.0,1080.0,1661.0,4.331,
17,MOOSE,TrackPoint,2,1,29,4,4,854,32,3.0,300,UP,501,18.0,true,4824,3422,222,431,971,0,1,1,UP,1.0,246.0,283.0,308.0,997.0,1080.0,1661.0,4.331,
17,MOOSE,TrackPoint,2,1,30,4,5,854,32,3.0,200,DOWN,677,18.0,true,4260,3183,1400,359,718,0,1,1,DOWN,1.0,221.5,269.0,318.0,1110.0,1080.0,1661.0,4.331,
17,MOOSE,TrackPoint,2,1,31,4,6,854,32,6.0,300,DOWN,330,18.0,true,4839,3968,1214,49,822,0,1,1,DOWN,1.0,273.0,349.0,330.0,1172.0,1080.0,1661.0,4.331,
17,MOOSE,TrackPoint,2,1,32,4,7,854,32,6.0,50,UP,443,18.0,true,3533,2031,1323,496,1006,-1,2,1,UP,1.0,296.0,448.5,375.538,1055.0,1080.0,1661.0,4.331,
17,MOOSE,TrackPoint,2,1,33,4,8,854,32,6.0,100,DOWN,653,18.0,true,2877,2143,1056,18,716,0,1,1,DOWN,1.0,297.0,427.0,366.0,1133.0,1080.0,1661.0,4.331,
17,MOOSE,TrackPoint,2,2,1,1,1,854,32,6.0,100,UP,62,18.0,true,3631,2639,1726,16,976,-1,1,1,UP,1.0,136.0,161.513,294.0,1014.0,1080.0,1661.0,4.331,
17,MOOSE,TrackPoint,2,2,2,1,2,854,32,6.0,50,DOWN,738,18.0,true,4763,3568,1917,17,1178,2,3,1,UP,1.0,311.0,285.0,429.513,1097.0,1080.0,1661.0,4.331,
17,MOOSE,TrackPoint,2,2,3,1,3,854,32,6.0,200,UP,390,18.0,true,4647,3632,1130,217,798,-1,1,1,DOWN,1.0,249.683,199.0,417.0,954.0,1080.0,1661.0,4.331,
17,MOOSE,TrackPoint,2,2,4,1,4,854,32,3.0,200,UP,612,18.0,true,3908,3088,1211,141,679,0,1,1,UP,1.0,292.474,186.0,362.0,933.0,1080.0,1661.0,4.331,
17,MOOSE,TrackPoint,2,2,5,1,5,854,32,3.0,300,DOWN,617,18.0,true,4152,2495,125,704,953,1,0,1,DOWN,1.0,318.0,188.0,382.482,1092.0,1080.0,1661.0,4.331,
17,MOOSE,TrackPoint,2,2,6,1,6,854,32,3.0,100,UP,642,18.0,true,3052,2257,1454,51,744,0,1,1,DOWN,1.0,262.673,196.0,326.0,1058.0,1080.0,1661.0,4.331,
17,MOOSE,TrackPoint,2,2,7,1,7,854,32,6.0,300,DOWN,582,18.0,true,3631,2431,92,473,727,-1,1,1,DOWN,1.0,335.0,194.0,401.961,1159.0,1080.0,1661.0,4.331,
17,MOOSE,TrackPoint,2,2,8,1,8,854,32,3.0,50,DOWN,227,18.0,true,2278,1614,1038,7,657,-1,1,1,DOWN,1.0,326.5,306.0,395.0,945.5,1080.0,1661.0,4.331,
17,MOOSE,TrackPoint,2,2,9,2,1,854,32,6.0,200,DOWN,558,18.0,true,4926,3326,203,384,1216,-1,1,1,DOWN,1.0,174.0,276.0,414.503,1225.0,1080.0,1661.0,4.331,
17,MOOSE,TrackPoint,2,2,10,2,2,854,32,3.0,200,DOWN,559,18.0,true,3750,3055,1246,16,679,0,1,1,DOWN,1.0,271.0,405.0,421.0,1223.0,1080.0,1661.0,4.331,
17,MOOSE,TrackPoint,2,2,11,2,3,854,32,6.0,50,UP,649,18.0,true,3253,1296,443,773,1184,1,1,1,UP,1.0,321.0,536.523,377.0,977.0,1080.0,1661.0,4.331,
17,MOOSE,TrackPoint,2,2,12,2,4,854,32,6.0,300,UP,17,18.0,true,4722,4027,635,7,688,0,1,1,UP,1.0,367.207,60.52,420.0,1007.0,1080.0,1661.0,4.331,
17,MOOSE,TrackPoint,2,2,13,2,5,854,32,3.0,300,UP,359,18.0,true,5491,5429,1483,16,46,0,2,1,UP,1.0,348.0,69.0,405.516,790.0,1080.0,1661.0,4.331,
17,MOOSE,TrackPoint,2,2,14,2,6,854,32,3.0,50,UP,629,18.0,true,3167,2145,1515,318,704,-1,2,1,UP,1.0,398.575,79.0,452.0,821.0,1080.0,1661.0,4.331,
17,MOOSE,TrackPoint,2,2,15,2,7,854,32,3.0,100,DOWN,678,18.0,true,4536,3856,1875,62,618,0,2,1,UP,1.0,286.0,105.0,465.0,1121.0,1080.0,1661.0,4.331,
17,MOOSE,TrackPoint,2,2,16,2,8,854,32,6.0,100,DOWN,748,18.0,true,2842,2015,1051,18,809,1,1,1,DOWN,1.0,332.0,307.0,520.0,1076.5,1080.0,1661.0,4.331,
17,MOOSE,TrackPoint,2,2,17,3,1,854,32,6.0,200,UP,549,18.0,true,4448,2768,878,8,1672,1,1,1,UP,1.0,166.0,204.0,410.0,999.0,1080.0,1661.0,4.331,
17,MOOSE,TrackPoint,2,2,18,3,2,854,32,6.0,300,DOWN,547,18.0,true,5571,5504,1134,17,50,1,1,1,UP,1.0,359.0,212.0,450.0,1138.0,1080.0,1661.0,4.331,
17,MOOSE,TrackPoint,2,2,19,3,3,854,32,3.0,50,DOWN,230,18.0,true,2664,1711,1050,268,685,0,1,1,DOWN,1.0,366.5,429.0,445.0,1006.0,1080.0,1661.0,4.331,
17,MOOSE,TrackPoint,2,2,20,3,4,854,32,6.0,100,UP,665,18.0,true,2906,1278,157,664,964,0,1,1,UP,1.0,327.0,231.0,363.0,1066.0,1080.0,1661.0,4.331,
17,MOOSE,TrackPoint,2,2,21,3,5,854,32,3.0,300,UP,236,18.0,true,4894,4032,1468,18,844,0,1,1,UP,1.0,299.0,103.0,380.711,943.0,1080.0,1661.0,4.331,
17,MOOSE,TrackPoint,2,2,22,3,6,854,32,3.0,100,UP,495,18.0,true,4248,3552,2429,45,651,0,3,1,UP,1.0,227.0,116.0,294.0,816.0,1080.0,1661.0,4.331,
17,MOOSE,TrackPoint,2,2,23,3,7,854,32,6.0,50,DOWN,804,18.0,true,2024,880,189,360,784,1,1,1,DOWN,1.0,222.5,146.0,324.0,841.5,1080.0,1661.0,4.331,
17,MOOSE,TrackPoint,2,2,24,3,8,854,32,3.0,200,DOWN,728,18.0,true,4636,4031,1568,48,557,-1,1,1,DOWN,1.0,179.3,177.0,320.513,1061.0,1080.0,1661.0,4.331,
17,MOOSE,TrackPoint,2,2,25,4,1,854,32,6.0,300,UP,308,18.0,true,5789,4528,459,213,1048,-2,1,1,UP,1.0,122.5,32.0,453.344,1068.0,1080.0,1661.0,4.331,
17,MOOSE,TrackPoint,2,2,26,4,2,854,32,6.0,100,DOWN,113,18.0,true,2922,2129,1149,26,767,-1,1,1,DOWN,1.0,272.278,237.0,317.518,1080.0,1080.0,1661.0,4.331,
17,MOOSE,TrackPoint,2,2,27,4,3,854,32,6.0,200,DOWN,431,18.0,true,3827,2864,1263,47,916,0,1,1,DOWN,1.0,263.5,379.0,372.0,1205.0,1080.0,1661.0,4.331,
17,MOOSE,TrackPoint,2,2,28,4,4,854,32,3.0,100,DOWN,227,18.0,true,3245,2447,1230,17,781,0,1,1,DOWN,1.0,267.0,477.0,351.0,1150.0,1080.0,1661.0,4.331,
17,MOOSE,TrackPoint,2,2,29,4,5,854,32,3.0,50,UP,649,18.0,true,2466,1055,155,777,634,-1,1,1,DOWN,1.0,288.0,210.642,450.005,994.0,1080.0,1661.0,4.331,
17,MOOSE,TrackPoint,2,2,30,4,6,854,32,3.0,200,UP,206,18.0,true,5112,4495,1275,7,610,0,2,1,UP,1.0,253.0,97.665,357.0,993.0,1080.0,1661.0,4.331,
17,MOOSE,TrackPoint,2,2,31,4,7,854,32,3.0,300,DOWN,345,18.0,true,3483,2835,122,606,42,-1,1,1,UP,1.0,353.0,191.0,397.0,1285.0,1080.0,1661.0,4.331,
17,MOOSE,TrackPoint,2,2,32,4,8,854,32,6.0,50,UP,406,18.0,true,3034,2033,1200,49,952,0,1,1,UP,1.0,330.0,392.668,387.0,964.0,1080.0,1661.0,4.331,
17,MOOSE,TrackPoint,2,3,1,1,1,854,32,6.0,100,UP,476,18.0,false,2993,2048,1097,16,929,3,1,1,UP,1.0,142.0,288.033,1066.0,1157.0,1080.0,1661.0,4.331,
17,MOOSE,TrackPoint,2,3,2,1,1,854,32,6.0,100,UP,555,18.0,true,3536,2544,1356,14,978,0,1,1,UP,1.0,293.459,415.646,329.0,1135.0,1080.0,1661.0,4.331,
17,MOOSE,TrackPoint,2,3,3,1,2,854,32,6.0,200,UP,562,18.0,true,3222,2128,191,453,641,-1,1,1,UP,1.0,282.958,350.0,317.0,1125.0,1080.0,1661.0,4.331,
17,MOOSE,TrackPoint,2,3,4,1,3,854,32,6.0,50,DOWN,356,18.0,true,2806,2304,1133,130,372,1,2,1,DOWN,1.0,266.0,378.0,361.0,1126.481,1080.0,1661.0,4.331,
17,MOOSE,TrackPoint,2,3,5,1,4,854,32,3.0,50,DOWN,654,18.0,true,2782,2047,1483,119,616,0,1,1,DOWN,1.0,290.516,379.0,364.0,1105.484,1080.0,1661.0,4.331,
17,MOOSE,TrackPoint,2,3,6,1,5,854,32,3.0,100,UP,454,18.0,true,3217,2288,1296,88,841,1,1,1,UP,1.0,281.503,385.5,345.497,1138.0,1080.0,1661.0,4.331,
17,MOOSE,TrackPoint,2,3,7,1,6,854,32,3.0,300,UP,306,18.0,true,4881,4078,1167,171,632,0,1,1,UP,1.0,285.0,374.0,331.0,1141.0,1080.0,1661.0,4.331,
17,MOOSE,TrackPoint,2,3,8,1,7,854,32,6.0,300,DOWN,356,18.0,true,4436,3519,1212,213,704,1,1,1,DOWN,1.0,260.678,356.0,345.0,1354.0,1080.0,1661.0,4.331,
17,MOOSE,TrackPoint,2,3,9,1,8,854,32,3.0,200,DOWN,723,18.0,true,3770,3023,1371,79,668,0,2,1,DOWN,1.0,253.0,605.0,358.0,1534.5,1080.0,1661.0,4.331,
17,MOOSE,TrackPoint,2,3,10,2,1,854,32,6.0,200,DOWN,398,18.0,true,3947,2912,750,19,1016,0,1,1,DOWN,1.0,184.0,629.0,384.0,1659.0,1080.0,1661.0,4.331,
17,MOOSE,TrackPoint,2,3,11,2,2,854,32,6.0,50,UP,460,18.0,true,2864,2175,1103,14,675,0,2,1,DOWN,1.0,252.0,714.0,389.0,1428.0,1080.0,1661.0,4.331,
17,MOOSE,TrackPoint,2,3,12,2,3,854,32,3.0,200,UP,463,18.0,true,4726,3887,1597,17,822,0,1,1,UP,1.0,241.0,628.0,287.0,1324.0,1080.0,1661.0,4.331,
17,MOOSE,TrackPoint,2,3,13,2,4,854,32,6.0,100,DOWN,656,18.0,true,3638,2880,1438,16,742,-1,1,1,DOWN,1.0,266.0,626.0,344.0,1480.5,1080.0,1661.0,4.331,
17,MOOSE,TrackPoint,2,3,14,2,5,854,32,6.0,300,UP,372,18.0,true,4877,3871,1276,16,990,0,2,1,UP,1.0,263.0,518.0,373.0,1370.0,1080.0,1661.0,4.331,
17,MOOSE,TrackPoint,2,3,15,2,6,854,32,3.0,300,DOWN,423,18.0,true,3554,2384,126,487,683,-1,1,1,DOWN,1.0,308.0,477.0,418.0,1474.0,1080.0,1661.0,4.331,
17,MOOSE,TrackPoint,2,3,16,2,7,854,32,3.0,50,UP,492,18.0,true,2902,1775,1274,350,777,0,2,1,UP,1.0,328.35,659.0,400.0,1411.0,1080.0,1661.0,4.331,
17,MOOSE,TrackPoint,2,3,17,2,8,854,32,3.0,100,DOWN,314,18.0,true,3275,3225,1432,10,40,0,1,1,UP,1.0,321.0,667.0,367.0,1311.0,1080.0,1661.0,4.331,
17,MOOSE,TrackPoint,2,3,18,3,1,854,32,3.0,300,UP,295,18.0,true,4776,3839,1437,49,888,0,1,1,DOWN,1.0,218.0,365.647,352.0,1429.0,1080.0,1661.0,4.331,
17,MOOSE,TrackPoint,2,3,19,3,2,854,32,6.0,100,UP,336,18.0,true,2971,2099,1042,15,857,1,2,1,UP,1.0,303.0,410.5,357.0,1106.0,1080.0,1661.0,4.331,
17,MOOSE,TrackPoint,2,3,20,3,3,854,32,6.0,200,DOWN,357,18.0,true,3647,2592,509,334,721,-1,1,1,DOWN,1.0,335.0,412.0,406.504,1420.375,1080.0,1661.0,4.331,
17,MOOSE,TrackPoint,2,3,21,3,4,854,32,3.0,100,UP,664,18.0,true,4724,2977,1872,16,1731,-1,1,1,UP,1.0,331.0,422.52,370.324,1124.0,1080.0,1661.0,4.331,
17,MOOSE,TrackPoint,2,3,22,3,5,854,32,3.0,50,UP,43,18.0,true,3250,3125,1582,83,42,0,1,1,UP,1.0,334.0,459.5,376.0,1045.0,1080.0,1661.0,4.331,
17,MOOSE,TrackPoint,2,3,23,3,6,854,32,3.0,200,DOWN,516,18.0,true,4022,2688,1143,589,745,1,2,1,DOWN,1.0,344.703,480.0,446.0,1456.37,1080.0,1661.0,4.331,
17,MOOSE,TrackPoint,2,3,24,3,7,854,32,6.0,300,DOWN,745,18.0,true,5361,4224,175,372,765,0,1,1,DOWN,1.0,300.483,767.0,370.0,1716.0,1080.0,1661.0,4.331,
17,MOOSE,TrackPoint,2,3,25,3,8,854,32,6.0,50,DOWN,762,18.0,true,2362,1599,926,13,750,1,1,1,DOWN,1.0,298.0,563.0,354.0,1243.5,1080.0,1661.0,4.331,
17,MOOSE,TrackPoint,2,3,26,4,1,854,32,3.0,300,DOWN,601,18.0,true,5027,4017,1261,17,993,0,1,1,UP,1.0,190.0,439.0,432.0,1438.484,1080.0,1661.0,4.331,
17,MOOSE,TrackPoint,2,3,27,4,2,854,32,3.0,200,UP,201,18.0,true,4782,3600,2174,4,1178,0,1,1,UP,1.0,253.0,333.0,326.0,1287.0,1080.0,1661.0,4.331,
17,MOOSE,TrackPoint,2,3,28,4,3,854,32,6.0,300,UP,80,18.0,true,5452,4932,1345,474,46,0,1,1,UP,1.0,294.0,312.0,373.0,1069.952,1080.0,1661.0,4.331,
17,MOOSE,TrackPoint,2,3,29,4,4,854,32,3.0,100,DOWN,347,18.0,true,2069,928,126,551,590,0,1,1,DOWN,1.0,311.0,296.0,424.0,1265.658,1080.0,1661.0,4.331,
17,MOOSE,TrackPoint,2,3,30,4,5,854,32,6.0,100,DOWN,823,18.0,true,2719,1951,1149,103,665,1,1,1,DOWN,1.0,300.0,402.0,372.0,1236.0,1080.0,1661.0,4.331,
17,MOOSE,TrackPoint,2,3,31,4,6,854,32,3.0,50,DOWN,467,18.0,true,2816,2094,1516,157,565,0,2,1,DOWN,1.0,299.0,405.0,391.0,1032.0,1080.0,1661.0,4.331,
17,MOOSE,TrackPoint,2,3,32,4,7,854,32,6.0,50,UP,405,18.0,true,2252,1536,973,50,666,1,1,1,UP,1.0,276.0,403.0,336.0,1116.0,1080.0,1661.0,4.331,
17,MOOSE,TrackPoint,2,3,33,4,8,854,32,6.0,200,UP,242,18.0,true,4235,3550,1275,43,642,0,1,1,UP,1.0,296.0,341.0,358.0,1037.0,1080.0,1661.0,4.331,
17,MOOSE,TrackPoint,2,4,1,1,1,854,32,6.0,300,DOWN,565,18.0,true,4759,3329,975,25,1405,1,1,1,DOWN,1.0,116.0,536.0,1063.0,1454.0,1080.0,1661.0,4.331,
17,MOOSE,TrackPoint,2,4,2,1,2,854,32,3.0,50,UP,258,18.0,true,2466,1792,1310,16,658,0,1,1,UP,1.0,227.0,532.636,297.479,1387.0,1080.0,1661.0,4.331,
17,MOOSE,TrackPoint,2,4,3,1,3,854,32,3.0,100,DOWN,473,18.0,true,3454,2335,671,542,577,0,1,1,DOWN,1.0,220.0,517.0,301.541,1284.0,1080.0,1661.0,4.331,
17,MOOSE,TrackPoint,2,4,4,1,4,854,32,6.0,100,UP,280,18.0,true,2124,912,109,522,690,1,1,1,UP,1.0,162.0,455.0,215.0,1312.0,1080.0,1661.0,4.331,
17,MOOSE,TrackPoint,2,4,5,1,5,854,32,6.0,200,UP,21,18.0,true,3146,2481,1134,13,652,0,2,1,UP,1.0,149.0,296.0,209.0,1246.0,1080.0,1661.0,4.331,
17,MOOSE,TrackPoint,2,4,6,1,6,854,32,3.0,200,DOWN,230,18.0,true,4068,3105,1389,335,628,0,1,1,DOWN,1.0,161.0,421.0,239.532,1302.0,1080.0,1661.0,4.331,
17,MOOSE,TrackPoint,2,4,7,1,7,854,32,6.0,50,DOWN,423,18.0,true,2965,2240,1278,32,693,0,2,1,DOWN,1.0,154.0,667.0,213.0,1147.0,1080.0,1661.0,4.331,
17,MOOSE,TrackPoint,2,4,8,1,8,854,32,3.0,300,UP,115,18.0,true,5274,5243,1274,12,19,0,1,1,UP,1.0,130.0,259.0,251.0,1242.0,1080.0,1661.0,4.331,
17,MOOSE,TrackPoint,2,4,9,2,1,854,32,6.0,200,DOWN,246,18.0,true,3355,3251,880,91,13,-2,1,1,DOWN,1.0,135.0,427.0,416.519,1302.0,1080.0,1661.0,4.331,
17,MOOSE,TrackPoint,2,4,10,2,2,854,32,6.0,100,DOWN,663,18.0,true,3216,2272,840,120,824,-2,2,1,UP,1.0,160.0,566.0,259.741,1416.0,1080.0,1661.0,4.331,
17,MOOSE,TrackPoint,2,4,11,2,3,854,32,6.0,50,UP,449,18.0,true,2820,1743,1135,35,1042,0,2,1,UP,1.0,194.0,589.5,303.0,1248.0,1080.0,1661.0,4.331,
17,MOOSE,TrackPoint,2,4,12,2,4,854,32,3.0,100,UP,580,18.0,true,3001,2047,1179,52,902,-1,1,1,UP,1.0,215.0,336.0,321.0,1180.0,1080.0,1661.0,4.331,
17,MOOSE,TrackPoint,2,4,13,2,5,854,32,3.0,50,DOWN,174,18.0,true,2736,1859,1330,15,862,-1,1,1,DOWN,1.0,214.0,387.0,260.495,1085.0,1080.0,1661.0,4.331,
17,MOOSE,TrackPoint,2,4,14,2,6,854,32,3.0,200,UP,184,18.0,true,3713,2895,1390,92,726,0,1,1,UP,1.0,178.0,267.0,253.0,1150.0,1080.0,1661.0,4.331,
17,MOOSE,TrackPoint,2,4,15,2,7,854,32,3.0,300,DOWN,714,18.0,true,4038,3120,1116,18,900,0,2,1,DOWN,1.0,282.267,371.0,381.0,1435.0,1080.0,1661.0,4.331,
17,MOOSE,TrackPoint,2,4,16,2,8,854,32,6.0,300,UP,202,18.0,true,3823,3214,1471,33,576,-1,1,1,UP,1.0,261.0,383.639,414.502,1371.0,1080.0,1661.0,4.331,
17,MOOSE,TrackPoint,2,4,17,3,1,854,32,6.0,300,UP,420,18.0,true,4590,3151,957,9,1430,1,1,1,UP,1.0,116.0,16.0,364.0,1005.0,1080.0,1661.0,4.331,
17,MOOSE,TrackPoint,2,4,18,3,2,854,32,3.0,300,DOWN,684,18.0,true,4236,4146,1806,54,36,0,2,1,UP,1.0,331.0,148.0,418.0,1335.0,1080.0,1661.0,4.331,
17,MOOSE,TrackPoint,2,4,19,3,3,854,32,6.0,50,DOWN,603,18.0,true,3783,2719,1887,10,1054,0,2,1,DOWN,1.0,340.0,506.0,407.0,1086.5,1080.0,1661.0,4.331,
17,MOOSE,TrackPoint,2,4,20,3,4,854,32,3.0,50,UP,138,18.0,true,3655,3536,1388,16,103,0,3,2,UP,1.0,305.0,337.0,365.0,1137.0,1080.0,1661.0,4.331,
17,MOOSE,TrackPoint,2,4,21,3,5,854,32,3.0,200,UP,75,18.0,true,3834,3719,1454,72,43,0,2,1,UP,1.0,272.0,171.0,345.508,1056.0,1080.0,1661.0,4.331,
17,MOOSE,TrackPoint,2,4,22,3,6,854,32,6.0,100,DOWN,595,18.0,true,3758,2800,1232,33,925,0,2,1,UP,1.0,300.0,378.0,402.0,1161.0,1080.0,1661.0,4.331,
17,MOOSE,TrackPoint,2,4,23,3,7,854,32,3.0,100,DOWN,141,18.0,true,3552,3127,465,382,43,0,1,1,UP,1.0,267.0,471.0,381.0,1222.0,1080.0,1661.0,4.331,
17,MOOSE,TrackPoint,2,4,24,3,8,854,32,6.0,200,UP,38,18.0,true,3441,2624,972,40,777,2,1,1,UP,1.0,243.699,166.629,314.502,1064.0,1080.0,1661.0,4.331,
17,MOOSE,TrackPoint,2,4,25,4,1,854,32,6.0,300,DOWN,321,18.0,true,4620,3407,1257,89,1124,-1,2,1,DOWN,1.0,126.0,475.0,411.281,1518.0,1080.0,1661.0,4.331,
17,MOOSE,TrackPoint,2,4,26,4,2,854,32,3.0,200,DOWN,270,18.0,true,4126,3600,1262,18,508,0,1,1,UP,1.0,319.0,561.0,431.0,1455.0,1080.0,1661.0,4.331,
17,MOOSE,TrackPoint,2,4,27,4,3,854,32,3.0,50,DOWN,388,18.0,true,3058,2014,1150,200,844,0,1,1,DOWN,1.0,422.0,670.0,468.0,1222.0,1080.0,1661.0,4.331,
17,MOOSE,TrackPoint,2,4,28,4,4,854,32,3.0,300,UP,159,18.0,true,4409,3216,1213,463,730,1,1,1,UP,1.0,437.0,258.0,502.0,1266.0,1080.0,1661.0,4.331,
17,MOOSE,TrackPoint,2,4,29,4,5,854,32,6.0,100,UP,393,18.0,true,4252,3440,1120,7,805,-1,1,1,DOWN,1.0,389.0,275.0,536.0,1072.0,1080.0,1661.0,4.331,
17,MOOSE,TrackPoint,2,4,30,4,6,854,32,3.0,100,UP,236,18.0,true,2541,1888,991,17,636,-1,0,1,UP,1.0,340.0,332.0,411.54,1107.0,1080.0,1661.0,4.331,
17,MOOSE,TrackPoint,2,4,31,4,7,854,32,6.0,50,UP,48,18.0,true,2993,1583,1117,440,970,1,2,1,UP,1.0,340.434,292.519,428.0,1062.0,1080.0,1661.0,4.331,
17,MOOSE,TrackPoint,2,4,32,4,8,854,32,6.0,200,DOWN,471,18.0,true,2675,1584,88,504,587,1,1,1,DOWN,1.0,455.0,318.0,519.073,1249.0,1080.0,1661.0,4.331,
17,MOOSE,Drag,2,2,1,1,1,854,32,6.0,300,DOWN,442,18.0,true,7668,6593,737,149,926,0,1,1,UP,2.0,112.0,168.0,1069.0,1195.0,1080.0,1661.0,4.331,
17,MOOSE,Drag,2,2,2,1,2,854,32,6.0,200,DOWN,270,18.0,true,3925,3781,847,88,56,-1,1,1,UP,2.0,167.0,526.0,915.0,1243.0,1080.0,1661.0,4.331,
17,MOOSE,Drag,2,2,3,1,3,854,32,3.0,100,DOWN,629,18.0,true,2822,2176,975,49,597,-1,1,1,DOWN,2.0,199.0,540.0,917.0,1141.0,1080.0,1661.0,4.331,
17,MOOSE,Drag,2,2,4,1,4,854,32,6.0,50,DOWN,327,18.0,true,2101,1488,640,27,586,1,1,1,DOWN,2.0,170.571,564.0,252.458,1175.0,1080.0,1661.0,4.331,
17,MOOSE,Drag,2,2,5,1,5,854,32,6.0,100,UP,170,18.0,true,3883,3562,1232,285,36,0,1,1,UP,2.0,123.0,461.759,915.365,1091.0,1080.0,1661.0,4.331,
17,MOOSE,Drag,2,2,6,1,6,854,32,3.0,200,UP,538,18.0,true,5259,4449,720,167,643,0,2,1,DOWN,2.0,174.525,398.0,912.703,1109.0,1080.0,1661.0,4.331,
17,MOOSE,Drag,2,2,7,1,7,854,32,3.0,300,UP,371,18.0,true,7357,6401,721,283,673,0,1,1,DOWN,2.0,195.985,393.0,920.0,1070.0,1080.0,1661.0,4.331,
17,MOOSE,Drag,2,2,8,1,8,854,32,3.0,50,UP,268,18.0,true,2880,1809,1297,291,780,-1,0,1,UP,2.0,246.0,411.0,924.0,1016.0,1080.0,1661.0,4.331,
17,MOOSE,Drag,2,2,9,2,1,854,32,3.0,200,DOWN,756,18.0,true,5449,4482,866,30,937,-1,1,1,UP,2.0,127.04,444.0,938.488,1221.0,1080.0,1661.0,4.331,
17,MOOSE,Drag,2,2,10,2,2,854,32,6.0,100,DOWN,698,18.0,true,2530,1855,400,91,584,2,0,1,DOWN,2.0,172.0,399.0,936.415,1109.0,1080.0,1661.0,4.331,
17,MOOSE,Drag,2,2,11,2,3,854,32,6.0,200,UP,439,18.0,true,5258,4705,1169,16,537,-1,1,1,DOWN,2.0,78.0,406.0,932.0,1057.0,1080.0,1661.0,4.331,
17,MOOSE,Drag,2,2,12,2,4,854,32,3.0,300,DOWN,464,18.0,true,6409,5605,635,760,44,0,1,1,UP,2.0,142.0,416.0,922.0,1231.0,1080.0,1661.0,4.331,
17,MOOSE,Drag,2,2,13,2,5,854,32,3.0,100,UP,728,18.0,true,4104,3473,1600,37,594,0,2,1,DOWN,2.0,130.52,446.0,922.0,1151.0,1080.0,1661.0,4.331,
17,MOOSE,Drag,2,2,14,2,6,854,32,3.0,50,DOWN,334,18.0,true,1985,1940,656,14,31,-1,1,1,UP,2.0,199.0,455.0,255.977,1075.0,1080.0,1661.0,4.331,
17,MOOSE,Drag,2,2,15,2,7,854,32,6.0,300,UP,175,18.0,true,6322,5263,95,441,618,1,1,1,DOWN,2.0,93.909,383.0,917.503,1068.0,1080.0,1661.0,4.331,
17,MOOSE,Drag,2,2,16,2,8,854,32,6.0,50,UP,753,18.0,true,2852,1584,159,421,847,0,0,1,UP,2.0,181.512,430.0,277.0,1003.0,1080.0,1661.0,4.331,
17,MOOSE,Drag,2,2,17,3,1,854,32,3.0,100,UP,703,18.0,true,5104,3681,1808,113,1310,0,3,1,UP,2.0,60.0,438.0,916.654,1012.0,1080.0,1661.0,4.331,
17,MOOSE,Drag,2,2,18,3,2,854,32,6.0,100,DOWN,572,18.0,true,4150,3951,833,169,30,0,1,1,UP,2.0,163.0,522.0,878.0,1192.0,1080.0,1661.0,4.331,
17,MOOSE,Drag,2,2,19,3,3,854,32,3.0,200,DOWN,442,18.0,true,5104,4416,1264,60,628,0,1,1,DOWN,2.0,138.275,537.0,880.0,1280.0,1080.0,1661.0,4.331,
17,MOOSE,Drag,2,2,20,3,4,854,32,3.0,300,UP,67,18.0,true,6485,5375,560,299,811,-1,0,1,UP,2.0,161.51,450.0,344.0,1101.0,1080.0,1661.0,4.331,
17,MOOSE,Drag,2,2,21,3,5,854,32,6.0,50,UP,92,18.0,true,2036,919,470,388,729,0,1,1,UP,2.0,177.608,483.0,308.0,987.0,1080.0,1661.0,4.331,
17,MOOSE,Drag,2,2,22,3,6,854,32,3.0,50,DOWN,334,18.0,true,2958,1872,992,238,848,0,1,1,DOWN,2.0,162.0,655.0,236.1,1242.0,1080.0,1661.0,4.331,
17,MOOSE,Drag,2,2,23,3,7,854,32,6.0,200,UP,178,18.0,true,5025,4272,929,64,689,-1,1,1,UP,2.0,186.95,522.0,881.0,1109.0,1080.0,1661.0,4.331,
17,MOOSE,Drag,2,2,24,3,8,854,32,6.0,300,DOWN,659,18.0,true,6026,5024,144,383,619,1,1,1,UP,2.0,135.098,443.0,884.0,1304.0,1080.0,1661.0,4.331,
17,MOOSE,Drag,2,2,25,4,1,854,32,3.0,200,UP,384,18.0,true,6440,5680,2383,17,743,0,1,1,DOWN,2.0,121.0,452.504,896.0,1083.0,1080.0,1661.0,4.331,
17,MOOSE,Drag,2,2,26,4,2,854,32,3.0,50,UP,160,18.0,true,2734,2064,1505,49,621,0,2,1,UP,2.0,181.533,506.0,274.0,995.0,1080.0,1661.0,4.331,
17,MOOSE,Drag,2,2,27,4,3,854,32,3.0,100,DOWN,407,18.0,true,3560,3408,1104,102,50,0,1,1,DOWN,2.0,204.0,449.0,291.0,1293.0,1080.0,1661.0,4.331,
17,MOOSE,Drag,2,2,28,4,4,854,32,6.0,300,UP,485,18.0,true,6850,6080,1157,7,763,1,1,1,UP,2.0,145.0,447.0,893.0,1239.482,1080.0,1661.0,4.331,
17,MOOSE,Drag,2,2,29,4,5,854,32,6.0,100,UP,600,18.0,true,4514,3264,1120,29,1221,-1,1,1,DOWN,2.0,217.923,468.0,884.0,1115.0,1080.0,1661.0,4.331,
17,MOOSE,Drag,2,2,30,4,6,854,32,6.0,50,DOWN,732,18.0,true,3040,2097,913,90,853,-1,1,1,UP,2.0,187.0,585.0,264.52,1251.0,1080.0,1661.0,4.331,
17,MOOSE,Drag,2,2,31,4,7,854,32,6.0,200,DOWN,793,18.0,true,4840,3969,1247,2,869,0,1,1,DOWN,2.0,205.0,505.0,889.0,1304.0,1080.0,1661.0,4.331,
17,MOOSE,Drag,2,2,32,4,8,854,32,3.0,300,DOWN,523,18.0,true,5626,4992,960,52,582,0,1,1,DOWN,2.0,91.559,476.0,890.0,1363.584,1080.0,1661.0,4.331,
17,MOOSE,Drag,3,3,1,1,1,854,32,3.0,50,UP,771,18.0,true,3957,2640,1440,40,1277,0,1,1,UP,1.0,86.0,720.0,434.0,1201.0,1080.0,1661.0,4.331,
17,MOOSE,Drag,3,3,2,1,2,854,32,6.0,50,DOWN,196,18.0,true,4023,3054,1520,219,750,-2,1,1,DOWN,1.0,229.498,748.0,389.493,1374.0,1080.0,1661.0,4.331,
17,MOOSE,Drag,3,3,3,1,3,854,32,6.0,100,DOWN,198,18.0,true,4724,4461,898,131,132,0,1,1,UP,1.0,241.0,693.0,369.0,1578.0,1080.0,1661.0,4.331,
17,MOOSE,Drag,3,3,4,1,4,854,32,3.0,200,UP,564,18.0,true,12446,12223,3008,157,66,0,2,1,DOWN,1.0,293.0,606.0,481.0,1334.0,1080.0,1661.0,4.331,
17,MOOSE,Drag,3,3,5,1,5,854,32,3.0,300,UP,473,18.0,true,12525,11472,2161,357,696,-1,0,1,UP,1.0,288.44,591.0,525.0,1257.0,1080.0,1661.0,4.331,
17,MOOSE,Drag,3,3,6,1,6,854,32,3.0,100,DOWN,758,18.0,true,4635,4386,1056,192,57,0,1,1,UP,1.0,317.0,598.0,407.504,1381.0,1080.0,1661.0,4.331,
17,MOOSE,Drag,3,3,7,1,7,854,32,6.0,200,DOWN,518,18.0,true,8524,8329,672,122,73,-1,1,1,DOWN,1.0,269.0,529.0,454.029,1531.0,1080.0,1661.0,4.331,
17,MOOSE,Drag,3,3,8,1,8,854,32,6.0,300,UP,435,18.0,true,13908,13574,2577,283,51,0,1,1,UP,1.0,267.0,577.0,431.0,1346.0,1080.0,1661.0,4.331,
17,MOOSE,Drag,3,3,9,2,1,854,32,3.0,100,UP,716,18.0,true,5665,3919,1200,86,1660,0,1,1,UP,1.0,143.0,600.0,469.0,1201.0,1080.0,1661.0,4.331,
17,MOOSE,Drag,3,3,10,2,2,854,32,6.0,100,UP,138,18.0,true,4648,3891,97,697,60,-1,0,1,UP,1.0,259.519,590.0,477.0,1192.0,1080.0,1661.0,4.331,
17,MOOSE,Drag,3,3,11,2,3,854,32,6.0,300,DOWN,438,18.0,true,12315,11601,1040,111,603,-1,2,1,DOWN,1.0,193.468,575.0,385.447,1347.0,1080.0,1661.0,4.331,
17,MOOSE,Drag,3,3,12,2,4,854,32,6.0,50,UP,84,18.0,true,4358,4047,1327,270,41,0,1,1,UP,1.0,248.0,639.0,336.0,1229.0,1080.0,1661.0,4.331,
17,MOOSE,Drag,3,3,13,2,5,854,32,6.0,200,UP,114,18.0,true,9548,8687,943,140,721,-1,1,1,UP,1.0,217.49,539.0,450.0,1184.0,1080.0,1661.0,4.331,
17,MOOSE,Drag,3,3,14,2,6,854,32,3.0,300,DOWN,622,18.0,true,10554,10345,1585,153,56,1,0,1,UP,1.0,269.0,525.0,390.51,1418.0,1080.0,1661.0,4.331,
17,MOOSE,Drag,3,3,15,2,7,854,32,3.0,50,DOWN,497,18.0,true,3865,3120,1983,129,616,-1,1,1,DOWN,1.0,275.0,562.0,422.0,1291.0,1080.0,1661.0,4.331,
17,MOOSE,Drag,3,3,16,2,8,854,32,3.0,200,DOWN,531,18.0,true,8552,8481,1185,17,54,1,1,1,UP,1.0,240.0,568.0,370.0,1350.0,1080.0,1661.0,4.331,
17,MOOSE,Drag,3,3,17,3,1,854,32,3.0,50,UP,668,18.0,true,3191,1936,752,236,1019,0,1,1,UP,1.0,127.0,596.0,371.0,1229.0,1080.0,1661.0,4.331,
17,MOOSE,Drag,3,3,18,3,2,854,32,6.0,100,UP,456,18.0,true,5440,5216,896,163,61,-1,1,1,UP,1.0,291.478,600.0,393.0,1297.0,1080.0,1661.0,4.331,
17,MOOSE,Drag,3,3,19,3,3,854,32,6.0,300,UP,180,18.0,true,12756,12460,959,245,51,-1,1,1,UP,1.0,264.0,548.0,519.0,1319.0,1080.0,1661.0,4.331,
17,MOOSE,Drag,3,3,20,3,4,854,32,3.0,200,DOWN,349,18.0,true,10951,10543,1888,347,61,0,1,1,UP,1.0,281.524,526.0,430.0,1316.0,1080.0,1661.0,4.331,
17,MOOSE,Drag,3,3,21,3,5,854,32,3.0,300,DOWN,332,18.0,true,12270,12056,721,158,56,0,1,1,DOWN,1.0,268.522,527.0,422.0,1434.0,1080.0,1661.0,4.331,
17,MOOSE,Drag,3,3,22,3,6,854,32,6.0,200,DOWN,773,18.0,true,7037,6081,800,329,627,2,0,1,DOWN,1.0,271.498,580.0,390.52,1392.0,1080.0,1661.0,4.331,
17,MOOSE,Drag,3,3,23,3,7,854,32,3.0,100,UP,217,18.0,true,6427,6028,1008,365,34,-1,0,1,UP,1.0,301.0,539.0,454.0,1284.0,1080.0,1661.0,4.331,
17,MOOSE,Drag,3,3,24,3,8,854,32,6.0,50,DOWN,153,18.0,true,3030,2352,1200,147,531,-1,1,1,DOWN,1.0,290.0,555.0,420.0,1431.0,1080.0,1661.0,4.331,
17,MOOSE,Drag,3,3,25,4,1,854,32,3.0,300,UP,16,18.0,true,9560,9215,1664,336,9,0,1,1,UP,1.0,225.0,606.0,545.0,1317.0,1080.0,1661.0,4.331,
17,MOOSE,Drag,3,3,26,4,2,854,32,6.0,300,DOWN,673,18.0,true,9932,9377,1679,21,534,0,1,1,DOWN,1.0,232.062,570.0,385.258,1268.0,1080.0,1661.0,4.331,
17,MOOSE,Drag,3,3,27,4,3,854,32,3.0,100,DOWN,534,18.0,true,3895,3552,1212,45,298,1,0,1,DOWN,1.0,252.0,578.0,372.0,1371.0,1080.0,1661.0,4.331,
17,MOOSE,Drag,3,3,28,4,4,854,32,6.0,200,UP,268,18.0,true,10060,9868,2415,140,52,0,1,1,UP,1.0,280.468,568.0,440.0,1286.0,1080.0,1661.0,4.331,
17,MOOSE,Drag,3,3,29,4,5,854,32,3.0,200,UP,105,18.0,true,9435,9215,1072,157,63,1,1,1,UP,1.0,333.0,623.0,507.0,1232.0,1080.0,1661.0,4.331,
17,MOOSE,Drag,3,3,30,4,6,854,32,3.0,50,DOWN,529,18.0,true,4891,4208,2527,39,644,0,1,1,DOWN,1.0,326.289,568.0,440.0,1287.0,1080.0,1661.0,4.331,
17,MOOSE,Drag,3,3,31,4,7,854,32,6.0,100,DOWN,628,18.0,true,5548,4944,1296,119,485,-1,1,1,DOWN,1.0,317.212,554.0,482.447,1176.0,1080.0,1661.0,4.331,
17,MOOSE,Drag,3,3,32,4,8,854,32,6.0,50,UP,351,18.0,true,4097,3994,1391,40,63,0,1,1,UP,1.0,352.472,548.0,463.0,1192.0,1080.0,1661.0,4.331,
17,MOOSE,Rubbing,3,1,1,1,1,854,32,6.0,100,UP,42,18.0,true,3669,2401,400,306,962,0,0,1,UP,1.0,117.0,732.0,411.0,1118.0,1080.0,1661.0,4.331,
17,MOOSE,Rubbing,3,1,2,1,2,854,32,6.0,50,UP,217,18.0,true,6303,5503,3567,81,719,0,1,1,DOWN,1.0,275.0,566.0,392.0,1163.0,1080.0,1661.0,4.331,
17,MOOSE,Rubbing,3,1,3,1,3,854,32,3.0,100,DOWN,703,18.0,true,4383,4290,1697,36,57,1,0,1,UP,1.0,297.5,801.0,360.0,1145.5,1080.0,1661.0,4.331,
17,MOOSE,Rubbing,3,1,4,1,4,854,32,6.0,200,UP,205,18.0,true,4621,4466,688,83,72,-1,1,1,DOWN,1.0,297.0,606.0,382.0,1180.0,1080.0,1661.0,4.331,
17,MOOSE,Rubbing,3,1,5,1,5,854,32,6.0,300,DOWN,469,18.0,true,3307,2384,0,736,187,-1,0,1,UP,1.0,278.0,563.0,379.0,1242.5,1080.0,1661.0,4.331,
17,MOOSE,Rubbing,3,1,6,1,6,854,32,3.0,300,UP,525,18.0,true,6261,5713,1664,104,444,0,1,1,UP,1.0,287.446,559.0,380.251,1228.032,1080.0,1661.0,4.331,
17,MOOSE,Rubbing,3,1,7,1,7,854,32,3.0,200,DOWN,506,18.0,true,3234,1808,0,560,866,0,0,1,DOWN,1.0,287.0,626.0,396.5,1210.0,1080.0,1661.0,4.331,
17,MOOSE,Rubbing,3,1,8,1,8,854,32,3.0,50,DOWN,199,18.0,true,4862,3951,2576,298,613,0,0,1,UP,1.0,323.475,620.0,388.0,1236.0,1080.0,1661.0,4.331,
17,MOOSE,Rubbing,3,1,9,2,1,854,32,3.0,200,UP,218,18.0,true,5709,4880,1904,32,797,-1,0,1,UP,1.0,245.0,842.618,350.5,1254.0,1080.0,1661.0,4.331,
17,MOOSE,Rubbing,3,1,10,2,2,854,32,3.0,300,DOWN,666,18.0,true,5654,5279,1647,209,166,0,1,1,UP,1.0,268.0,639.0,370.0,1291.0,1080.0,1661.0,4.331,
17,MOOSE,Rubbing,3,1,11,2,3,854,32,3.0,100,UP,671,18.0,true,3156,2979,1105,124,53,-1,0,1,DOWN,1.0,303.5,822.5,359.0,1244.0,1080.0,1661.0,4.331,
17,MOOSE,Rubbing,3,1,12,2,4,854,32,6.0,300,UP,351,18.0,true,7896,6655,2816,24,1217,0,1,1,DOWN,1.0,284.0,652.0,379.0,1232.5,1080.0,1661.0,4.331,
17,MOOSE,Rubbing,3,1,13,2,5,854,32,6.0,200,DOWN,228,18.0,false,6468,5536,1296,20,912,-3,0,1,UP,1.0,267.0,554.0,388.0,1185.5,1080.0,1661.0,4.331,
17,MOOSE,Rubbing,3,1,14,2,5,854,32,6.0,50,DOWN,318,18.0,true,3973,2223,238,539,1211,1,0,1,UP,1.0,316.5,589.0,397.523,1149.0,1080.0,1661.0,4.331,
17,MOOSE,Rubbing,3,1,15,2,6,854,32,6.0,100,DOWN,314,18.0,true,2983,1232,0,638,1113,0,0,1,DOWN,1.0,311.0,603.0,388.353,1174.0,1080.0,1661.0,4.331,
17,MOOSE,Rubbing,3,1,16,2,7,854,32,3.0,50,UP,492,18.0,true,2823,2161,1169,192,470,-1,0,1,UP,1.0,320.0,578.5,437.5,1154.0,1080.0,1661.0,4.331,
17,MOOSE,Rubbing,3,1,17,2,8,854,32,6.0,200,DOWN,558,18.0,true,3966,3022,1312,32,912,0,2,1,DOWN,1.0,288.261,657.0,390.0,1229.5,1080.0,1661.0,4.331,
17,MOOSE,Rubbing,3,1,18,3,1,854,32,6.0,300,UP,392,18.0,true,5574,4799,1889,103,672,0,1,1,UP,1.0,228.0,513.0,426.0,1170.5,1080.0,1661.0,4.331,
17,MOOSE,Rubbing,3,1,19,3,2,854,32,6.0,100,UP,367,18.0,true,4221,3264,1951,101,856,0,2,1,UP,1.0,322.0,526.0,418.0,1151.0,1080.0,1661.0,4.331,
17,MOOSE,Rubbing,3,1,20,3,3,854,32,3.0,300,UP,344,18.0,true,4826,4545,1280,86,195,0,1,1,DOWN,1.0,309.0,723.5,396.0,1158.5,1080.0,1661.0,4.331,
17,MOOSE,Rubbing,3,1,21,3,4,854,32,6.0,200,DOWN,436,18.0,true,4764,4656,1438,54,54,1,1,1,UP,1.0,287.767,598.0,416.0,1292.0,1080.0,1661.0,4.331,
17,MOOSE,Rubbing,3,1,22,3,5,854,32,3.0,50,UP,757,18.0,true,5062,4623,3344,126,313,0,1,1,DOWN,1.0,330.0,556.0,489.0,1144.0,1080.0,1661.0,4.331,
17,MOOSE,Rubbing,3,1,23,3,6,854,32,6.0,50,DOWN,246,18.0,true,4711,3904,1377,185,622,-2,1,1,UP,1.0,317.0,575.0,448.0,1235.5,1080.0,1661.0,4.331,
17,MOOSE,Rubbing,3,1,24,3,7,854,32,3.0,200,DOWN,746,18.0,true,5356,5168,1776,138,50,0,1,1,UP,1.0,294.5,559.0,439.0,1199.5,1080.0,1661.0,4.331,
17,MOOSE,Rubbing,3,1,25,3,8,854,32,3.0,100,DOWN,451,18.0,true,4425,4065,1488,329,31,0,1,1,UP,1.0,275.5,534.0,462.5,1245.0,1080.0,1661.0,4.331,
17,MOOSE,Rubbing,3,1,26,4,1,854,32,6.0,50,UP,649,18.0,true,5332,4129,2513,307,896,1,1,2,UP,1.0,209.0,608.0,398.0,1222.5,1080.0,1661.0,4.331,
17,MOOSE,Rubbing,3,1,27,4,2,854,32,3.0,300,DOWN,567,18.0,true,6232,5668,687,526,38,0,0,1,UP,1.0,266.0,616.0,406.0,1215.0,1080.0,1661.0,4.331,
17,MOOSE,Rubbing,3,1,28,4,3,854,32,6.0,300,DOWN,570,18.0,true,5226,4640,1136,9,577,0,1,1,UP,1.0,258.0,584.0,419.0,1361.0,1080.0,1661.0,4.331,
17,MOOSE,Rubbing,3,1,29,4,4,854,32,3.0,50,DOWN,534,18.0,true,3256,2575,1920,111,570,0,1,1,DOWN,1.0,328.512,519.0,473.0,1080.5,1080.0,1661.0,4.331,
17,MOOSE,Rubbing,3,1,30,4,5,854,32,6.0,200,UP,81,18.0,true,3575,2720,927,37,818,-2,0,1,UP,1.0,307.0,685.5,416.5,1167.0,1080.0,1661.0,4.331,
17,MOOSE,Rubbing,3,1,31,4,6,854,32,3.0,200,UP,588,18.0,true,3957,3865,1152,38,54,0,1,1,UP,1.0,283.0,614.0,438.0,1171.5,1080.0,1661.0,4.331,
17,MOOSE,Rubbing,3,1,32,4,7,854,32,3.0,100,UP,341,18.0,true,4681,4209,2000,232,240,0,2,1,DOWN,1.0,270.5,582.0,432.0,1271.5,1080.0,1661.0,4.331,
17,MOOSE,Rubbing,3,1,33,4,8,854,32,6.0,100,DOWN,482,18.0,true,2497,1009,0,599,889,0,0,1,DOWN,1.0,274.0,624.0,371.0,1213.5,1080.0,1661.0,4.331,
17,MOOSE,Rubbing,3,2,1,1,1,854,32,6.0,50,UP,746,18.0,true,2689,1760,1215,12,917,2,1,1,UP,1.0,193.0,684.0,386.0,1087.0,1080.0,1661.0,4.331,
17,MOOSE,Rubbing,3,2,2,1,2,854,32,6.0,300,DOWN,831,18.0,true,5124,4384,913,136,604,1,1,1,UP,1.0,266.0,683.0,359.5,1297.0,1080.0,1661.0,4.331,
17,MOOSE,Rubbing,3,2,3,1,3,854,32,6.0,100,DOWN,402,18.0,true,4655,4078,113,517,60,0,0,1,DOWN,1.0,307.5,577.0,417.0,1137.0,1080.0,1661.0,4.331,
17,MOOSE,Rubbing,3,2,4,1,4,854,32,6.0,200,UP,420,18.0,true,4482,3472,373,462,548,0,1,1,UP,1.0,279.5,685.0,396.0,1195.0,1080.0,1661.0,4.331,
17,MOOSE,Rubbing,3,2,5,1,5,854,32,3.0,200,UP,322,18.0,true,3760,2959,1358,117,684,0,1,1,UP,1.0,280.5,682.0,386.0,1194.0,1080.0,1661.0,4.331,
17,MOOSE,Rubbing,3,2,6,1,6,854,32,3.0,50,UP,786,18.0,true,4230,3038,1919,399,793,-1,0,1,UP,1.0,285.0,578.0,444.0,1147.0,1080.0,1661.0,4.331,
17,MOOSE,Rubbing,3,2,7,1,7,854,32,3.0,100,DOWN,688,18.0,true,3751,3581,1777,129,41,0,1,1,UP,1.0,299.0,582.0,416.0,1170.0,1080.0,1661.0,4.331,
17,MOOSE,Rubbing,3,2,8,1,8,854,32,3.0,300,DOWN,669,18.0,true,4564,3568,1311,304,692,1,0,1,DOWN,1.0,257.0,620.0,404.423,1215.5,1080.0,1661.0,4.331,
17,MOOSE,Rubbing,3,2,9,2,1,854,32,6.0,100,UP,225,18.0,true,2331,1072,80,508,751,-1,0,1,UP,1.0,184.0,875.5,307.0,1174.5,1080.0,1661.0,4.331,
17,MOOSE,Rubbing,3,2,10,2,2,854,32,6.0,200,DOWN,347,18.0,true,3635,2671,959,88,876,1,1,1,DOWN,1.0,265.0,615.0,387.0,1181.5,1080.0,1661.0,4.331,
17,MOOSE,Rubbing,3,2,11,2,3,854,32,6.0,300,UP,411,18.0,true,5150,4288,1200,213,649,2,1,1,UP,1.0,276.0,708.0,364.0,1214.0,1080.0,1661.0,4.331,
17,MOOSE,Rubbing,3,2,12,2,4,854,32,3.0,200,DOWN,835,18.0,true,3507,3356,1248,93,58,0,1,1,DOWN,1.0,253.0,659.0,377.0,1230.5,1080.0,1661.0,4.331,
17,MOOSE,Rubbing,3,2,13,2,5,854,32,3.0,300,UP,310,18.0,true,5423,5296,2288,67,60,0,1,1,UP,1.0,266.0,689.0,385.0,1310.0,1080.0,1661.0,4.331,
17,MOOSE,Rubbing,3,2,14,2,6,854,32,6.0,50,DOWN,239,18.0,true,2623,2034,1169,320,269,-2,0,1,DOWN,1.0,300.0,642.0,390.0,1104.0,1080.0,1661.0,4.331,
17,MOOSE,Rubbing,3,2,15,2,7,854,32,3.0,100,UP,372,18.0,true,3134,2401,1392,151,582,0,0,1,UP,1.0,281.0,818.0,353.0,1200.0,1080.0,1661.0,4.331,
17,MOOSE,Rubbing,3,2,16,2,8,854,32,3.0,50,DOWN,769,18.0,true,3280,2336,1728,104,840,0,1,1,DOWN,1.0,292.0,613.0,430.0,1125.0,1080.0,1661.0,4.331,
17,MOOSE,Rubbing,3,2,17,3,1,854,32,3.0,50,UP,164,18.0,true,3570,2257,1712,353,960,0,1,1,UP,1.0,193.0,592.0,401.0,1241.0,1080.0,1661.0,4.331,
17,MOOSE,Rubbing,3,2,18,3,2,854,32,6.0,50,UP,20,18.0,true,2965,2080,927,132,753,-2,1,1,UP,1.0,304.0,565.0,414.0,1112.0,1080.0,1661.0,4.331,
17,MOOSE,Rubbing,3,2,19,3,3,854,32,6.0,200,DOWN,313,18.0,true,5329,5223,1488,48,58,-1,2,1,UP,1.0,242.0,595.0,435.0,1231.0,1080.0,1661.0,4.331,
17,MOOSE,Rubbing,3,2,20,3,4,854,32,3.0,200,DOWN,508,18.0,true,4884,3360,1328,79,1445,0,1,1,UP,1.0,253.5,637.0,404.0,1282.5,1080.0,1661.0,4.331,
17,MOOSE,Rubbing,3,2,21,3,5,854,32,3.0,300,UP,528,18.0,true,5860,4961,1761,23,876,0,1,1,UP,1.0,248.744,568.0,404.0,1327.0,1080.0,1661.0,4.331,
17,MOOSE,Rubbing,3,2,22,3,6,854,32,3.0,100,DOWN,775,18.0,true,3549,2847,1438,10,692,0,1,1,UP,1.0,268.0,589.0,406.2,1253.5,1080.0,1661.0,4.331,
17,MOOSE,Rubbing,3,2,23,3,7,854,32,6.0,100,DOWN,487,18.0,true,5238,4209,2609,328,701,1,1,1,UP,1.0,271.514,640.0,405.532,1257.0,1080.0,1661.0,4.331,
17,MOOSE,Rubbing,3,2,24,3,8,854,32,6.0,300,UP,441,18.0,true,6284,6195,2415,39,50,0,2,1,UP,1.0,254.0,672.0,377.0,1322.5,1080.0,1661.0,4.331,
17,MOOSE,Rubbing,3,2,25,4,1,854,32,6.0,200,UP,138,18.0,true,4360,3616,1296,11,733,1,1,1,UP,1.0,181.0,578.0,419.0,1285.5,1080.0,1661.0,4.331,
17,MOOSE,Rubbing,3,2,26,4,2,854,32,3.0,50,DOWN,281,18.0,true,3848,2864,2000,248,736,0,2,1,DOWN,1.0,308.0,539.0,494.0,1145.0,1080.0,1661.0,4.331,
17,MOOSE,Rubbing,3,2,27,4,3,854,32,3.0,300,DOWN,692,18.0,true,4811,4497,1247,263,51,0,1,1,UP,1.0,249.0,601.0,443.0,1286.5,1080.0,1661.0,4.331,
17,MOOSE,Rubbing,3,2,28,4,4,854,32,6.0,100,UP,60,18.0,true,3959,3729,1966,181,49,2,2,1,UP,1.0,275.317,625.0,424.0,1328.0,1080.0,1661.0,4.331,
17,MOOSE,Rubbing,3,2,29,4,5,854,32,3.0,100,UP,366,18.0,true,6927,5041,768,404,1482,0,0,2,UP,1.0,317.0,567.0,452.0,1214.0,1080.0,1661.0,4.331,
17,MOOSE,Rubbing,3,2,30,4,6,854,32,6.0,50,DOWN,488,18.0,true,2036,1217,481,302,517,0,0,1,DOWN,1.0,326.248,598.0,416.0,1060.5,1080.0,1661.0,4.331,
17,MOOSE,Rubbing,3,2,31,4,7,854,32,6.0,300,DOWN,644,18.0,true,6631,6175,415,71,385,0,1,1,UP,1.0,262.0,598.0,414.0,1252.0,1080.0,1661.0,4.331,
17,MOOSE,Rubbing,3,2,32,4,8,854,32,3.0,200,UP,548,18.0,true,3269,1744,-1,816,709,0,0,1,UP,1.0,257.5,904.5,341.0,1284.0,1080.0,1661.0,4.331,
17,MOOSE,Rubbing,3,3,1,1,1,854,32,3.0,200,UP,497,18.0,true,4075,3200,1582,42,833,0,1,1,UP,1.0,118.0,750.0,321.0,1269.0,1080.0,1661.0,4.331,
17,MOOSE,Rubbing,3,3,2,1,2,854,32,6.0,50,UP,644,18.0,true,2644,2050,1346,40,554,2,2,1,UP,1.0,252.0,753.0,322.523,1298.0,1080.0,1661.0,4.331,
17,MOOSE,Rubbing,3,3,3,1,3,854,32,6.0,200,DOWN,656,18.0,true,3813,3247,1632,37,529,-1,1,1,DOWN,1.0,247.257,579.0,375.0,1279.467,1080.0,1661.0,4.331,
17,MOOSE,Rubbing,3,3,4,1,4,854,32,3.0,100,UP,141,18.0,true,3832,3055,1534,143,634,0,1,2,UP,1.0,259.0,714.0,344.0,1288.5,1080.0,1661.0,4.331,
17,MOOSE,Rubbing,3,3,5,1,5,854,32,6.0,100,DOWN,206,18.0,true,2146,2095,800,1,50,0,1,1,UP,1.0,257.0,679.0,377.0,1287.0,1080.0,1661.0,4.331,
17,MOOSE,Rubbing,3,3,6,1,6,854,32,3.0,300,UP,163,18.0,true,8240,8032,2289,155,53,1,1,1,UP,1.0,219.0,607.0,396.0,1297.0,1080.0,1661.0,4.331,
17,MOOSE,Rubbing,3,3,7,1,7,854,32,6.0,300,DOWN,378,18.0,true,5966,5071,1439,231,664,0,1,1,DOWN,1.0,230.503,647.0,365.0,1427.0,1080.0,1661.0,4.331,
17,MOOSE,Rubbing,3,3,8,1,8,854,32,3.0,50,DOWN,762,18.0,true,3675,3585,1457,33,57,0,1,2,DOWN,1.0,252.0,594.0,358.0,1206.0,1080.0,1661.0,4.331,
17,MOOSE,Rubbing,3,3,9,2,1,854,32,3.0,100,DOWN,806,18.0,true,4001,2897,1313,23,1081,0,1,1,UP,1.0,181.0,817.0,327.0,1296.5,1080.0,1661.0,4.331,
17,MOOSE,Rubbing,3,3,10,2,2,854,32,6.0,100,UP,601,18.0,true,3161,1120,0,617,1424,1,0,1,UP,1.0,287.5,966.0,377.0,1251.5,1080.0,1661.0,4.331,
17,MOOSE,Rubbing,3,3,11,2,3,854,32,6.0,50,DOWN,436,18.0,true,2709,2511,1296,167,31,1,1,1,UP,1.0,266.5,719.0,352.0,1269.5,1080.0,1661.0,4.331,
17,MOOSE,Rubbing,3,3,12,2,4,854,32,3.0,50,UP,525,18.0,true,2344,2159,960,133,52,0,1,1,DOWN,1.0,274.0,702.633,361.0,1271.0,1080.0,1661.0,4.331,
17,MOOSE,Rubbing,3,3,13,2,5,854,32,6.0,300,UP,463,18.0,true,4644,4557,1656,46,41,2,1,1,UP,1.0,277.5,610.0,445.0,1298.0,1080.0,1661.0,4.331,
17,MOOSE,Rubbing,3,3,14,2,6,854,32,3.0,200,DOWN,397,18.0,true,4684,3856,1215,60,768,0,1,1,DOWN,1.0,260.0,648.0,445.0,1310.5,1080.0,1661.0,4.331,
17,MOOSE,Rubbing,3,3,15,2,7,854,32,6.0,200,UP,107,18.0,true,5029,4900,1169,76,53,0,1,1,UP,1.0,265.0,587.0,416.0,1302.5,1080.0,1661.0,4.331,
17,MOOSE,Rubbing,3,3,16,2,8,854,32,3.0,300,DOWN,334,18.0,true,4687,4415,1759,30,242,0,1,1,UP,1.0,253.0,613.0,410.82,1326.744,1080.0,1661.0,4.331,
17,MOOSE,Rubbing,3,3,17,3,1,854,32,6.0,200,UP,464,18.0,true,3820,2961,992,53,806,0,1,1,UP,1.0,199.0,645.0,455.0,1318.0,1080.0,1661.0,4.331,
17,MOOSE,Rubbing,3,3,18,3,2,854,32,3.0,300,DOWN,733,18.0,true,3725,3167,864,8,550,0,1,1,DOWN,1.0,273.5,632.0,405.0,1296.736,1080.0,1661.0,4.331,
17,MOOSE,Rubbing,3,3,19,3,3,854,32,3.0,100,UP,454,18.0,true,4274,3712,2128,30,532,0,1,1,DOWN,1.0,259.0,637.0,419.0,1247.5,1080.0,1661.0,4.331,
17,MOOSE,Rubbing,3,3,20,3,4,854,32,6.0,50,DOWN,777,18.0,true,3906,2639,2079,296,971,-2,1,1,DOWN,1.0,283.5,701.0,401.0,1257.5,1080.0,1661.0,4.331,
17,MOOSE,Rubbing,3,3,21,3,5,854,32,3.0,200,UP,271,18.0,true,3944,3730,991,183,31,0,1,1,UP,1.0,256.0,687.0,391.072,1336.0,1080.0,1661.0,4.331,
17,MOOSE,Rubbing,3,3,22,3,6,854,32,3.0,50,DOWN,273,18.0,true,2497,1937,1105,204,356,1,1,1,UP,1.0,270.0,760.0,347.0,1236.5,1080.0,1661.0,4.331,
17,MOOSE,Rubbing,3,3,23,3,7,854,32,6.0,300,UP,99,18.0,true,4133,2945,113,603,585,0,0,1,DOWN,1.0,250.535,672.0,380.518,1304.5,1080.0,1661.0,4.331,
17,MOOSE,Rubbing,3,3,24,3,8,854,32,6.0,100,DOWN,799,18.0,true,4006,3536,2177,39,431,-1,1,1,DOWN,1.0,250.0,638.0,366.0,1295.0,1080.0,1661.0,4.331,
17,MOOSE,Rubbing,3,3,25,4,1,854,32,6.0,200,DOWN,819,18.0,false,4510,3745,1808,51,714,3,1,1,UP,1.0,176.0,746.0,326.517,1306.0,1080.0,1661.0,4.331,
17,MOOSE,Rubbing,3,3,26,4,1,854,32,3.0,100,DOWN,418,18.0,true,4363,4287,1504,36,40,0,1,1,DOWN,1.0,230.5,763.0,325.0,1361.0,1080.0,1661.0,4.331,
17,MOOSE,Rubbing,3,3,27,4,2,854,32,6.0,50,UP,27,18.0,true,3448,2544,1969,266,638,0,2,1,UP,1.0,258.728,739.0,348.0,1312.0,1080.0,1661.0,4.331,
17,MOOSE,Rubbing,3,3,28,4,3,854,32,6.0,200,DOWN,265,18.0,true,4626,3568,1008,118,940,0,1,1,DOWN,1.0,235.253,721.0,370.0,1375.5,1080.0,1661.0,4.331,
17,MOOSE,Rubbing,3,3,29,4,4,854,32,3.0,200,DOWN,338,18.0,true,3775,3503,1038,207,65,0,1,1,DOWN,1.0,245.752,710.0,344.576,1326.5,1080.0,1661.0,4.331,
17,MOOSE,Rubbing,3,3,30,4,5,854,32,3.0,300,UP,38,18.0,true,6345,5424,769,143,778,-1,1,1,UP,1.0,243.0,725.0,359.0,1432.0,1080.0,1661.0,4.331,
17,MOOSE,Rubbing,3,3,31,4,6,854,32,3.0,50,UP,437,18.0,true,3652,2528,1794,12,1112,0,1,1,UP,1.0,243.441,653.0,393.0,1374.0,1080.0,1661.0,4.331,
17,MOOSE,Rubbing,3,3,32,4,7,854,32,6.0,100,UP,231,18.0,true,4033,3313,1073,445,275,-1,1,1,DOWN,1.0,246.634,611.0,413.0,1320.5,1080.0,1661.0,4.331,
17,MOOSE,Rubbing,3,3,33,4,8,854,32,6.0,300,DOWN,817,18.0,true,4130,3424,946,12,694,-2,1,1,DOWN,1.0,228.0,672.0,394.0,1331.5,1080.0,1661.0,4.331,
17,MOOSE,Rubbing,3,4,1,1,1,854,32,3.0,300,DOWN,418,18.0,true,5739,5073,2384,57,609,0,1,1,DOWN,1.0,171.0,749.0,333.0,1405.0,1080.0,1661.0,4.331,
17,MOOSE,Rubbing,3,4,2,1,2,854,32,3.0,50,DOWN,823,18.0,true,3787,2977,2545,117,693,0,2,1,DOWN,1.0,268.0,690.0,400.0,1271.0,1080.0,1661.0,4.331,
17,MOOSE,Rubbing,3,4,3,1,3,854,32,6.0,50,DOWN,197,18.0,true,3813,3413,2242,362,38,-2,0,1,DOWN,1.0,275.0,632.0,404.0,1254.5,1080.0,1661.0,4.331,
17,MOOSE,Rubbing,3,4,4,1,4,854,32,3.0,100,UP,51,18.0,true,3582,3230,1375,319,33,0,1,1,UP,1.0,269.726,719.0,380.0,1316.0,1080.0,1661.0,4.331,
17,MOOSE,Rubbing,3,4,5,1,5,854,32,3.0,200,UP,357,18.0,true,3291,2624,0,593,74,0,0,1,DOWN,1.0,269.5,637.0,425.0,1245.5,1080.0,1661.0,4.331,
17,MOOSE,Rubbing,3,4,6,1,6,854,32,6.0,100,DOWN,317,18.0,true,2231,1532,0,648,51,2,0,1,UP,1.0,282.0,642.0,403.0,1213.5,1080.0,1661.0,4.331,
17,MOOSE,Rubbing,3,4,7,1,7,854,32,6.0,200,UP,210,18.0,true,5257,4336,2336,415,506,0,2,1,DOWN,1.0,264.0,651.0,401.0,1338.0,1080.0,1661.0,4.331,
17,MOOSE,Rubbing,3,4,8,1,8,854,32,6.0,300,UP,171,18.0,true,5317,4289,1392,127,901,0,1,1,UP,1.0,222.0,665.0,373.0,1358.0,1080.0,1661.0,4.331,
17,MOOSE,Rubbing,3,4,9,2,1,854,32,6.0,100,UP,559,18.0,true,4663,3663,1647,30,970,0,1,2,UP,1.0,199.0,641.0,408.0,1289.5,1080.0,1661.0,4.331,
17,MOOSE,Rubbing,3,4,10,2,2,854,32,6.0,200,DOWN,481,18.0,true,5243,3696,1391,431,1116,1,1,1,DOWN,1.0,258.0,630.0,402.0,1319.0,1080.0,1661.0,4.331,
17,MOOSE,Rubbing,3,4,11,2,3,854,32,3.0,300,UP,345,18.0,true,4873,4289,1825,57,527,0,1,1,UP,1.0,261.5,645.0,381.0,1354.0,1080.0,1661.0,4.331,
17,MOOSE,Rubbing,3,4,12,2,4,854,32,6.0,300,DOWN,349,18.0,true,3719,2496,0,697,526,2,0,1,DOWN,1.0,250.0,623.0,384.0,1284.5,1080.0,1661.0,4.331,
17,MOOSE,Rubbing,3,4,13,2,5,854,32,3.0,50,UP,610,18.0,true,4429,3534,3023,200,695,0,1,1,UP,1.0,271.0,696.0,403.0,1342.0,1080.0,1661.0,4.331,
17,MOOSE,Rubbing,3,4,14,2,6,854,32,6.0,50,UP,249,18.0,true,2373,2137,832,188,48,-1,1,1,DOWN,1.0,284.0,890.5,328.0,1213.0,1080.0,1661.0,4.331,
17,MOOSE,Rubbing,3,4,15,2,7,854,32,3.0,100,DOWN,725,18.0,true,3034,2755,928,224,55,-1,1,1,UP,1.0,262.0,672.0,397.0,1303.5,1080.0,1661.0,4.331,
17,MOOSE,Rubbing,3,4,16,2,8,854,32,3.0,200,DOWN,791,18.0,true,3620,3335,943,241,44,1,0,1,UP,1.0,269.0,781.0,392.0,1300.5,1080.0,1661.0,4.331,
17,MOOSE,Rubbing,3,4,17,3,1,854,32,6.0,50,UP,436,18.0,true,2371,944,0,521,906,1,0,1,UP,1.0,165.0,953.0,293.0,1289.5,1080.0,1661.0,4.331,
17,MOOSE,Rubbing,3,4,18,3,2,854,32,3.0,100,UP,83,18.0,true,3032,1809,145,806,417,-1,0,1,DOWN,1.0,253.0,784.0,354.0,1312.0,1080.0,1661.0,4.331,
17,MOOSE,Rubbing,3,4,19,3,3,854,32,3.0,300,DOWN,767,18.0,true,5040,3937,400,565,538,0,0,1,DOWN,1.0,233.0,729.0,357.0,1347.0,1080.0,1661.0,4.331,
17,MOOSE,Rubbing,3,4,20,3,4,854,32,6.0,100,UP,708,18.0,true,4770,3839,2031,205,726,0,1,1,UP,1.0,254.0,733.0,376.0,1374.5,1080.0,1661.0,4.331,
17,MOOSE,Rubbing,3,4,21,3,5,854,32,3.0,50,DOWN,494,18.0,true,3020,2161,961,44,815,0,1,1,UP,1.0,271.5,729.0,376.0,1292.0,1080.0,1661.0,4.331,
17,MOOSE,Rubbing,3,4,22,3,6,854,32,3.0,200,DOWN,366,18.0,true,4903,4110,1839,67,726,-1,2,1,DOWN,1.0,251.0,735.0,400.0,1370.0,1080.0,1661.0,4.331,
17,MOOSE,Rubbing,3,4,23,3,7,854,32,6.0,300,UP,235,18.0,true,4665,3952,1360,84,629,1,1,1,DOWN,1.0,264.0,660.0,392.0,1339.0,1080.0,1661.0,4.331,
17,MOOSE,Rubbing,3,4,24,3,8,854,32,6.0,200,DOWN,525,18.0,true,4773,3984,1264,19,770,1,1,1,DOWN,1.0,256.0,683.0,399.0,1385.0,1080.0,1661.0,4.331,
17,MOOSE,Rubbing,3,4,25,4,1,854,32,3.0,50,UP,721,18.0,true,2347,1535,1056,72,740,0,1,1,UP,1.0,242.0,944.0,330.5,1255.0,1080.0,1661.0,4.331,
17,MOOSE,Rubbing,3,4,26,4,2,854,32,3.0,200,UP,531,18.0,true,4256,4197,929,42,17,-1,0,1,UP,1.0,283.5,973.5,337.0,1297.0,1080.0,1661.0,4.331,
17,MOOSE,Rubbing,3,4,27,4,3,854,32,6.0,100,DOWN,546,18.0,true,4497,4175,2014,268,54,0,1,1,UP,1.0,283.736,701.0,438.0,1367.0,1080.0,1661.0,4.331,
17,MOOSE,Rubbing,3,4,28,4,4,854,32,6.0,200,UP,244,18.0,true,4444,3855,1520,54,535,1,2,1,UP,1.0,285.5,740.0,404.0,1374.0,1080.0,1661.0,4.331,
17,MOOSE,Rubbing,3,4,29,4,5,854,32,3.0,100,DOWN,726,18.0,true,2661,2017,976,111,533,-1,0,1,DOWN,1.0,304.0,723.0,415.0,1253.5,1080.0,1661.0,4.331,
17,MOOSE,Rubbing,3,4,30,4,6,854,32,3.0,300,UP,308,18.0,true,4741,4573,1056,132,36,0,1,1,UP,1.0,299.5,781.5,410.502,1270.5,1080.0,1661.0,4.331,
17,MOOSE,Rubbing,3,4,31,4,7,854,32,6.0,50,DOWN,294,18.0,true,2842,2694,1127,92,56,1,1,1,DOWN,1.0,346.0,665.0,448.0,1167.5,1080.0,1661.0,4.331,
17,MOOSE,Rubbing,3,4,32,4,8,854,32,6.0,300,DOWN,665,18.0,true,4223,3650,864,69,504,1,1,1,DOWN,1.0,289.0,683.0,460.0,1277.5,1080.0,1661.0,4.331,
17,MOOSE,Drag,4,4,1,1,1,854,32,3.0,50,UP,592,18.0,true,3450,2704,1040,70,676,0,0,1,DOWN,1.0,109.0,636.0,442.0,1122.0,1080.0,1661.0,4.331,
17,MOOSE,Drag,4,4,2,1,2,854,32,6.0,200,DOWN,726,18.0,true,6233,6109,832,48,76,1,1,1,UP,1.0,219.0,574.0,412.0,1333.0,1080.0,1661.0,4.331,
17,MOOSE,Drag,4,4,3,1,3,854,32,3.0,100,DOWN,295,18.0,true,4537,3904,1520,34,599,0,2,1,DOWN,1.0,249.0,627.0,420.0,1314.0,1080.0,1661.0,4.331,
17,MOOSE,Drag,4,4,4,1,4,854,32,6.0,100,UP,74,18.0,true,4232,3440,1137,81,711,0,1,1,UP,1.0,287.0,628.0,439.0,1185.0,1080.0,1661.0,4.331,
17,MOOSE,Drag,4,4,5,1,5,854,32,3.0,200,DOWN,372,18.0,true,6225,6119,1487,50,56,0,2,1,UP,1.0,229.0,642.0,383.0,1327.0,1080.0,1661.0,4.331,
17,MOOSE,Drag,4,4,6,1,6,854,32,6.0,50,UP,625,18.0,true,3092,2544,993,56,492,0,1,1,DOWN,1.0,302.0,616.0,405.0,1149.0,1080.0,1661.0,4.331,
17,MOOSE,Drag,4,4,7,1,7,854,32,6.0,300,UP,318,18.0,true,10827,10510,400,297,20,-1,0,1,UP,1.0,205.0,417.894,505.0,1321.0,1080.0,1661.0,4.331,
17,MOOSE,Drag,4,4,8,1,8,854,32,3.0,300,DOWN,605,18.0,true,9123,8303,1327,341,479,1,0,1,DOWN,1.0,214.0,444.0,454.505,1440.0,1080.0,1661.0,4.331,
17,MOOSE,Drag,4,4,9,2,1,854,32,6.0,50,DOWN,766,18.0,true,3308,2512,846,55,741,0,1,1,UP,1.0,231.0,649.0,411.0,1280.0,1080.0,1661.0,4.331,
17,MOOSE,Drag,4,4,10,2,2,854,32,3.0,50,DOWN,118,18.0,true,2746,2636,1343,57,53,-1,1,1,UP,1.0,268.0,668.0,423.649,1360.0,1080.0,1661.0,4.331,
17,MOOSE,Drag,4,4,11,2,3,854,32,3.0,100,UP,720,18.0,true,4510,3824,752,180,506,0,2,1,DOWN,1.0,325.0,567.0,492.0,1167.0,1080.0,1661.0,4.331,
17,MOOSE,Drag,4,4,12,2,4,854,32,6.0,300,DOWN,551,18.0,true,8944,8467,465,431,46,-1,0,1,DOWN,1.0,218.0,535.0,446.0,1442.0,1080.0,1661.0,4.331,
17,MOOSE,Drag,4,4,13,2,5,854,32,3.0,300,UP,271,18.0,true,13059,12622,2495,411,26,0,0,1,UP,1.0,227.0,498.5,519.0,1301.0,1080.0,1661.0,4.331,
17,MOOSE,Drag,4,4,14,2,6,854,32,6.0,200,UP,412,18.0,true,7776,7603,689,122,51,0,1,1,UP,1.0,302.0,479.0,556.0,1192.0,1080.0,1661.0,4.331,
17,MOOSE,Drag,4,4,15,2,7,854,32,6.0,100,DOWN,138,18.0,true,4706,3919,990,287,500,-1,1,1,DOWN,1.0,319.491,457.0,477.0,1331.522,1080.0,1661.0,4.331,
17,MOOSE,Drag,4,4,16,2,8,854,32,3.0,200,UP,562,18.0,true,9918,9810,1999,55,53,1,1,1,DOWN,1.0,376.0,505.0,582.0,1147.0,1080.0,1661.0,4.331,
17,MOOSE,Drag,4,4,17,3,1,854,32,3.0,50,DOWN,376,18.0,true,2945,2065,897,233,647,1,0,1,DOWN,1.0,238.0,638.0,448.0,1273.0,1080.0,1661.0,4.331,
17,MOOSE,Drag,4,4,18,3,2,854,32,6.0,300,DOWN,380,18.0,true,8946,8887,1281,11,48,-2,1,1,DOWN,1.0,258.0,65.0,490.0,1565.0,1080.0,1661.0,4.331,
17,MOOSE,Drag,4,4,19,3,3,854,32,3.0,200,DOWN,421,18.0,false,6711,5535,1808,127,1049,-2,1,1,DOWN,1.0,333.0,455.0,533.0,1569.0,1080.0,1661.0,4.331,
17,MOOSE,Drag,4,4,20,3,3,854,32,6.0,100,UP,246,18.0,true,4702,4612,880,61,29,0,1,1,UP,1.0,387.0,498.0,616.0,1306.0,1080.0,1661.0,4.331,
17,MOOSE,Drag,4,4,21,3,4,854,32,6.0,200,UP,183,18.0,false,12465,11455,1888,290,720,-3,0,1,UP,1.0,258.0,406.0,573.0,1262.0,1080.0,1661.0,4.331,
17,MOOSE,Drag,4,4,22,3,4,854,32,6.0,200,UP,543,18.0,true,8827,8720,1073,55,52,1,1,1,UP,1.0,221.0,481.0,482.0,1282.0,1080.0,1661.0,4.331,
17,MOOSE,Drag,4,4,23,3,5,854,32,3.0,100,UP,559,18.0,true,6440,5472,1361,147,821,0,0,1,UP,1.0,295.473,454.0,411.0,1124.0,1080.0,1661.0,4.331,
17,MOOSE,Drag,4,4,24,3,6,854,32,3.0,200,DOWN,354,18.0,true,9445,8207,1888,281,957,0,1,1,DOWN,1.0,245.0,477.0,471.0,1346.0,1080.0,1661.0,4.331,
17,MOOSE,Drag,4,4,25,3,7,854,32,6.0,50,DOWN,777,18.0,true,2440,2052,704,333,55,0,1,1,DOWN,1.0,267.271,508.0,389.0,1235.0,1080.0,1661.0,4.331,
17,MOOSE,Drag,4,4,26,3,8,854,32,3.0,300,UP,443,18.0,true,14164,14008,975,121,35,0,1,1,UP,1.0,165.0,421.0,470.0,1245.0,1080.0,1661.0,4.331,
17,MOOSE,Drag,4,4,27,4,1,854,32,6.0,100,DOWN,274,18.0,true,4223,3047,183,563,613,0,0,1,DOWN,1.0,129.0,508.0,394.0,1279.0,1080.0,1661.0,4.331,
17,MOOSE,Drag,4,4,28,4,2,854,32,6.0,50,UP,470,18.0,true,3322,2639,781,106,577,0,1,1,DOWN,1.0,248.0,475.0,400.0,1049.0,1080.0,1661.0,4.331,
17,MOOSE,Drag,4,4,29,4,3,854,32,6.0,300,UP,118,18.0,true,11351,10383,1233,135,833,0,1,1,UP,1.0,255.45,359.0,437.0,1132.0,1080.0,1661.0,4.331,
17,MOOSE,Drag,4,4,30,4,4,854,32,3.0,200,UP,54,18.0,true,9925,8465,848,795,665,0,0,1,DOWN,1.0,50.446,374.0,421.0,1157.0,1080.0,1661.0,4.331,
17,MOOSE,Drag,4,4,31,4,5,854,32,3.0,300,DOWN,775,18.0,true,7448,6240,1584,341,867,-1,1,1,DOWN,1.0,277.0,304.0,503.0,1622.0,1080.0,1661.0,4.331,
17,MOOSE,Drag,4,4,32,4,6,854,32,3.0,100,DOWN,686,18.0,true,5855,5810,1409,13,32,0,1,1,UP,1.0,305.0,341.0,503.0,1619.0,1080.0,1661.0,4.331,
17,MOOSE,Drag,4,4,33,4,7,854,32,6.0,200,DOWN,756,18.0,true,7464,7009,1824,388,67,1,1,1,DOWN,1.0,315.0,298.0,438.0,1575.0,1080.0,1661.0,4.331,
17,MOOSE,Drag,4,4,34,4,8,854,32,3.0,50,UP,768,18.0,true,4009,2977,1536,46,986,0,1,1,UP,1.0,338.507,433.0,479.0,1250.0,1080.0,1661.0,4.331,
17,MOOSE,Circle3,4,1,1,1,1,854,32,3.0,200,DOWN,639,18.0,true,7969,6497,1871,28,1444,0,2,1,UP,1.0,171.0,575.0,610.0,963.0,1080.0,1661.0,4.331,
17,MOOSE,Circle3,4,1,2,1,2,854,32,6.0,100,UP,454,18.0,true,6118,4847,1216,391,880,-2,0,1,UP,1.0,221.0,657.725,510.0,1105.0,1080.0,1661.0,4.331,
17,MOOSE,Circle3,4,1,3,1,3,854,32,3.0,300,DOWN,778,18.0,false,19825,19604,2480,182,39,778,1,1,UP,1.0,239.729,643.0,546.254,1080.0,1080.0,1661.0,4.331,
17,MOOSE,Circle3,4,1,4,1,3,854,32,6.0,300,DOWN,611,18.0,true,10751,9039,336,606,1106,-2,1,1,DOWN,1.0,222.687,649.0,523.076,1056.0,1080.0,1661.0,4.331,
17,MOOSE,Circle3,4,1,5,1,4,854,32,3.0,300,DOWN,759,18.0,false,16088,14225,4959,217,1646,-2,2,1,DOWN,1.0,237.0,663.0,520.734,1067.271,1080.0,1661.0,4.331,
17,MOOSE,Circle3,4,1,6,1,4,854,32,3.0,300,DOWN,698,18.0,true,14308,12879,1904,395,1034,0,1,1,DOWN,1.0,215.0,643.694,539.19,1067.0,1080.0,1661.0,4.331,
17,MOOSE,Circle3,4,1,7,1,5,854,32,6.0,50,UP,22,18.0,true,2189,976,465,449,764,0,1,1,DOWN,1.0,301.0,784.0,426.725,973.097,1080.0,1661.0,4.331,
17,MOOSE,Circle3,4,1,8,1,6,854,32,6.0,200,DOWN,371,18.0,true,11332,10688,2926,59,585,1,2,1,DOWN,1.0,219.327,681.269,576.0,1076.538,1080.0,1661.0,4.331,
17,MOOSE,Circle3,4,1,9,1,7,854,32,3.0,100,UP,502,18.0,true,8863,8318,1664,513,32,0,1,1,UP,1.0,241.0,631.274,520.0,1008.0,1080.0,1661.0,4.331,
17,MOOSE,Circle3,4,1,10,1,8,854,32,3.0,50,UP,673,18.0,true,5442,4049,3136,389,1004,0,1,1,UP,1.0,322.0,741.0,492.0,1031.0,1080.0,1661.0,4.331,
17,MOOSE,Circle3,4,1,11,2,1,854,32,6.0,200,UP,534,18.0,true,8514,7279,1248,26,1209,0,1,1,DOWN,1.0,193.0,633.674,533.564,1000.0,1080.0,1661.0,4.331,
17,MOOSE,Circle3,4,1,12,2,2,854,32,3.0,50,DOWN,425,18.0,true,3755,2465,1233,569,721,-1,1,1,DOWN,1.0,249.704,731.0,488.0,990.0,1080.0,1661.0,4.331,
17,MOOSE,Circle3,4,1,13,2,3,854,32,6.0,50,DOWN,429,18.0,true,3352,2463,879,354,535,2,0,1,DOWN,1.0,293.252,748.0,496.0,961.144,1080.0,1661.0,4.331,
17,MOOSE,Circle3,4,1,14,2,4,854,32,6.0,300,UP,435,18.0,true,18076,17667,3601,361,48,1,1,1,UP,1.0,223.0,603.0,516.591,1051.0,1080.0,1661.0,4.331,
17,MOOSE,Circle3,4,1,15,2,5,854,32,3.0,100,DOWN,675,18.0,true,5693,4432,352,684,577,0,0,1,DOWN,1.0,268.0,682.055,537.332,1101.0,1080.0,1661.0,4.331,
17,MOOSE,Circle3,4,1,16,2,6,854,32,3.0,200,UP,467,18.0,true,12537,11874,3938,113,550,0,1,1,UP,1.0,208.275,598.0,512.077,1086.519,1080.0,1661.0,4.331,
17,MOOSE,Circle3,4,1,17,2,7,854,32,6.0,100,DOWN,656,18.0,true,5958,4928,1279,384,646,1,1,1,UP,1.0,207.462,605.0,515.242,993.0,1080.0,1661.0,4.331,
17,MOOSE,Circle3,4,1,18,2,8,854,32,3.0,300,UP,430,18.0,false,14845,13953,2449,252,640,4,1,1,DOWN,2.0,164.0,579.0,959.0,1090.713,1080.0,1661.0,4.331,
17,MOOSE,Circle3,4,1,19,2,8,854,32,3.0,300,UP,319,18.0,true,13860,13010,2305,812,38,0,0,1,UP,2.0,206.927,589.0,965.0,981.0,1080.0,1661.0,4.331,
17,MOOSE,Circle3,4,1,20,3,1,854,32,6.0,50,UP,163,18.0,true,3702,2656,1612,159,887,-1,1,1,UP,2.0,192.0,590.0,966.0,1023.0,1080.0,1661.0,4.331,
17,MOOSE,Circle3,4,1,21,3,2,854,32,6.0,100,DOWN,567,18.0,true,5837,4992,2064,195,650,0,1,1,DOWN,2.0,203.0,628.69,418.0,953.0,1080.0,1661.0,4.331,
17,MOOSE,Circle3,4,1,22,3,3,854,32,3.0,200,DOWN,799,18.0,true,7897,6943,337,444,510,0,0,1,DOWN,2.0,226.43,610.0,511.0,893.425,1080.0,1661.0,4.331,
17,MOOSE,Circle3,4,1,23,3,4,854,32,6.0,200,UP,13,18.0,false,22634,20510,272,1536,588,-3,0,2,UP,2.0,189.958,587.0,981.0,1030.263,1080.0,1661.0,4.331,
17,MOOSE,Circle3,4,1,24,3,4,854,32,3.0,300,DOWN,624,18.0,true,8837,7665,1488,206,966,1,0,1,DOWN,2.0,183.592,592.0,948.0,1174.414,1080.0,1661.0,4.331,
17,MOOSE,Circle3,4,1,25,3,5,854,32,6.0,300,UP,378,18.0,false,9523,8495,1168,74,954,5,1,1,DOWN,2.0,142.411,594.0,954.0,1165.957,1080.0,1661.0,4.331,
17,MOOSE,Circle3,4,1,26,3,5,854,32,3.0,100,DOWN,613,18.0,true,6964,6000,4720,133,831,-1,2,1,DOWN,2.0,237.591,596.0,951.0,1160.522,1080.0,1661.0,4.331,
17,MOOSE,Circle3,4,1,27,3,6,854,32,6.0,200,UP,111,18.0,false,8633,7505,1793,113,1015,-3,1,1,UP,2.0,184.878,598.0,953.0,1205.141,1080.0,1661.0,4.331,
17,MOOSE,Circle3,4,1,28,3,6,854,32,6.0,200,UP,371,18.0,true,5314,5063,1697,193,58,0,1,1,DOWN,2.0,187.43,599.0,957.0,1215.755,1080.0,1661.0,4.331,
17,MOOSE,Circle3,4,1,29,3,7,854,32,6.0,300,UP,411,18.0,false,3444,3339,0,56,49,-182,0,0,UP,2.0,188.288,600.0,958.0,1150.992,1080.0,1661.0,4.331,
17,MOOSE,Circle3,4,1,30,3,7,854,32,3.0,50,UP,732,18.0,true,4145,3552,1856,562,31,1,1,1,UP,2.0,184.0,601.0,962.0,1191.969,1080.0,1661.0,4.331,
17,MOOSE,Circle3,4,1,31,3,8,854,32,6.0,300,UP,387,18.0,true,18848,18284,3167,519,45,-1,1,1,UP,2.0,185.0,601.0,972.0,1216.5,1080.0,1661.0,4.331,
17,MOOSE,Circle3,4,1,32,4,1,854,32,6.0,50,DOWN,791,18.0,true,5581,4528,1056,138,915,-1,1,1,UP,2.0,170.0,599.531,971.0,938.0,1080.0,1661.0,4.331,
17,MOOSE,Circle3,4,1,33,4,2,854,32,6.0,200,DOWN,758,18.0,true,7854,6686,1599,356,812,1,2,1,DOWN,2.0,312.0,627.0,930.0,820.0,1080.0,1661.0,4.331,
17,MOOSE,Circle3,4,1,34,4,3,854,32,3.0,300,UP,360,18.0,true,16420,15169,5025,157,1094,1,3,1,UP,2.0,188.449,605.0,979.0,1151.0,1080.0,1661.0,4.331,
17,MOOSE,Circle3,4,1,35,4,4,854,32,3.0,200,UP,522,18.0,true,11383,11003,801,322,58,0,1,1,DOWN,2.0,225.0,588.516,994.0,1114.0,1080.0,1661.0,4.331,
17,MOOSE,Circle3,4,1,36,4,5,854,32,3.0,100,UP,619,18.0,true,5030,3775,1696,386,869,-1,2,1,UP,2.0,283.838,617.0,996.0,956.0,1080.0,1661.0,4.331,
17,MOOSE,Circle3,4,1,37,4,6,854,32,6.0,300,DOWN,385,18.0,true,12346,11232,1824,324,790,-1,1,1,DOWN,2.0,268.587,590.436,1011.0,973.0,1080.0,1661.0,4.331,
17,MOOSE,Circle3,4,1,38,4,7,854,32,6.0,100,UP,294,18.0,true,5166,5105,1473,31,30,-1,1,1,UP,2.0,284.209,617.0,1010.435,1067.557,1080.0,1661.0,4.331,
17,MOOSE,Circle3,4,1,39,4,8,854,32,3.0,50,DOWN,218,18.0,true,4578,3343,2417,453,782,0,0,1,DOWN,2.0,265.927,618.0,1020.0,936.656,1080.0,1661.0,4.331,
17,MOOSE,Circle3,4,2,1,1,1,854,32,3.0,300,DOWN,469,18.0,true,14038,11280,1422,140,2618,1,1,1,DOWN,2.0,206.0,622.0,1019.0,1092.0,1080.0,1661.0,4.331,
17,MOOSE,Circle3,4,2,2,1,2,854,32,6.0,100,DOWN,712,18.0,true,5230,5135,1743,35,60,0,1,1,UP,2.0,232.411,693.0,972.0,1102.0,1080.0,1661.0,4.331,
17,MOOSE,Circle3,4,2,3,1,3,854,32,3.0,100,DOWN,321,18.0,true,12080,10399,5519,660,1021,1,2,1,DOWN,2.0,254.997,722.577,986.0,1150.301,1080.0,1661.0,4.331,
17,MOOSE,Circle3,4,2,4,1,4,854,32,3.0,50,DOWN,495,18.0,true,4764,3823,2896,88,853,1,2,1,DOWN,2.0,293.415,684.888,983.0,1174.0,1080.0,1661.0,4.331,
17,MOOSE,Circle3,4,2,5,1,5,854,32,3.0,200,UP,542,18.0,true,11851,9968,2962,887,996,-1,0,1,UP,2.0,287.199,748.0,992.0,1162.586,1080.0,1661.0,4.331,
17,MOOSE,Circle3,4,2,6,1,6,854,32,6.0,300,UP,499,18.0,true,19472,18351,3952,195,926,-1,1,1,DOWN,2.0,202.0,654.428,991.0,1190.594,1080.0,1661.0,4.331,
17,MOOSE,Circle3,4,2,7,1,7,854,32,6.0,200,UP,169,18.0,true,6464,5247,654,282,935,0,1,1,DOWN,2.0,248.543,680.0,936.17,1088.678,1080.0,1661.0,4.331,
17,MOOSE,Circle3,4,2,8,1,8,854,32,6.0,50,UP,333,18.0,true,3517,2319,1134,365,833,1,1,1,UP,2.0,264.0,681.716,939.0,1092.948,1080.0,1661.0,4.331,
17,MOOSE,Circle3,4,2,9,2,1,854,32,3.0,200,DOWN,232,18.0,true,5277,4338,1266,111,828,0,1,1,DOWN,2.0,189.0,597.0,938.0,1048.0,1080.0,1661.0,4.331,
17,MOOSE,Circle3,4,2,10,2,2,854,32,6.0,100,UP,478,18.0,true,7958,7231,1215,82,645,0,1,1,DOWN,2.0,202.409,614.419,947.0,978.0,1080.0,1661.0,4.331,
17,MOOSE,Circle3,4,2,11,2,3,854,32,6.0,50,DOWN,194,18.0,true,3718,2866,1537,80,772,1,1,1,DOWN,2.0,262.0,678.665,948.5,932.5,1080.0,1661.0,4.331,
17,MOOSE,Circle3,4,2,12,2,4,854,32,3.0,100,UP,687,18.0,true,5121,3871,1855,388,862,1,1,1,UP,2.0,225.0,633.0,953.0,961.561,1080.0,1661.0,4.331,
17,MOOSE,Circle3,4,2,13,2,5,854,32,3.0,300,UP,225,18.0,true,21824,21565,1775,228,31,-1,4,3,UP,2.0,156.0,597.566,955.0,1052.598,1080.0,1661.0,4.331,
17,MOOSE,Circle3,4,2,14,2,6,854,32,6.0,200,DOWN,268,18.0,true,8347,7761,336,310,276,0,1,1,UP,2.0,226.625,653.0,958.0,978.456,1080.0,1661.0,4.331,
17,MOOSE,Circle3,4,2,15,2,7,854,32,6.0,300,DOWN,488,18.0,true,13315,12688,672,91,536,-1,1,1,DOWN,2.0,225.0,677.396,976.0,1070.0,1080.0,1661.0,4.331,
17,MOOSE,Circle3,4,2,16,2,8,854,32,3.0,50,UP,143,18.0,true,3045,2900,706,103,42,0,1,1,UP,2.0,214.8,771.0,454.809,991.557,1080.0,1661.0,4.331,
17,MOOSE,Circle3,4,2,17,3,1,854,32,6.0,200,DOWN,381,18.0,true,7297,6256,2288,89,952,2,1,1,DOWN,2.0,239.0,674.0,964.166,1140.0,1080.0,1661.0,4.331,
17,MOOSE,Circle3,4,2,18,3,2,854,32,6.0,100,DOWN,179,18.0,true,5436,4496,2913,74,866,1,1,1,DOWN,2.0,306.0,672.0,967.0,1078.552,1080.0,1661.0,4.331,
17,MOOSE,Circle3,4,2,19,3,3,854,32,3.0,200,UP,49,18.0,true,12478,12296,1902,139,43,0,1,1,UP,2.0,181.157,613.0,969.5,1070.0,1080.0,1661.0,4.331,
17,MOOSE,Circle3,4,2,20,3,4,854,32,3.0,50,UP,645,18.0,true,3659,2351,1391,398,910,0,1,1,UP,2.0,234.5,683.0,969.0,1183.0,1080.0,1661.0,4.331,
17,MOOSE,Circle3,4,2,21,3,5,854,32,6.0,50,DOWN,588,18.0,true,5116,4048,2638,139,929,-1,1,1,DOWN,2.0,234.135,687.0,979.0,1165.0,1080.0,1661.0,4.331,
17,MOOSE,Circle3,4,2,22,3,6,854,32,3.0,100,UP,471,18.0,false,6479,6429,1872,15,35,471,1,1,UP,2.0,242.0,638.435,978.0,1049.0,1080.0,1661.0,4.331,
17,MOOSE,Circle3,4,2,23,3,6,854,32,6.0,300,UP,430,18.0,true,19372,18080,3473,61,1231,-1,3,2,DOWN,2.0,106.621,565.0,980.0,1141.837,1080.0,1661.0,4.331,
17,MOOSE,Circle3,4,2,24,3,7,854,32,3.0,100,UP,387,18.0,true,7336,6592,2943,380,364,1,2,1,DOWN,2.0,116.0,644.0,965.073,1102.517,1080.0,1661.0,4.331,
17,MOOSE,Circle3,4,2,25,3,8,854,32,3.0,300,DOWN,426,18.0,true,10711,9728,2209,159,824,-1,1,1,UP,2.0,158.0,663.0,989.0,1167.673,1080.0,1661.0,4.331,
17,MOOSE,Circle3,4,2,26,4,1,854,32,3.0,100,DOWN,330,18.0,true,6885,5711,4416,376,798,0,4,1,DOWN,2.0,144.0,667.0,981.0,1110.287,1080.0,1661.0,4.331,
17,MOOSE,Circle3,4,2,27,4,2,854,32,6.0,50,UP,585,18.0,true,2818,1839,528,386,593,0,1,1,DOWN,2.0,189.74,660.542,978.417,1045.0,1080.0,1661.0,4.331,
17,MOOSE,Circle3,4,2,28,4,3,854,32,6.0,200,UP,169,18.0,true,5077,4273,368,201,603,0,1,1,UP,2.0,181.415,671.0,986.0,1116.416,1080.0,1661.0,4.331,
17,MOOSE,Circle3,4,2,29,4,4,854,32,3.0,200,DOWN,819,18.0,true,11447,10321,6015,487,639,1,1,1,UP,2.0,182.404,637.0,981.237,1179.0,1080.0,1661.0,4.331,
17,MOOSE,Circle3,4,2,30,4,5,854,32,6.0,300,DOWN,662,18.0,false,12397,11432,592,914,51,-3,1,1,UP,2.0,234.0,591.42,974.0,1196.407,1080.0,1661.0,4.331,
17,MOOSE,Circle3,4,2,31,4,5,854,32,6.0,300,DOWN,647,18.0,true,14623,14473,2880,95,55,-1,1,1,UP,2.0,182.0,646.0,935.0,1227.0,1080.0,1661.0,4.331,
17,MOOSE,Circle3,4,2,32,4,6,854,32,3.0,300,UP,529,18.0,true,12818,12257,2321,41,520,-1,0,1,UP,2.0,102.0,605.5,404.955,1160.0,1080.0,1661.0,4.331,
17,MOOSE,Circle3,4,2,33,4,7,854,32,6.0,100,UP,419,18.0,true,4116,4032,1071,57,27,0,1,1,UP,2.0,89.0,627.455,324.674,1071.435,1080.0,1661.0,4.331,
17,MOOSE,Circle3,4,2,34,4,8,854,32,3.0,50,DOWN,248,18.0,true,3308,2528,848,107,673,0,1,1,UP,2.0,119.766,676.298,405.0,1061.0,1080.0,1661.0,4.331,
17,MOOSE,Circle3,4,3,1,1,1,854,32,6.0,300,DOWN,446,18.0,true,10248,8848,384,319,1081,-1,1,1,DOWN,2.0,194.0,667.5,923.0,1011.0,1080.0,1661.0,4.331,
17,MOOSE,Circle3,4,3,2,1,2,854,32,6.0,100,UP,634,18.0,true,6682,5729,592,158,795,-1,1,1,UP,1.0,176.737,644.272,482.142,1009.755,1080.0,1661.0,4.331,
17,MOOSE,Circle3,4,3,3,1,3,854,32,3.0,200,DOWN,825,18.0,true,14847,13857,3201,190,800,0,3,2,UP,1.0,244.0,628.269,492.0,941.0,1080.0,1661.0,4.331,
17,MOOSE,Circle3,4,3,4,1,4,854,32,3.0,100,DOWN,739,18.0,true,5063,4880,975,150,33,-1,1,1,UP,2.0,244.0,691.0,963.481,921.0,1080.0,1661.0,4.331,
17,MOOSE,Circle3,4,3,5,1,5,854,32,6.0,200,DOWN,729,18.0,true,6773,5953,657,66,754,2,1,1,DOWN,2.0,195.404,699.0,966.0,1009.0,1080.0,1661.0,4.331,
17,MOOSE,Circle3,4,3,6,1,6,854,32,3.0,50,UP,273,18.0,true,3859,3621,625,205,33,0,1,1,UP,2.0,188.0,702.0,967.0,1035.765,1080.0,1661.0,4.331,
17,MOOSE,Circle3,4,3,7,1,7,854,32,6.0,50,UP,689,18.0,false,4024,3328,1807,49,647,-3,0,1,DOWN,2.0,221.567,812.591,408.588,1098.0,1080.0,1661.0,4.331,
17,MOOSE,Circle3,4,3,8,1,7,854,32,3.0,300,UP,519,18.0,true,10151,9752,2064,351,48,0,0,1,UP,2.0,144.444,657.42,972.0,1126.585,1080.0,1661.0,4.331,
17,MOOSE,Circle3,4,3,9,1,8,854,32,6.0,50,UP,253,18.0,false,6681,6055,2895,570,56,3,1,1,UP,2.0,178.0,664.854,972.0,1043.435,1080.0,1661.0,4.331,
17,MOOSE,Circle3,4,3,10,1,8,854,32,6.0,50,UP,710,18.0,true,2376,1136,545,153,1087,0,1,1,UP,2.0,218.0,943.0,393.405,1134.546,1080.0,1661.0,4.331,
17,MOOSE,Circle3,4,3,11,2,1,854,32,3.0,100,UP,21,18.0,true,4592,3536,1872,233,823,0,2,1,UP,2.0,118.0,598.0,971.0,1035.551,1080.0,1661.0,4.331,
17,MOOSE,Circle3,4,3,12,2,2,854,32,6.0,200,UP,280,18.0,true,9267,8415,1855,41,811,1,2,1,DOWN,2.0,143.0,560.5,967.0,975.508,1080.0,1661.0,4.331,
17,MOOSE,Circle3,4,3,13,2,3,854,32,3.0,300,DOWN,390,18.0,true,14217,13233,4112,187,797,-1,1,1,DOWN,2.0,92.392,534.0,964.0,1073.593,1080.0,1661.0,4.331,
17,MOOSE,Circle3,4,3,14,2,4,854,32,6.0,100,DOWN,255,18.0,true,5635,4526,224,434,675,-1,1,1,DOWN,2.0,235.434,607.0,530.997,977.0,1080.0,1661.0,4.331,
17,MOOSE,Circle3,4,3,15,2,5,854,32,6.0,50,DOWN,201,18.0,true,3706,2912,1968,38,756,-2,2,1,DOWN,2.0,306.268,662.0,964.0,1001.0,1080.0,1661.0,4.331,
17,MOOSE,Circle3,4,3,16,2,6,854,32,3.0,50,DOWN,317,18.0,true,2561,1361,801,494,706,0,1,1,DOWN,2.0,311.0,705.0,969.5,958.0,1080.0,1661.0,4.331,
17,MOOSE,Circle3,4,3,17,2,7,854,32,3.0,200,UP,490,18.0,true,6874,5280,1601,176,1418,0,1,1,UP,2.0,209.993,702.663,982.0,1067.0,1080.0,1661.0,4.331,
17,MOOSE,Circle3,4,3,18,2,8,854,32,6.0,300,UP,102,18.0,true,9553,8706,1426,176,671,0,2,1,UP,2.0,196.698,710.0,980.0,1180.917,1080.0,1661.0,4.331,
17,MOOSE,Circle3,4,3,19,3,1,854,32,3.0,100,DOWN,704,18.0,true,8608,7136,5519,295,1177,-1,1,1,DOWN,2.0,148.0,711.0,979.0,1187.602,1080.0,1661.0,4.331,
17,MOOSE,Circle3,4,3,20,3,2,854,32,3.0,300,UP,129,18.0,true,6126,5580,272,494,52,0,1,1,DOWN,2.0,198.551,711.0,967.0,1175.597,1080.0,1661.0,4.331,
17,MOOSE,Circle3,4,3,21,3,3,854,32,6.0,200,DOWN,825,18.0,true,5229,4095,431,402,732,0,1,1,DOWN,2.0,220.0,711.0,978.014,1253.867,1080.0,1661.0,4.331,
17,MOOSE,Circle3,4,3,22,3,4,854,32,3.0,200,DOWN,229,18.0,true,9836,8720,416,605,511,-1,0,1,UP,2.0,227.414,684.0,479.579,1238.81,1080.0,1661.0,4.331,
17,MOOSE,Circle3,4,3,23,3,5,854,32,6.0,100,UP,539,18.0,true,5247,4144,1105,315,788,-2,0,1,DOWN,2.0,183.956,619.0,968.0,1053.135,1080.0,1661.0,4.331,
17,MOOSE,Circle3,4,3,24,3,6,854,32,6.0,50,UP,709,18.0,true,3623,2703,1455,51,869,0,1,1,UP,2.0,164.0,733.282,465.0,1128.0,1080.0,1661.0,4.331,
17,MOOSE,Circle3,4,3,25,3,7,854,32,3.0,50,UP,290,18.0,true,2338,1200,367,460,678,0,0,1,UP,2.0,214.0,810.0,443.554,1153.606,1080.0,1661.0,4.331,
17,MOOSE,Circle3,4,3,26,3,8,854,32,6.0,300,DOWN,483,18.0,true,17288,16528,4655,64,696,2,3,1,DOWN,2.0,168.0,683.0,970.0,1259.834,1080.0,1661.0,4.331,
17,MOOSE,Circle3,4,3,27,4,1,854,32,3.0,300,DOWN,531,18.0,false,2661,1568,0,95,998,240,0,0,UP,2.0,252.424,710.0,969.0,1130.0,1080.0,1661.0,4.331,
17,MOOSE,Circle3,4,3,28,4,1,854,32,3.0,200,UP,153,18.0,false,10456,10274,3376,134,48,-3,1,1,UP,2.0,194.879,608.0,968.0,1149.21,1080.0,1661.0,4.331,
17,MOOSE,Circle3,4,3,29,4,1,854,32,3.0,300,DOWN,837,18.0,true,11755,10177,2978,565,1013,0,0,1,DOWN,2.0,143.464,619.0,961.0,1258.685,1080.0,1661.0,4.331,
17,MOOSE,Circle3,4,3,30,4,2,854,32,3.0,50,DOWN,711,18.0,true,4758,4642,2827,83,33,0,1,1,UP,2.0,271.409,712.0,520.432,1076.5,1080.0,1661.0,4.331,
17,MOOSE,Circle3,4,3,31,4,3,854,32,6.0,200,UP,169,18.0,true,10612,10350,2528,216,46,1,2,1,UP,2.0,176.0,587.0,971.0,1084.408,1080.0,1661.0,4.331,
17,MOOSE,Circle3,4,3,32,4,4,854,32,6.0,300,UP,397,18.0,true,14659,14408,2352,194,57,0,1,1,DOWN,2.0,162.381,620.811,966.0,1206.0,1080.0,1661.0,4.331,
17,MOOSE,Circle3,4,3,33,4,5,854,32,3.0,100,UP,662,18.0,true,8330,7407,1856,244,679,0,2,1,DOWN,2.0,141.0,584.0,970.5,1159.0,1080.0,1661.0,4.331,
17,MOOSE,Circle3,4,3,34,4,6,854,32,3.0,200,UP,315,18.0,true,10879,10572,1985,254,53,0,1,1,DOWN,2.0,192.615,606.0,968.0,1106.0,1080.0,1661.0,4.331,
17,MOOSE,Circle3,4,3,35,4,7,854,32,6.0,50,DOWN,134,18.0,true,2578,2080,351,441,57,0,1,1,UP,2.0,245.0,703.325,480.945,1058.73,1080.0,1661.0,4.331,
17,MOOSE,Circle3,4,3,36,4,8,854,32,6.0,100,DOWN,746,18.0,true,6070,4993,1265,110,967,0,1,1,UP,2.0,214.0,760.0,464.0,1254.399,1080.0,1661.0,4.331,
17,MOOSE,Circle3,4,4,1,1,1,854,32,3.0,300,UP,369,18.0,true,16896,15841,1793,113,942,0,1,1,UP,2.0,94.0,518.581,971.0,977.702,1080.0,1661.0,4.331,
17,MOOSE,Circle3,4,4,2,1,2,854,32,6.0,200,DOWN,390,18.0,true,7513,7383,994,64,66,2,1,1,DOWN,2.0,143.58,615.0,417.182,1061.614,1080.0,1661.0,4.331,
17,MOOSE,Circle3,4,4,3,1,3,854,32,3.0,100,DOWN,559,18.0,true,9665,9040,2990,424,201,0,0,1,DOWN,2.0,171.0,585.0,931.0,1073.0,1080.0,1661.0,4.331,
17,MOOSE,Circle3,4,4,4,1,4,854,32,6.0,300,UP,367,18.0,true,10732,10405,1321,269,58,0,1,1,DOWN,2.0,158.0,534.821,411.0,1003.444,1080.0,1661.0,4.331,
17,MOOSE,Circle3,4,4,5,1,5,854,32,6.0,50,DOWN,247,18.0,true,3074,2990,1040,40,44,-2,1,1,UP,2.0,159.0,707.0,390.57,1024.403,1080.0,1661.0,4.331,
17,MOOSE,Circle3,4,4,6,1,6,854,32,3.0,200,UP,490,18.0,true,13337,12977,1680,285,75,0,1,1,UP,2.0,148.0,538.0,925.0,1033.0,1080.0,1661.0,4.331,
17,MOOSE,Circle3,4,4,7,1,7,854,32,3.0,50,DOWN,612,18.0,true,4090,2975,2127,246,869,1,2,1,DOWN,2.0,158.203,588.0,921.0,1076.0,1080.0,1661.0,4.331,
17,MOOSE,Circle3,4,4,8,1,8,854,32,6.0,100,UP,283,18.0,true,5426,5082,1152,295,49,-1,1,1,UP,2.0,177.921,591.0,930.0,1065.247,1080.0,1661.0,4.331,
17,MOOSE,Circle3,4,4,9,2,1,854,32,3.0,100,UP,111,18.0,true,9768,7934,2656,658,1176,-1,0,1,UP,2.0,151.0,486.502,941.0,962.0,1080.0,1661.0,4.331,
17,MOOSE,Circle3,4,4,10,2,2,854,32,6.0,200,UP,27,18.0,true,8239,7263,1217,154,822,2,1,1,UP,2.0,160.411,522.554,933.0,991.0,1080.0,1661.0,4.331,
17,MOOSE,Circle3,4,4,11,2,3,854,32,3.0,300,DOWN,823,18.0,true,9565,8673,3441,151,741,0,2,1,DOWN,2.0,119.0,595.0,936.0,1110.0,1080.0,1661.0,4.331,
17,MOOSE,Circle3,4,4,12,2,4,854,32,6.0,50,UP,202,18.0,true,5443,4335,2447,20,1088,1,1,1,UP,2.0,125.593,714.0,434.0,1121.0,1080.0,1661.0,4.331,
17,MOOSE,Circle3,4,4,13,2,5,854,32,6.0,100,DOWN,688,18.0,true,9426,8350,1510,30,1046,0,1,1,UP,2.0,118.603,593.0,924.0,1183.0,1080.0,1661.0,4.331,
17,MOOSE,Circle3,4,4,14,2,6,854,32,3.0,50,UP,757,18.0,true,4881,3504,2496,272,1105,0,1,1,UP,2.0,148.793,568.0,939.0,949.0,1080.0,1661.0,4.331,
17,MOOSE,Circle3,4,4,15,2,7,854,32,6.0,300,DOWN,649,18.0,true,13040,12369,1825,619,52,1,1,1,UP,2.0,169.0,599.0,958.0,1161.21,1080.0,1661.0,4.331,
17,MOOSE,Circle3,4,4,16,2,8,854,32,3.0,200,DOWN,818,18.0,true,9291,8144,1393,270,877,0,1,1,DOWN,2.0,131.0,565.0,979.0,1086.402,1080.0,1661.0,4.331,
17,MOOSE,Circle3,4,4,17,3,1,854,32,3.0,300,UP,159,18.0,true,15033,13743,2959,493,797,-1,0,1,UP,2.0,157.0,563.0,974.83,1012.0,1080.0,1661.0,4.331,
17,MOOSE,Circle3,4,4,18,3,2,854,32,6.0,100,UP,700,18.0,true,6655,6452,2783,141,62,0,2,1,UP,2.0,101.369,675.399,414.0,1114.403,1080.0,1661.0,4.331,
17,MOOSE,Circle3,4,4,19,3,3,854,32,3.0,200,DOWN,406,18.0,true,11164,10160,3424,50,954,0,2,1,DOWN,2.0,180.0,591.407,989.0,1080.605,1080.0,1661.0,4.331,
17,MOOSE,Circle3,4,4,20,3,4,854,32,6.0,50,DOWN,247,18.0,true,5874,4910,1486,131,833,0,2,2,DOWN,2.0,196.0,625.0,976.0,1128.0,1080.0,1661.0,4.331,
17,MOOSE,Circle3,4,4,21,3,5,854,32,6.0,300,DOWN,320,18.0,true,9715,8960,1715,167,588,0,2,1,UP,2.0,223.0,628.615,1004.084,1235.0,1080.0,1661.0,4.331,
17,MOOSE,Circle3,4,4,22,3,6,854,32,3.0,50,UP,438,18.0,true,2667,2112,543,34,521,-1,0,1,DOWN,2.0,231.605,828.825,490.0,1195.0,1080.0,1661.0,4.331,
17,MOOSE,Circle3,4,4,23,3,7,854,32,6.0,200,UP,460,18.0,true,6051,5072,1760,41,938,1,2,1,DOWN,2.0,217.605,650.0,1014.0,1251.801,1080.0,1661.0,4.331,
17,MOOSE,Circle3,4,4,24,3,8,854,32,3.0,100,DOWN,745,18.0,true,9034,7825,4944,414,795,0,3,1,DOWN,2.0,287.464,653.0,1006.0,1242.0,1080.0,1661.0,4.331,
17,MOOSE,Circle3,4,4,25,4,1,854,32,3.0,200,UP,58,18.0,true,15148,13873,2421,450,825,1,3,2,DOWN,2.0,210.0,624.0,1009.0,1136.0,1080.0,1661.0,4.331,
17,MOOSE,Circle3,4,4,26,4,2,854,32,6.0,300,UP,409,18.0,true,15662,14319,2815,449,894,-2,0,1,UP,2.0,129.0,556.0,1009.0,1131.0,1080.0,1661.0,4.331,
17,MOOSE,Circle3,4,4,27,4,3,854,32,6.0,50,UP,17,18.0,true,5288,5185,672,65,38,0,1,1,UP,2.0,189.397,659.0,1020.0,1101.0,1080.0,1661.0,4.331,
17,MOOSE,Circle3,4,4,28,4,4,854,32,6.0,200,DOWN,547,18.0,true,9116,8159,3007,61,896,0,1,1,DOWN,2.0,107.214,663.0,1016.209,1265.77,1080.0,1661.0,4.331,
17,MOOSE,Circle3,4,4,29,4,5,854,32,3.0,100,UP,328,18.0,true,12445,11295,5616,172,978,0,2,1,UP,2.0,158.0,625.0,1022.0,1212.0,1080.0,1661.0,4.331,
17,MOOSE,Circle3,4,4,30,4,6,854,32,3.0,300,DOWN,720,18.0,true,13252,12498,4624,60,694,1,0,1,DOWN,2.0,166.0,612.0,1019.0,1102.0,1080.0,1661.0,4.331,
17,MOOSE,Circle3,4,4,31,4,7,854,32,3.0,50,DOWN,490,18.0,false,2184,2105,736,37,42,-4,0,1,UP,2.0,203.0,670.0,1009.0,1169.0,1080.0,1661.0,4.331,
17,MOOSE,Circle3,4,4,32,4,7,854,32,3.0,50,DOWN,726,18.0,true,5249,4081,2273,120,1048,0,1,1,DOWN,2.0,199.0,847.0,498.0,1205.0,1080.0,1661.0,4.331,
17,MOOSE,Circle3,4,4,33,4,8,854,32,6.0,100,DOWN,283,18.0,true,7672,6767,1392,347,558,2,0,1,UP,2.0,145.107,643.43,1013.0,1207.0,1080.0,1661.0,4.331,
