ID, Device, Mode, ExpPart, Round, Trial, Block, Trial in Block, Text Length (lines), Visible Lines, Frame Height, Distance, Direction, Target Line, Line Height, Hit, T_Trial, T_Scroll, T_FineTune, T_Select, T_StartScrolling, errorDistance(lines), inFrameCount, visibleCount, Start direction, Finger count, FP_X-MIN, FP_Y-MIN, FP_X-MAX, FP_Y-MAX, ScrollareaX, ScrollareaY, Px_mm
13,MOOSE,Circle3,1,1,1,1,1,854,32,3.0,200,UP,456,18.0,true,27306,15856,1600,2566,8884,0,1,2,UP,1.0,0.0,597.0,475.0,1127.5,1080.0,1661.0,4.331,
13,MOOSE,Circle3,1,1,2,1,2,854,32,6.0,100,DOWN,148,18.0,true,13442,8431,2206,987,4024,1,1,1,DOWN,1.0,103.0,703.448,426.0,1137.0,1080.0,1661.0,4.331,
13,MOOSE,Circle3,1,1,3,1,3,854,32,3.0,100,DOWN,403,18.0,true,19160,16639,4591,1022,1499,0,2,2,UP,1.0,99.268,705.0,460.718,1181.0,1080.0,1661.0,4.331,
13,MOOSE,Circle3,1,1,4,1,4,854,32,6.0,200,UP,437,18.0,true,11637,9616,2144,742,1279,-1,1,1,DOWN,1.0,38.0,617.0,538.0,1166.0,1080.0,1661.0,4.331,
13,MOOSE,Circle3,1,1,5,1,5,854,32,6.0,300,UP,513,18.0,true,13030,11072,2112,711,1247,0,1,1,DOWN,1.0,54.0,619.0,532.694,1143.0,1080.0,1661.0,4.331,
13,MOOSE,Circle3,1,1,6,1,6,854,32,3.0,50,UP,755,18.0,true,6153,4208,2576,587,1358,0,1,1,UP,1.0,83.0,747.309,452.0,1125.0,1080.0,1661.0,4.331,
13,MOOSE,Circle3,1,1,7,1,7,854,32,3.0,300,DOWN,599,18.0,true,12229,9904,2336,1171,1154,-1,1,1,UP,1.0,65.984,766.0,463.0,1277.0,1080.0,1661.0,4.331,
13,MOOSE,Circle3,1,1,8,1,8,854,32,6.0,50,DOWN,67,18.0,true,6352,4449,2721,665,1238,0,1,1,UP,1.0,14.0,696.0,439.0,1125.645,1080.0,1661.0,4.331,
13,MOOSE,Circle3,1,1,9,2,1,854,32,6.0,100,UP,411,18.0,true,11584,5663,1951,617,5304,-1,1,1,UP,1.0,34.0,615.0,864.0,1062.0,1080.0,1661.0,4.331,
13,MOOSE,Circle3,1,1,10,2,2,854,32,3.0,50,DOWN,745,18.0,true,5844,3648,1472,1051,1145,0,1,1,UP,1.0,43.0,665.0,416.351,1184.0,1080.0,1661.0,4.331,
13,MOOSE,Circle3,1,1,11,2,3,854,32,3.0,200,DOWN,670,18.0,true,11087,10248,2608,797,42,0,1,1,UP,1.0,74.0,623.0,489.653,1232.0,1080.0,1661.0,4.331,
13,MOOSE,Circle3,1,1,12,2,4,854,32,6.0,200,DOWN,641,18.0,true,10853,10191,3119,623,39,0,1,1,UP,1.0,43.0,632.0,479.0,1231.0,1080.0,1661.0,4.331,
13,MOOSE,Circle3,1,1,13,2,5,854,32,6.0,300,DOWN,607,18.0,true,9863,8225,1601,751,887,0,1,1,UP,1.0,62.652,637.0,481.616,1150.0,1080.0,1661.0,4.331,
13,MOOSE,Circle3,1,1,14,2,6,854,32,3.0,100,UP,686,18.0,true,8566,6862,2352,755,949,0,2,1,DOWN,1.0,29.0,609.0,531.0,1146.413,1080.0,1661.0,4.331,
13,MOOSE,Circle3,1,1,15,2,7,854,32,6.0,50,UP,472,18.0,true,4473,3683,1264,750,40,0,1,1,UP,1.0,120.0,668.0,572.0,1118.0,1080.0,1661.0,4.331,
13,MOOSE,Circle3,1,1,16,2,8,854,32,3.0,300,UP,290,18.0,true,11012,9248,2480,982,782,0,1,1,UP,1.0,103.777,525.0,521.0,1101.0,1080.0,1661.0,4.331,
13,MOOSE,Circle3,1,1,17,3,1,854,32,6.0,200,UP,394,18.0,true,10352,7265,1664,740,2347,1,1,1,UP,1.0,0.0,552.666,611.0,1190.0,1080.0,1661.0,4.331,
13,MOOSE,Circle3,1,1,18,3,2,854,32,6.0,50,UP,359,18.0,true,4265,3549,1071,698,18,0,1,1,UP,1.0,170.5,752.0,685.327,1240.0,1080.0,1661.0,4.331,
13,MOOSE,Circle3,1,1,19,3,3,854,32,3.0,300,DOWN,605,18.0,true,9067,7217,1185,930,920,0,1,1,DOWN,1.0,119.261,646.0,552.0,1215.0,1080.0,1661.0,4.331,
13,MOOSE,Circle3,1,1,20,3,4,854,32,6.0,300,UP,436,18.0,true,10041,9562,2255,431,48,0,1,1,UP,1.0,37.0,541.0,576.0,1079.0,1080.0,1661.0,4.331,
13,MOOSE,Circle3,1,1,21,3,5,854,32,6.0,100,DOWN,190,18.0,true,6824,5313,1617,521,990,-2,1,1,DOWN,1.0,121.0,646.282,524.5,1150.726,1080.0,1661.0,4.331,
13,MOOSE,Circle3,1,1,22,3,6,854,32,3.0,200,UP,108,18.0,true,7649,5824,1072,895,930,0,1,1,UP,1.0,87.258,590.0,569.747,1150.0,1080.0,1661.0,4.331,
13,MOOSE,Circle3,1,1,23,3,7,854,32,3.0,100,DOWN,354,18.0,true,8140,6624,3649,612,904,0,1,1,DOWN,1.0,51.476,653.828,530.0,1190.745,1080.0,1661.0,4.331,
13,MOOSE,Circle3,1,1,24,3,8,854,32,3.0,50,DOWN,613,18.0,true,58738,56144,18288,1584,1010,0,24,4,UP,1.0,119.0,546.316,618.0,1204.0,1080.0,1661.0,4.331,
13,MOOSE,Circle3,1,1,25,4,1,854,32,3.0,300,UP,29,18.0,true,11585,8817,1825,728,2040,0,1,1,UP,1.0,111.0,693.295,707.11,1187.108,1080.0,1661.0,4.331,
13,MOOSE,Circle3,1,1,26,4,2,854,32,6.0,200,DOWN,475,18.0,true,7823,6497,2080,564,762,0,1,1,UP,1.0,58.049,726.0,472.0,1133.0,1080.0,1661.0,4.331,
13,MOOSE,Circle3,1,1,27,4,3,854,32,3.0,50,UP,321,18.0,true,4392,3104,1808,657,631,0,1,1,UP,1.0,89.0,714.0,485.0,1093.0,1080.0,1661.0,4.331,
13,MOOSE,Circle3,1,1,28,4,4,854,32,3.0,100,UP,547,18.0,true,11925,10351,3215,738,836,-1,3,3,DOWN,1.0,59.24,638.0,502.0,1074.463,1080.0,1661.0,4.331,
13,MOOSE,Circle3,1,1,29,4,5,854,32,6.0,50,DOWN,564,18.0,true,4533,3024,1328,497,1012,1,1,1,DOWN,1.0,87.0,650.0,524.276,1171.0,1080.0,1661.0,4.331,
13,MOOSE,Circle3,1,1,30,4,6,854,32,3.0,200,DOWN,437,18.0,true,14354,12175,7231,1224,955,1,4,1,UP,1.0,88.255,687.0,538.74,1254.0,1080.0,1661.0,4.331,
13,MOOSE,Circle3,1,1,31,4,7,854,32,6.0,300,DOWN,449,18.0,true,9315,7825,1985,673,817,0,1,1,DOWN,1.0,45.0,598.0,597.0,1154.725,1080.0,1661.0,4.331,
13,MOOSE,Circle3,1,1,32,4,8,854,32,6.0,100,UP,607,18.0,true,5453,3920,1487,628,905,-1,1,1,UP,1.0,62.0,649.265,543.0,1138.0,1080.0,1661.0,4.331,
13,MOOSE,Circle3,1,2,1,1,1,854,32,6.0,300,UP,526,18.0,true,17963,14623,1071,1074,2266,-2,0,1,DOWN,1.0,0.0,617.66,561.0,1146.348,1080.0,1661.0,4.331,
13,MOOSE,Circle3,1,2,2,1,2,854,32,3.0,300,UP,344,18.0,true,8871,7296,1183,788,787,-1,1,1,UP,1.0,89.0,569.0,531.0,1134.712,1080.0,1661.0,4.331,
13,MOOSE,Circle3,1,2,3,1,3,854,32,3.0,50,UP,38,18.0,true,4246,2287,1504,1184,775,-1,1,1,UP,1.0,132.0,681.0,544.55,1050.0,1080.0,1661.0,4.331,
13,MOOSE,Circle3,1,2,4,1,4,854,32,6.0,100,DOWN,132,18.0,true,6351,4975,1552,624,752,1,1,1,UP,1.0,56.0,517.0,586.673,1180.0,1080.0,1661.0,4.331,
13,MOOSE,Circle3,1,2,5,1,5,854,32,3.0,200,DOWN,314,18.0,true,8253,6928,2367,607,718,0,1,1,DOWN,1.0,60.826,552.0,599.0,1131.479,1080.0,1661.0,4.331,
13,MOOSE,Circle3,1,2,6,1,6,854,32,6.0,50,UP,136,18.0,true,3912,2368,1136,830,714,1,1,1,UP,1.0,64.0,566.436,648.55,1169.0,1080.0,1661.0,4.331,
13,MOOSE,Circle3,1,2,7,1,7,854,32,3.0,100,DOWN,156,18.0,true,6327,4928,1409,685,714,0,1,1,UP,1.0,67.0,623.31,583.28,1275.861,1080.0,1661.0,4.331,
13,MOOSE,Circle3,1,2,8,1,8,854,32,6.0,200,DOWN,591,18.0,true,8135,6833,1601,574,728,1,1,1,UP,1.0,60.611,617.363,646.0,1177.182,1080.0,1661.0,4.331,
13,MOOSE,Circle3,1,2,9,2,1,854,32,6.0,50,DOWN,713,18.0,true,6249,3744,2143,525,1980,0,1,1,DOWN,1.0,99.0,710.0,465.0,1063.686,1080.0,1661.0,4.331,
13,MOOSE,Circle3,1,2,10,2,2,854,32,3.0,50,DOWN,342,18.0,true,6139,4593,1456,647,899,0,1,1,UP,1.0,8.0,552.27,558.295,1201.0,1080.0,1661.0,4.331,
13,MOOSE,Circle3,1,2,11,2,3,854,32,6.0,200,UP,379,18.0,true,7024,5697,1729,478,849,0,1,1,UP,1.0,73.758,668.0,497.742,1148.0,1080.0,1661.0,4.331,
13,MOOSE,Circle3,1,2,12,2,4,854,32,6.0,300,DOWN,644,18.0,true,7341,5777,1073,632,932,0,1,1,DOWN,1.0,65.0,625.0,540.73,1165.0,1080.0,1661.0,4.331,
13,MOOSE,Circle3,1,2,13,2,5,854,32,3.0,300,DOWN,506,18.0,true,8466,6880,1600,860,726,0,1,1,DOWN,1.0,123.218,606.0,604.0,1166.672,1080.0,1661.0,4.331,
13,MOOSE,Circle3,1,2,14,2,6,854,32,6.0,100,UP,608,18.0,true,5859,4368,2063,842,649,-2,1,1,UP,1.0,94.0,714.0,476.704,1065.0,1080.0,1661.0,4.331,
13,MOOSE,Circle3,1,2,15,2,7,854,32,3.0,100,UP,135,18.0,true,5321,3823,1664,707,791,0,1,1,UP,1.0,0.0,646.569,476.0,1109.285,1080.0,1661.0,4.331,
13,MOOSE,Circle3,1,2,16,2,8,854,32,3.0,200,UP,111,18.0,true,6840,5374,1535,737,729,-1,0,1,UP,1.0,25.0,635.335,540.576,1124.271,1080.0,1661.0,4.331,
13,MOOSE,Circle3,1,2,17,3,1,854,32,3.0,200,UP,376,18.0,true,11336,8929,4753,868,1539,0,2,1,UP,2.0,25.0,592.0,1013.0,1082.0,1080.0,1661.0,4.331,
13,MOOSE,Circle3,1,2,18,3,2,854,32,3.0,50,DOWN,510,18.0,true,6887,5328,2048,531,1028,1,1,1,UP,1.0,109.0,646.684,506.059,1030.0,1080.0,1661.0,4.331,
13,MOOSE,Circle3,1,2,19,3,3,854,32,6.0,100,DOWN,623,18.0,true,5429,4177,1664,376,876,0,1,1,DOWN,1.0,101.0,574.0,570.301,1158.0,1080.0,1661.0,4.331,
13,MOOSE,Circle3,1,2,20,3,4,854,32,6.0,200,DOWN,253,18.0,true,7636,6527,2160,450,659,1,1,1,UP,1.0,54.325,568.0,550.468,1097.637,1080.0,1661.0,4.331,
13,MOOSE,Circle3,1,2,21,3,5,854,32,3.0,300,UP,419,18.0,true,7712,6160,1360,883,669,-1,0,1,DOWN,1.0,0.0,585.628,495.968,1086.0,1080.0,1661.0,4.331,
13,MOOSE,Circle3,1,2,22,3,6,854,32,3.0,100,UP,192,18.0,true,5314,3712,1072,772,830,0,1,1,UP,1.0,31.0,625.0,483.0,1096.73,1080.0,1661.0,4.331,
13,MOOSE,Circle3,1,2,23,3,7,854,32,6.0,300,UP,292,18.0,true,8083,6896,1920,481,706,0,1,1,UP,1.0,84.0,589.0,535.199,1027.0,1080.0,1661.0,4.331,
13,MOOSE,Circle3,1,2,24,3,8,854,32,6.0,50,DOWN,733,18.0,true,3441,2241,1777,530,670,1,1,1,UP,1.0,180.0,673.0,476.341,930.595,1080.0,1661.0,4.331,
13,MOOSE,Circle3,1,2,25,4,1,854,32,3.0,100,DOWN,690,18.0,true,7774,3905,1201,669,3200,0,1,1,UP,1.0,92.322,586.657,526.644,1101.0,1080.0,1661.0,4.331,
13,MOOSE,Circle3,1,2,26,4,2,854,32,6.0,300,DOWN,555,18.0,true,8686,7216,1472,756,714,1,1,1,DOWN,1.0,65.254,691.692,600.0,1157.0,1080.0,1661.0,4.331,
13,MOOSE,Circle3,1,2,27,4,3,854,32,3.0,300,DOWN,436,18.0,true,7001,5617,689,753,631,0,1,1,UP,1.0,156.43,621.574,693.725,1119.0,1080.0,1661.0,4.331,
13,MOOSE,Circle3,1,2,28,4,4,854,32,3.0,50,UP,649,18.0,true,3257,2049,929,599,609,0,1,1,UP,1.0,141.577,535.27,657.337,1028.292,1080.0,1661.0,4.331,
13,MOOSE,Circle3,1,2,29,4,5,854,32,6.0,200,UP,64,18.0,true,5555,4447,1136,533,575,1,1,1,UP,1.0,13.533,538.203,484.0,998.0,1080.0,1661.0,4.331,
13,MOOSE,Circle3,1,2,30,4,6,854,32,6.0,100,UP,431,18.0,true,7943,6368,4336,752,823,-1,2,1,UP,1.0,47.0,541.554,555.817,1201.5,1080.0,1661.0,4.331,
13,MOOSE,Circle3,1,2,31,4,7,854,32,6.0,50,UP,314,18.0,true,5740,4561,1073,382,797,-2,1,1,UP,1.0,114.334,642.351,591.33,1111.345,1080.0,1661.0,4.331,
13,MOOSE,Circle3,1,2,32,4,8,854,32,3.0,200,DOWN,355,18.0,true,7131,5953,2609,542,636,0,1,1,UP,1.0,67.648,627.288,594.711,1290.0,1080.0,1661.0,4.331,
13,MOOSE,Circle3,1,3,1,1,1,854,32,3.0,200,UP,157,18.0,true,9435,5201,1488,569,3665,0,1,1,UP,1.0,138.719,568.0,547.0,1010.345,1080.0,1661.0,4.331,
13,MOOSE,Circle3,1,3,2,1,2,854,32,6.0,50,DOWN,693,18.0,true,4504,3265,1441,513,726,0,1,1,DOWN,1.0,101.0,646.307,494.699,1171.287,1080.0,1661.0,4.331,
13,MOOSE,Circle3,1,3,3,1,3,854,32,6.0,100,DOWN,777,18.0,true,5165,3808,1440,486,871,1,1,1,DOWN,1.0,113.272,623.271,591.598,1125.0,1080.0,1661.0,4.331,
13,MOOSE,Circle3,1,3,4,1,4,854,32,3.0,50,UP,597,18.0,true,5087,3728,2097,656,703,0,1,1,UP,1.0,135.5,644.0,585.727,1058.0,1080.0,1661.0,4.331,
13,MOOSE,Circle3,1,3,5,1,5,854,32,6.0,200,UP,617,18.0,true,8150,6529,1329,653,968,-1,1,1,DOWN,1.0,62.0,580.697,535.354,1155.722,1080.0,1661.0,4.331,
13,MOOSE,Circle3,1,3,6,1,6,854,32,6.0,300,UP,84,18.0,true,8005,6705,1665,608,692,-1,1,1,UP,1.0,154.0,646.0,516.764,1044.0,1080.0,1661.0,4.331,
13,MOOSE,Circle3,1,3,7,1,7,854,32,3.0,300,DOWN,567,18.0,true,11252,8736,2959,629,1887,0,1,1,DOWN,1.0,117.008,735.0,534.275,1153.603,1080.0,1661.0,4.331,
13,MOOSE,Circle3,1,3,8,1,8,854,32,3.0,100,DOWN,684,18.0,true,8230,6816,3967,700,714,0,2,1,DOWN,1.0,143.0,667.0,553.0,1095.0,1080.0,1661.0,4.331,
13,MOOSE,Circle3,1,3,9,2,1,854,32,3.0,300,UP,236,18.0,true,11318,8464,2144,578,2276,0,1,1,DOWN,1.0,91.0,723.0,505.261,1132.642,1080.0,1661.0,4.331,
13,MOOSE,Circle3,1,3,10,2,2,854,32,6.0,50,UP,167,18.0,true,4027,2689,1393,627,711,-1,1,1,UP,1.0,67.686,720.0,612.0,1138.68,1080.0,1661.0,4.331,
13,MOOSE,Circle3,1,3,11,2,3,854,32,6.0,300,DOWN,777,18.0,true,9268,7697,1888,666,905,0,1,1,DOWN,2.0,70.488,638.28,667.0,1199.719,1080.0,1661.0,4.331,
13,MOOSE,Circle3,1,3,12,2,4,854,32,6.0,100,UP,293,18.0,true,6111,4879,2304,537,695,0,1,1,UP,1.0,0.0,675.0,623.0,1159.0,1080.0,1661.0,4.331,
13,MOOSE,Circle3,1,3,13,2,5,854,32,3.0,50,DOWN,677,18.0,true,5122,2993,1424,1279,850,1,1,1,DOWN,1.0,136.0,733.0,528.0,1201.0,1080.0,1661.0,4.331,
13,MOOSE,Circle3,1,3,14,2,6,854,32,3.0,100,UP,134,18.0,true,8502,7671,4223,787,44,0,1,1,UP,1.0,114.0,687.287,646.264,1176.577,1080.0,1661.0,4.331,
13,MOOSE,Circle3,1,3,15,2,7,854,32,6.0,200,DOWN,596,18.0,true,12499,8785,1345,578,3136,0,1,1,DOWN,1.0,97.895,688.0,601.7,1185.444,1080.0,1661.0,4.331,
13,MOOSE,Circle3,1,3,16,2,8,854,32,3.0,200,DOWN,326,18.0,true,9052,8450,1936,567,35,0,1,1,UP,1.0,80.474,696.0,559.453,1211.0,1080.0,1661.0,4.331,
13,MOOSE,Circle3,1,3,17,3,1,854,32,3.0,300,UP,410,18.0,true,13686,11329,1457,674,1683,-1,1,1,UP,1.0,106.682,684.0,603.716,1159.443,1080.0,1661.0,4.331,
13,MOOSE,Circle3,1,3,18,3,2,854,32,6.0,50,DOWN,497,18.0,true,4421,3039,1328,481,901,0,1,1,DOWN,1.0,171.727,662.0,620.745,1182.728,1080.0,1661.0,4.331,
13,MOOSE,Circle3,1,3,19,3,3,854,32,6.0,300,UP,80,18.0,true,8446,7151,1120,670,625,0,1,1,UP,1.0,114.274,579.287,608.724,1139.0,1080.0,1661.0,4.331,
13,MOOSE,Circle3,1,3,20,3,4,854,32,3.0,200,UP,306,18.0,true,5892,4593,1489,558,741,0,1,1,UP,1.0,166.0,636.0,554.0,1023.27,1080.0,1661.0,4.331,
13,MOOSE,Circle3,1,3,21,3,5,854,32,6.0,100,DOWN,507,18.0,true,4629,3439,1007,495,695,0,1,1,UP,1.0,167.553,642.0,540.455,1023.0,1080.0,1661.0,4.331,
13,MOOSE,Circle3,1,3,22,3,6,854,32,3.0,100,UP,182,18.0,true,6035,5459,2896,543,33,0,2,1,UP,1.0,148.0,644.319,550.283,1038.0,1080.0,1661.0,4.331,
13,MOOSE,Circle3,1,3,23,3,7,854,32,6.0,200,DOWN,457,18.0,true,5977,4831,1392,503,643,-1,1,1,DOWN,1.0,143.54,619.0,594.0,1082.606,1080.0,1661.0,4.331,
13,MOOSE,Circle3,1,3,24,3,8,854,32,3.0,50,DOWN,647,18.0,true,10852,9457,1185,834,561,0,3,3,UP,1.0,166.043,510.708,641.0,1062.726,1080.0,1661.0,4.331,
13,MOOSE,Circle3,1,3,25,4,1,854,32,3.0,300,DOWN,524,18.0,true,8539,6432,1663,504,1603,1,1,1,DOWN,1.0,129.678,707.633,548.0,1180.587,1080.0,1661.0,4.331,
13,MOOSE,Circle3,1,3,26,4,2,854,32,6.0,200,UP,639,18.0,true,5950,4736,1023,476,738,-1,1,1,UP,1.0,96.549,634.291,577.647,1072.0,1080.0,1661.0,4.331,
13,MOOSE,Circle3,1,3,27,4,3,854,32,3.0,50,UP,607,18.0,true,7299,5567,4336,706,1026,0,3,1,UP,1.0,88.258,666.0,541.269,1141.275,1080.0,1661.0,4.331,
13,MOOSE,Circle3,1,3,28,4,4,854,32,6.0,100,UP,656,18.0,true,5014,3409,801,907,698,2,1,1,DOWN,1.0,13.309,676.676,500.0,1053.693,1080.0,1661.0,4.331,
13,MOOSE,Circle3,1,3,29,4,5,854,32,6.0,50,UP,93,18.0,true,7205,5761,3489,640,804,-1,3,2,UP,1.0,209.0,647.248,591.0,1148.0,1080.0,1661.0,4.331,
13,MOOSE,Circle3,1,3,30,4,6,854,32,3.0,100,DOWN,799,18.0,true,13020,10241,1175,2001,778,1,5,3,UP,1.0,177.303,537.313,655.0,1070.306,1080.0,1661.0,4.331,
13,MOOSE,Circle3,1,3,31,4,7,854,32,6.0,300,DOWN,603,18.0,true,12942,11631,6047,508,803,-2,5,1,DOWN,1.0,172.0,574.0,630.71,1099.0,1080.0,1661.0,4.331,
13,MOOSE,Circle3,1,3,32,4,8,854,32,3.0,200,DOWN,643,18.0,true,8383,6609,2400,944,830,0,1,1,UP,1.0,180.4,640.0,612.272,1144.0,1080.0,1661.0,4.331,
13,MOOSE,Circle3,1,4,1,1,1,854,32,3.0,300,UP,154,18.0,true,18913,8081,2128,1072,9760,0,1,1,UP,1.0,104.361,203.0,1079.0,1067.0,1080.0,1661.0,4.331,
13,MOOSE,Circle3,1,4,2,1,2,854,32,3.0,100,DOWN,468,18.0,true,5644,4081,1840,709,854,0,1,1,DOWN,1.0,149.0,521.0,608.0,998.462,1080.0,1661.0,4.331,
13,MOOSE,Circle3,1,4,3,1,3,854,32,3.0,200,DOWN,325,18.0,true,9706,8224,2400,807,675,0,1,1,UP,1.0,81.917,498.701,599.738,1076.0,1080.0,1661.0,4.331,
13,MOOSE,Circle3,1,4,4,1,4,854,32,6.0,50,DOWN,284,18.0,true,6119,4673,1793,483,963,0,1,1,UP,1.0,89.269,455.32,522.0,1082.0,1080.0,1661.0,4.331,
13,MOOSE,Circle3,1,4,5,1,5,854,32,3.0,50,UP,307,18.0,true,4835,3296,1999,736,803,0,2,1,UP,1.0,124.279,546.0,690.0,1102.0,1080.0,1661.0,4.331,
13,MOOSE,Circle3,1,4,6,1,6,854,32,6.0,300,UP,318,18.0,true,7627,6351,1391,498,778,0,1,1,UP,1.0,137.83,548.004,570.287,977.0,1080.0,1661.0,4.331,
13,MOOSE,Circle3,1,4,7,1,7,854,32,6.0,200,DOWN,598,18.0,true,6345,5135,1888,453,757,0,1,1,DOWN,1.0,179.956,632.0,586.063,1095.5,1080.0,1661.0,4.331,
13,MOOSE,Circle3,1,4,8,1,8,854,32,6.0,100,UP,320,18.0,true,4213,3087,1248,354,772,-1,1,1,UP,1.0,148.0,587.799,584.827,967.271,1080.0,1661.0,4.331,
13,MOOSE,Circle3,1,4,9,2,1,854,32,3.0,200,UP,617,18.0,true,8727,5391,1551,515,2821,-1,1,1,DOWN,1.0,89.0,617.651,548.986,1055.426,1080.0,1661.0,4.331,
13,MOOSE,Circle3,1,4,10,2,2,854,32,3.0,50,DOWN,500,18.0,true,4025,2513,1329,679,833,0,1,1,DOWN,1.0,93.0,524.32,537.344,1075.317,1080.0,1661.0,4.331,
13,MOOSE,Circle3,1,4,11,2,3,854,32,3.0,300,DOWN,523,18.0,true,8852,7537,1457,615,700,0,1,1,UP,1.0,85.265,533.548,652.0,1077.0,1080.0,1661.0,4.331,
13,MOOSE,Circle3,1,4,12,2,4,854,32,3.0,100,UP,388,18.0,true,9713,8433,3328,581,699,0,2,3,UP,1.0,62.0,568.289,497.0,1027.0,1080.0,1661.0,4.331,
13,MOOSE,Circle3,1,4,13,2,5,854,32,6.0,100,DOWN,524,18.0,true,4711,3505,1137,458,748,0,1,1,UP,1.0,10.484,568.0,524.0,999.0,1080.0,1661.0,4.331,
13,MOOSE,Circle3,1,4,14,2,6,854,32,6.0,200,UP,339,18.0,true,6253,5169,1408,469,615,0,1,1,UP,1.0,136.0,528.0,543.0,990.444,1080.0,1661.0,4.331,
13,MOOSE,Circle3,1,4,15,2,7,854,32,6.0,300,DOWN,736,18.0,true,7467,6224,1856,644,599,2,0,1,DOWN,1.0,180.0,562.0,601.0,1022.0,1080.0,1661.0,4.331,
13,MOOSE,Circle3,1,4,16,2,8,854,32,6.0,50,UP,118,18.0,true,4429,3201,2497,607,621,-2,4,1,UP,1.0,190.292,632.0,536.0,956.741,1080.0,1661.0,4.331,
13,MOOSE,Circle3,1,4,17,3,1,854,32,3.0,50,DOWN,709,18.0,true,4929,2880,1648,687,1362,-1,1,1,DOWN,1.0,127.965,687.0,461.0,973.0,1080.0,1661.0,4.331,
13,MOOSE,Circle3,1,4,18,3,2,854,32,3.0,200,UP,506,18.0,true,5940,4096,864,892,952,0,1,1,UP,1.0,161.539,584.0,522.092,986.634,1080.0,1661.0,4.331,
13,MOOSE,Circle3,1,4,19,3,3,854,32,6.0,50,DOWN,411,18.0,true,3324,2145,1104,579,600,-2,1,1,DOWN,1.0,136.0,684.0,405.72,963.72,1080.0,1661.0,4.331,
13,MOOSE,Circle3,1,4,20,3,4,854,32,6.0,100,UP,366,18.0,true,7063,5711,3055,590,762,0,2,1,UP,1.0,230.0,631.282,488.723,925.271,1080.0,1661.0,4.331,
13,MOOSE,Circle3,1,4,21,3,5,854,32,3.0,100,UP,364,18.0,true,7570,6160,656,670,740,0,1,1,UP,1.0,148.542,580.0,647.725,984.447,1080.0,1661.0,4.331,
13,MOOSE,Circle3,1,4,22,3,6,854,32,6.0,200,DOWN,657,18.0,true,4961,3968,928,433,560,0,1,1,DOWN,1.0,124.519,569.0,530.0,958.693,1080.0,1661.0,4.331,
13,MOOSE,Circle3,1,4,23,3,7,854,32,3.0,300,DOWN,678,18.0,true,7541,6113,1520,861,567,1,1,1,UP,1.0,219.0,544.0,530.743,933.737,1080.0,1661.0,4.331,
13,MOOSE,Circle3,1,4,24,3,8,854,32,6.0,300,UP,210,18.0,true,5890,5336,1008,506,48,-1,1,1,UP,1.0,128.0,554.0,484.223,851.0,1080.0,1661.0,4.331,
13,MOOSE,Circle3,1,4,25,4,1,854,32,3.0,200,DOWN,607,18.0,true,9076,3168,592,896,5012,1,1,1,DOWN,1.0,219.981,604.0,536.335,958.283,1080.0,1661.0,4.331,
13,MOOSE,Circle3,1,4,26,4,2,854,32,6.0,300,DOWN,524,18.0,true,6214,5248,1281,386,580,1,1,1,UP,1.0,275.902,637.0,635.164,989.0,1080.0,1661.0,4.331,
13,MOOSE,Circle3,1,4,27,4,3,854,32,3.0,300,UP,420,18.0,true,5838,4577,1057,507,754,0,1,1,UP,1.0,197.654,515.25,556.151,845.921,1080.0,1661.0,4.331,
13,MOOSE,Circle3,1,4,28,4,4,854,32,6.0,100,DOWN,637,18.0,true,3092,2096,801,508,488,0,1,1,DOWN,1.0,151.0,654.69,487.702,904.0,1080.0,1661.0,4.331,
13,MOOSE,Circle3,1,4,29,4,5,854,32,6.0,50,UP,543,18.0,true,5065,4643,2544,385,37,1,2,2,UP,1.0,170.0,565.0,458.0,1163.0,1080.0,1661.0,4.331,
13,MOOSE,Circle3,1,4,30,4,6,854,32,3.0,100,DOWN,236,18.0,false,10648,9826,1041,786,36,-8,3,2,UP,1.0,127.371,604.0,521.642,950.481,1080.0,1661.0,4.331,
13,MOOSE,Circle3,1,4,31,4,6,854,32,3.0,100,DOWN,356,18.0,true,11039,10016,2865,476,547,0,4,4,DOWN,1.0,112.275,635.0,474.0,905.284,1080.0,1661.0,4.331,
13,MOOSE,Circle3,1,4,32,4,7,854,32,3.0,50,UP,388,18.0,true,8639,7040,1329,857,742,-1,2,2,DOWN,1.0,166.0,595.276,577.0,1057.674,1080.0,1661.0,4.331,
13,MOOSE,Circle3,1,4,33,4,8,854,32,6.0,200,UP,398,18.0,true,12355,11121,1601,572,662,-2,2,3,DOWN,1.0,62.0,537.441,493.357,969.0,1080.0,1661.0,4.331,
13,MOOSE,Drag,1,1,1,1,1,854,32,6.0,100,UP,308,18.0,true,7675,4287,1228,908,2480,1,1,1,UP,1.0,251.0,524.5,407.0,1197.0,1080.0,1661.0,4.331,
13,MOOSE,Drag,1,1,2,1,2,854,32,3.0,50,DOWN,182,18.0,true,4754,3232,1392,876,646,0,1,1,DOWN,1.0,234.623,537.0,327.0,1063.0,1080.0,1661.0,4.331,
13,MOOSE,Drag,1,1,3,1,3,854,32,3.0,300,UP,156,18.0,true,10000,8673,1536,779,548,0,1,1,UP,2.0,205.511,274.0,1029.0,1357.0,1080.0,1661.0,4.331,
13,MOOSE,Drag,1,1,4,1,4,854,32,6.0,200,DOWN,378,18.0,true,7418,6000,1232,893,525,-1,1,1,DOWN,1.0,298.502,435.0,503.0,1344.5,1080.0,1661.0,4.331,
13,MOOSE,Drag,1,1,5,1,5,854,32,6.0,50,UP,741,18.0,true,3849,2752,1520,543,554,1,1,1,UP,1.0,280.0,426.0,438.0,1144.0,1080.0,1661.0,4.331,
13,MOOSE,Drag,1,1,6,1,6,854,32,6.0,300,DOWN,762,18.0,true,9182,8145,1153,586,451,0,1,1,DOWN,1.0,222.667,534.0,432.0,1432.0,1080.0,1661.0,4.331,
13,MOOSE,Drag,1,1,7,1,7,854,32,3.0,100,UP,738,18.0,true,5389,3535,784,1069,785,-1,0,1,DOWN,1.0,292.0,388.0,445.0,1141.0,1080.0,1661.0,4.331,
13,MOOSE,Drag,1,1,8,1,8,854,32,3.0,200,DOWN,721,18.0,true,8471,7447,1712,979,45,-1,1,1,UP,1.0,301.0,515.0,421.5,1287.0,1080.0,1661.0,4.331,
13,MOOSE,Drag,1,1,9,2,1,854,32,3.0,100,DOWN,484,18.0,true,7639,4528,1446,806,2305,0,1,1,UP,1.0,236.692,523.0,411.0,1216.5,1080.0,1661.0,4.331,
13,MOOSE,Drag,1,1,10,2,2,854,32,6.0,100,DOWN,527,18.0,true,5180,3647,847,974,559,1,1,1,UP,1.0,250.499,517.0,356.0,1255.0,1080.0,1661.0,4.331,
13,MOOSE,Drag,1,1,11,2,3,854,32,3.0,200,UP,244,18.0,true,10226,9189,1240,1005,32,0,1,1,UP,1.0,278.889,430.0,474.0,1145.0,1080.0,1661.0,4.331,
13,MOOSE,Drag,1,1,12,2,4,854,32,6.0,200,UP,608,18.0,true,11070,8225,1953,1621,1224,1,1,1,DOWN,1.0,291.0,331.0,573.0,1194.0,1080.0,1661.0,4.331,
13,MOOSE,Drag,1,1,13,2,5,854,32,3.0,50,UP,591,18.0,true,8461,4368,1696,1512,2581,1,1,1,DOWN,1.0,362.0,435.0,522.0,1409.0,1080.0,1661.0,4.331,
13,MOOSE,Drag,1,1,14,2,6,854,32,3.0,300,DOWN,483,18.0,true,10074,8416,1184,948,710,-1,1,1,DOWN,1.0,245.633,516.0,569.0,1683.0,1080.0,1661.0,4.331,
13,MOOSE,Drag,1,1,15,2,7,854,32,6.0,50,DOWN,398,18.0,true,7082,5488,3936,798,796,-1,1,1,DOWN,1.0,245.0,558.0,358.0,1159.5,1080.0,1661.0,4.331,
13,MOOSE,Drag,1,1,16,2,8,854,32,6.0,300,UP,332,18.0,true,10713,9231,1296,641,841,0,1,1,DOWN,1.0,280.968,267.5,562.0,1161.0,1080.0,1661.0,4.331,
13,MOOSE,Drag,1,1,17,3,1,854,32,3.0,300,DOWN,598,18.0,true,11478,7889,1457,703,2886,0,1,1,UP,1.0,174.0,545.0,399.0,1445.0,1080.0,1661.0,4.331,
13,MOOSE,Drag,1,1,18,3,2,854,32,6.0,50,DOWN,163,18.0,true,3241,1488,463,1063,690,0,1,1,DOWN,1.0,220.0,565.0,338.0,1250.0,1080.0,1661.0,4.331,
13,MOOSE,Drag,1,1,19,3,3,854,32,6.0,300,UP,214,18.0,true,10247,8721,2224,651,875,0,2,1,DOWN,1.0,237.0,259.0,578.0,1249.0,1080.0,1661.0,4.331,
13,MOOSE,Drag,1,1,20,3,4,854,32,3.0,200,DOWN,617,18.0,true,8025,6577,2881,928,520,0,2,1,DOWN,1.0,233.538,535.0,507.0,1512.0,1080.0,1661.0,4.331,
13,MOOSE,Drag,1,1,21,3,5,854,32,6.0,200,UP,114,18.0,true,7843,7074,2080,727,42,-1,1,1,UP,1.0,236.602,315.0,535.0,1115.0,1080.0,1661.0,4.331,
13,MOOSE,Drag,1,1,22,3,6,854,32,3.0,100,UP,468,18.0,true,6023,4560,1391,904,559,0,1,1,DOWN,1.0,270.0,351.0,472.0,1245.0,1080.0,1661.0,4.331,
13,MOOSE,Drag,1,1,23,3,7,854,32,6.0,100,DOWN,468,18.0,true,5533,4306,1362,581,646,0,2,2,DOWN,1.0,347.0,349.0,448.0,1320.0,1080.0,1661.0,4.331,
13,MOOSE,Drag,1,1,24,3,8,854,32,3.0,50,UP,311,18.0,true,5501,4463,2640,528,510,0,2,1,DOWN,1.0,340.0,347.0,485.0,1123.0,1080.0,1661.0,4.331,
13,MOOSE,Drag,1,1,25,4,1,854,32,3.0,200,UP,129,18.0,true,9505,6639,1187,773,2093,1,1,1,UP,1.0,144.0,354.0,578.0,1406.0,1080.0,1661.0,4.331,
13,MOOSE,Drag,1,1,26,4,2,854,32,6.0,100,UP,302,18.0,true,5301,4192,1008,595,514,0,1,1,DOWN,1.0,367.503,348.0,481.0,1138.0,1080.0,1661.0,4.331,
13,MOOSE,Drag,1,1,27,4,3,854,32,6.0,50,UP,446,18.0,true,5220,4143,2256,469,608,0,2,1,DOWN,1.0,375.0,306.0,514.0,1004.0,1080.0,1661.0,4.331,
13,MOOSE,Drag,1,1,28,4,4,854,32,6.0,200,DOWN,725,18.0,true,8556,7343,1088,622,591,0,1,1,DOWN,1.0,260.418,355.0,490.0,1605.0,1080.0,1661.0,4.331,
13,MOOSE,Drag,1,1,29,4,5,854,32,3.0,300,UP,413,18.0,true,9248,8355,1264,876,17,0,0,1,UP,1.0,327.0,373.0,479.0,1135.0,1080.0,1661.0,4.331,
13,MOOSE,Drag,1,1,30,4,6,854,32,6.0,300,DOWN,568,18.0,true,10028,8976,864,598,454,0,1,1,DOWN,1.0,234.0,470.0,440.0,1507.0,1080.0,1661.0,4.331,
13,MOOSE,Drag,1,1,31,4,7,854,32,3.0,50,DOWN,437,18.0,true,4447,3439,1520,483,525,0,1,1,UP,1.0,295.0,487.0,389.5,1417.0,1080.0,1661.0,4.331,
13,MOOSE,Drag,1,1,32,4,8,854,32,3.0,100,DOWN,608,18.0,true,5930,4449,800,880,601,0,1,1,UP,1.0,307.0,397.0,452.0,1380.0,1080.0,1661.0,4.331,
13,MOOSE,Drag,2,2,1,1,1,854,32,6.0,50,DOWN,689,18.0,true,12516,2622,1279,413,9481,0,1,1,UP,1.0,193.0,667.0,413.0,1329.5,1080.0,1661.0,4.331,
13,MOOSE,Drag,2,2,2,1,2,854,32,6.0,200,UP,429,18.0,true,8580,7423,863,703,454,-2,1,1,DOWN,1.0,303.609,486.0,498.0,1307.0,1080.0,1661.0,4.331,
13,MOOSE,Drag,2,2,3,1,3,854,32,3.0,50,UP,227,18.0,true,4029,2735,1969,473,821,0,2,1,UP,1.0,364.448,517.0,506.0,1160.0,1080.0,1661.0,4.331,
13,MOOSE,Drag,2,2,4,1,4,854,32,6.0,300,DOWN,593,18.0,true,9385,7983,831,673,729,-1,1,1,DOWN,1.0,296.511,528.0,489.0,1436.0,1080.0,1661.0,4.331,
13,MOOSE,Drag,2,2,5,1,5,854,32,3.0,100,UP,52,18.0,true,4109,3313,1554,334,462,0,1,1,UP,1.0,393.58,510.0,519.0,1179.0,1080.0,1661.0,4.331,
13,MOOSE,Drag,2,2,6,1,6,854,32,6.0,100,DOWN,350,18.0,true,4225,3551,1152,292,382,1,1,1,DOWN,1.0,357.504,635.0,528.5,1175.0,1080.0,1661.0,4.331,
13,MOOSE,Drag,2,2,7,1,7,854,32,3.0,300,UP,521,18.0,true,9150,8146,1587,422,582,0,1,1,UP,1.0,379.0,475.5,523.0,1195.0,1080.0,1661.0,4.331,
13,MOOSE,Drag,2,2,8,1,8,854,32,3.0,200,DOWN,410,18.0,true,6657,5535,1023,495,627,0,2,1,DOWN,1.0,328.509,519.0,516.0,1387.0,1080.0,1661.0,4.331,
13,MOOSE,Drag,2,2,9,2,1,854,32,3.0,300,DOWN,631,18.0,true,13908,7169,1152,434,6305,0,1,1,DOWN,1.0,171.37,470.0,437.0,1473.0,1080.0,1661.0,4.331,
13,MOOSE,Drag,2,2,10,2,2,854,32,6.0,300,UP,263,18.0,true,9423,8864,1040,186,373,-1,1,1,DOWN,2.0,240.333,393.0,880.0,1156.0,1080.0,1661.0,4.331,
13,MOOSE,Drag,2,2,11,2,3,854,32,3.0,200,UP,132,18.0,true,7482,6606,1422,442,434,0,1,1,DOWN,1.0,264.536,379.0,470.0,1088.0,1080.0,1661.0,4.331,
13,MOOSE,Drag,2,2,12,2,4,854,32,3.0,50,DOWN,681,18.0,true,3632,2703,1584,493,436,-1,1,1,DOWN,1.0,304.455,491.0,405.0,1144.0,1080.0,1661.0,4.331,
13,MOOSE,Drag,2,2,13,2,5,854,32,3.0,100,DOWN,702,18.0,true,6657,5503,1216,475,679,0,1,1,DOWN,1.0,266.0,351.0,395.0,1224.0,1080.0,1661.0,4.331,
13,MOOSE,Drag,2,2,14,2,6,854,32,6.0,50,UP,442,18.0,true,2553,1487,418,561,505,0,1,1,UP,1.0,311.0,458.0,403.0,1002.0,1080.0,1661.0,4.331,
13,MOOSE,Drag,2,2,15,2,7,854,32,6.0,100,UP,227,18.0,true,5632,4494,368,740,398,-1,0,1,DOWN,1.0,274.0,414.0,459.0,1100.0,1080.0,1661.0,4.331,
13,MOOSE,Drag,2,2,16,2,8,854,32,6.0,200,DOWN,485,18.0,true,7867,6928,2000,532,407,0,1,1,DOWN,1.0,274.542,461.0,468.519,1097.5,1080.0,1661.0,4.331,
13,MOOSE,Drag,2,2,17,3,1,854,32,6.0,50,UP,716,18.0,true,7506,2368,1600,426,4712,1,2,1,UP,1.0,292.0,429.0,463.5,999.0,1080.0,1661.0,4.331,
13,MOOSE,Drag,2,2,18,3,2,854,32,6.0,100,DOWN,727,18.0,true,4368,3599,1326,220,549,0,1,1,DOWN,1.0,275.0,531.0,412.0,1328.0,1080.0,1661.0,4.331,
13,MOOSE,Drag,2,2,19,3,3,854,32,6.0,300,DOWN,733,18.0,true,8064,7424,1504,178,462,1,1,1,DOWN,1.0,248.35,481.0,548.0,1430.0,1080.0,1661.0,4.331,
13,MOOSE,Drag,2,2,20,3,4,854,32,3.0,50,UP,126,18.0,true,4703,4271,1966,393,39,1,1,1,UP,1.0,310.496,372.0,482.0,1096.236,1080.0,1661.0,4.331,
13,MOOSE,Drag,2,2,21,3,5,854,32,3.0,200,DOWN,647,18.0,true,7016,6033,1760,512,471,1,2,1,DOWN,1.0,304.0,499.0,535.5,1319.0,1080.0,1661.0,4.331,
13,MOOSE,Drag,2,2,22,3,6,854,32,3.0,300,UP,42,18.0,true,8644,7744,1504,128,772,0,1,1,UP,2.0,360.0,359.5,990.0,1142.0,1080.0,1661.0,4.331,
13,MOOSE,Drag,2,2,23,3,7,854,32,3.0,100,DOWN,293,18.0,true,4398,3615,1168,204,579,0,1,1,DOWN,1.0,316.49,474.0,448.5,1111.0,1080.0,1661.0,4.331,
13,MOOSE,Drag,2,2,24,3,8,854,32,6.0,200,UP,266,18.0,true,6131,5600,1424,57,474,0,2,2,UP,1.0,329.242,375.754,491.0,1067.0,1080.0,1661.0,4.331,
13,MOOSE,Drag,2,2,25,4,1,854,32,6.0,200,DOWN,682,18.0,true,7012,5328,1312,232,1452,0,1,1,DOWN,1.0,220.003,468.0,430.0,1160.0,1080.0,1661.0,4.331,
13,MOOSE,Drag,2,2,26,4,2,854,32,3.0,100,UP,209,18.0,true,4560,3600,1425,491,469,0,2,1,UP,1.0,389.458,426.0,547.0,1048.0,1080.0,1661.0,4.331,
13,MOOSE,Drag,2,2,27,4,3,854,32,6.0,100,UP,256,18.0,true,4501,4034,1301,84,383,0,1,1,DOWN,1.0,347.471,356.0,524.0,1024.0,1080.0,1661.0,4.331,
13,MOOSE,Drag,2,2,28,4,4,854,32,3.0,200,UP,58,18.0,true,7162,6320,1073,438,404,0,1,1,DOWN,1.0,352.659,350.0,537.0,1084.0,1080.0,1661.0,4.331,
13,MOOSE,Drag,2,2,29,4,5,854,32,3.0,50,DOWN,354,18.0,true,2688,1983,1199,235,470,1,0,1,DOWN,1.0,322.475,591.0,405.0,1178.0,1080.0,1661.0,4.331,
13,MOOSE,Drag,2,2,30,4,6,854,32,6.0,50,DOWN,355,18.0,true,3841,3186,1537,146,509,-1,2,1,UP,1.0,333.312,524.463,437.0,1240.0,1080.0,1661.0,4.331,
13,MOOSE,Drag,2,2,31,4,7,854,32,6.0,300,UP,356,18.0,true,8412,7776,1554,180,456,0,2,1,DOWN,1.0,317.099,296.0,597.0,1077.0,1080.0,1661.0,4.331,
13,MOOSE,Drag,2,2,32,4,8,854,32,3.0,300,DOWN,509,18.0,true,6558,5776,815,431,351,0,0,1,UP,1.0,314.018,525.0,593.775,1555.218,1080.0,1661.0,4.331,
13,MOOSE,Rubbing,2,1,1,1,1,854,32,3.0,300,DOWN,527,18.0,true,23064,8960,2992,3221,10883,0,1,1,DOWN,1.0,194.0,529.0,379.0,1468.479,1080.0,1661.0,4.331,
13,MOOSE,Rubbing,2,1,2,1,2,854,32,3.0,100,UP,102,18.0,true,10738,9073,1760,689,976,0,1,1,DOWN,1.0,201.0,567.519,405.0,1377.0,1080.0,1661.0,4.331,
13,MOOSE,Rubbing,2,1,3,1,3,854,32,6.0,50,DOWN,258,18.0,true,5730,3374,1774,340,2016,-1,1,1,DOWN,1.0,233.0,585.0,356.0,1209.5,1080.0,1661.0,4.331,
13,MOOSE,Rubbing,2,1,4,1,4,854,32,6.0,100,UP,591,18.0,true,8887,7841,831,241,805,-1,1,1,DOWN,1.0,187.0,564.5,338.0,1193.0,1080.0,1661.0,4.331,
13,MOOSE,Rubbing,2,1,5,1,5,854,32,3.0,50,DOWN,783,18.0,true,9346,8319,1982,347,680,1,1,2,DOWN,1.0,259.0,424.0,471.551,1050.0,1080.0,1661.0,4.331,
13,MOOSE,Rubbing,2,1,6,1,6,854,32,3.0,200,UP,349,18.0,true,14815,13619,2995,612,584,-1,0,1,UP,1.0,289.0,320.5,527.0,1040.0,1080.0,1661.0,4.331,
13,MOOSE,Rubbing,2,1,7,1,7,854,32,6.0,200,DOWN,289,18.0,true,7556,6303,671,395,858,1,1,1,DOWN,1.0,169.375,539.0,349.5,1285.347,1080.0,1661.0,4.331,
13,MOOSE,Rubbing,2,1,8,1,8,854,32,6.0,300,UP,126,18.0,true,8533,7201,2209,430,902,0,1,1,UP,1.0,250.0,308.5,422.0,1152.0,1080.0,1661.0,4.331,
13,MOOSE,Rubbing,2,1,9,2,1,854,32,6.0,100,DOWN,381,18.0,true,7992,5025,1552,483,2484,-1,1,1,DOWN,1.0,292.0,530.5,532.699,1188.334,1080.0,1661.0,4.331,
13,MOOSE,Rubbing,2,1,10,2,2,854,32,3.0,100,DOWN,594,18.0,true,6473,5410,1665,324,739,-1,0,2,DOWN,1.0,208.505,440.0,440.0,1041.0,1080.0,1661.0,4.331,
13,MOOSE,Rubbing,2,1,11,2,3,854,32,6.0,300,DOWN,582,18.0,true,6546,5536,927,375,635,1,1,1,DOWN,1.0,274.0,556.0,374.0,1236.0,1080.0,1661.0,4.331,
13,MOOSE,Rubbing,2,1,12,2,4,854,32,6.0,200,UP,525,18.0,true,9930,8430,1056,499,1001,-2,1,2,UP,1.0,211.0,338.623,363.0,1130.5,1080.0,1661.0,4.331,
13,MOOSE,Rubbing,2,1,13,2,5,854,32,3.0,200,DOWN,784,18.0,true,4363,3248,672,395,720,0,1,1,DOWN,1.0,267.0,459.0,371.0,1306.5,1080.0,1661.0,4.331,
13,MOOSE,Rubbing,2,1,14,2,6,854,32,6.0,50,UP,715,18.0,true,7212,5856,2687,623,733,0,3,2,UP,1.0,211.0,324.5,367.5,1121.0,1080.0,1661.0,4.331,
13,MOOSE,Rubbing,2,1,15,2,7,854,32,3.0,300,UP,458,18.0,true,9687,8223,1856,565,899,1,1,2,DOWN,1.0,223.0,320.0,379.0,1203.5,1080.0,1661.0,4.331,
13,MOOSE,Rubbing,2,1,16,2,8,854,32,3.0,50,UP,204,18.0,true,6833,4929,239,1187,717,0,0,1,DOWN,1.0,256.0,397.0,415.514,1122.0,1080.0,1661.0,4.331,
13,MOOSE,Rubbing,2,1,17,3,1,854,32,3.0,50,UP,159,18.0,true,8407,4337,2353,399,3671,0,1,1,UP,1.0,304.0,339.5,448.0,1079.0,1080.0,1661.0,4.331,
13,MOOSE,Rubbing,2,1,18,3,2,854,32,6.0,100,DOWN,811,18.0,true,4954,3840,1695,313,801,1,1,1,DOWN,1.0,295.0,401.0,379.0,1002.0,1080.0,1661.0,4.331,
13,MOOSE,Rubbing,2,1,19,3,3,854,32,3.0,300,UP,534,18.0,true,8067,6831,1776,491,745,0,1,1,DOWN,1.0,315.712,263.646,536.0,986.0,1080.0,1661.0,4.331,
13,MOOSE,Rubbing,2,1,20,3,4,854,32,6.0,200,DOWN,699,18.0,true,4242,2337,-1,1186,719,0,0,1,DOWN,1.0,225.0,445.0,368.5,1006.5,1080.0,1661.0,4.331,
13,MOOSE,Rubbing,2,1,21,3,5,854,32,6.0,300,DOWN,705,18.0,true,11237,9937,1007,403,897,1,1,1,UP,1.0,237.505,322.648,449.0,1110.0,1080.0,1661.0,4.331,
13,MOOSE,Rubbing,2,1,22,3,6,854,32,3.0,200,UP,369,18.0,true,5679,4785,2481,337,557,0,1,1,UP,1.0,302.96,342.0,391.71,1079.0,1080.0,1661.0,4.331,
13,MOOSE,Rubbing,2,1,23,3,7,854,32,6.0,50,UP,359,18.0,true,6506,5472,815,497,537,0,1,1,UP,2.0,259.0,346.0,811.0,1097.0,1080.0,1661.0,4.331,
13,MOOSE,Rubbing,2,1,24,3,8,854,32,3.0,100,DOWN,464,18.0,true,4354,3456,1024,364,534,0,1,1,DOWN,1.0,266.0,390.0,361.0,1164.0,1080.0,1661.0,4.331,
13,MOOSE,Rubbing,2,1,25,4,1,854,32,6.0,200,UP,576,18.0,true,7137,4512,175,615,2010,0,1,1,UP,1.0,249.0,383.0,438.0,1171.0,1080.0,1661.0,4.331,
13,MOOSE,Rubbing,2,1,26,4,2,854,32,3.0,50,DOWN,535,18.0,true,4220,2814,959,538,868,0,1,1,DOWN,1.0,285.282,509.0,384.0,1138.0,1080.0,1661.0,4.331,
13,MOOSE,Rubbing,2,1,27,4,3,854,32,6.0,50,DOWN,162,18.0,true,10297,8880,1552,594,823,-1,1,2,UP,1.0,301.0,420.0,438.0,1009.0,1080.0,1661.0,4.331,
13,MOOSE,Rubbing,2,1,28,4,4,854,32,6.0,300,UP,501,18.0,true,8438,6624,2815,817,997,-1,1,1,DOWN,1.0,289.0,344.5,479.061,1099.0,1080.0,1661.0,4.331,
13,MOOSE,Rubbing,2,1,29,4,5,854,32,6.0,100,UP,405,18.0,true,14238,13089,1648,228,921,0,2,2,DOWN,1.0,158.0,365.5,541.0,1355.0,1080.0,1661.0,4.331,
13,MOOSE,Rubbing,2,1,30,4,6,854,32,3.0,300,DOWN,835,18.0,true,7423,6241,3744,299,883,0,2,1,DOWN,1.0,262.561,480.0,362.0,1104.5,1080.0,1661.0,4.331,
13,MOOSE,Rubbing,2,1,31,4,7,854,32,3.0,200,DOWN,735,18.0,true,11138,9903,800,487,748,0,1,1,UP,1.0,194.352,386.0,426.0,1155.0,1080.0,1661.0,4.331,
13,MOOSE,Rubbing,2,1,32,4,8,854,32,3.0,100,UP,72,18.0,true,6929,6338,1359,559,32,-1,1,1,UP,1.0,222.132,467.0,375.0,1120.0,1080.0,1661.0,4.331,
13,MOOSE,Rubbing,2,2,1,1,1,854,32,6.0,200,UP,597,18.0,true,8543,4256,2257,892,3395,-2,1,1,UP,1.0,269.0,327.0,590.351,1123.0,1080.0,1661.0,4.331,
13,MOOSE,Rubbing,2,2,2,1,2,854,32,6.0,50,UP,411,18.0,true,6531,5263,1647,639,629,1,1,1,DOWN,1.0,384.0,413.5,597.0,1127.5,1080.0,1661.0,4.331,
13,MOOSE,Rubbing,2,2,3,1,3,854,32,6.0,100,DOWN,325,18.0,true,5292,3905,801,387,1000,-2,1,1,DOWN,1.0,389.0,456.0,472.317,1136.0,1080.0,1661.0,4.331,
13,MOOSE,Rubbing,2,2,4,1,4,854,32,3.0,300,DOWN,504,18.0,true,5335,3792,735,536,1007,1,0,1,DOWN,1.0,420.5,418.0,513.0,1103.0,1080.0,1661.0,4.331,
13,MOOSE,Rubbing,2,2,5,1,5,854,32,3.0,50,UP,46,18.0,true,4551,3247,2641,339,965,0,2,1,UP,1.0,404.0,391.5,500.0,1197.0,1080.0,1661.0,4.331,
13,MOOSE,Rubbing,2,2,6,1,6,854,32,3.0,100,UP,156,18.0,true,5060,3668,1140,643,749,-1,0,2,UP,1.0,476.642,482.0,573.0,1113.0,1080.0,1661.0,4.331,
13,MOOSE,Rubbing,2,2,7,1,7,854,32,3.0,200,DOWN,376,18.0,true,3830,2606,431,645,579,0,1,1,DOWN,1.0,413.0,469.0,546.0,1271.5,1080.0,1661.0,4.331,
13,MOOSE,Rubbing,2,2,8,1,8,854,32,6.0,300,DOWN,726,18.0,true,4282,3232,784,100,950,1,1,1,DOWN,1.0,450.5,357.0,571.0,1068.5,1080.0,1661.0,4.331,
13,MOOSE,Rubbing,2,2,9,2,1,854,32,6.0,100,UP,309,18.0,true,4735,1151,0,1072,2512,0,0,1,UP,1.0,340.615,499.5,490.0,964.0,1080.0,1661.0,4.331,
13,MOOSE,Rubbing,2,2,10,2,2,854,32,3.0,100,DOWN,180,18.0,true,4566,3232,1633,613,721,1,0,1,DOWN,1.0,370.506,367.0,480.0,1017.5,1080.0,1661.0,4.331,
13,MOOSE,Rubbing,2,2,11,2,3,854,32,3.0,300,UP,259,18.0,true,4857,3392,1056,806,659,0,1,1,UP,1.0,379.714,292.0,516.723,1015.656,1080.0,1661.0,4.331,
13,MOOSE,Rubbing,2,2,12,2,4,854,32,6.0,200,DOWN,698,18.0,true,4856,3519,1423,565,772,-2,1,1,DOWN,1.0,426.272,306.0,524.0,925.0,1080.0,1661.0,4.331,
13,MOOSE,Rubbing,2,2,13,2,5,854,32,3.0,200,UP,68,18.0,true,6136,4961,353,666,509,-1,0,1,DOWN,2.0,415.527,288.0,972.0,937.0,1080.0,1661.0,4.331,
13,MOOSE,Rubbing,2,2,14,2,6,854,32,6.0,50,DOWN,387,18.0,true,2966,2016,448,173,777,0,1,1,DOWN,1.0,424.0,378.0,477.0,781.5,1080.0,1661.0,4.331,
13,MOOSE,Rubbing,2,2,15,2,7,854,32,3.0,50,DOWN,180,18.0,true,4750,3024,2098,531,1195,0,1,1,DOWN,1.0,427.467,390.0,477.0,967.5,1080.0,1661.0,4.331,
13,MOOSE,Rubbing,2,2,16,2,8,854,32,6.0,300,UP,536,18.0,true,8308,6991,1857,624,693,-2,0,1,UP,1.0,454.811,327.5,585.0,984.0,1080.0,1661.0,4.331,
13,MOOSE,Rubbing,2,2,17,3,1,854,32,3.0,300,UP,411,18.0,true,8918,8221,1392,690,7,0,1,1,DOWN,1.0,331.0,334.5,541.0,1054.0,1080.0,1661.0,4.331,
13,MOOSE,Rubbing,2,2,18,3,2,854,32,3.0,50,UP,212,18.0,true,5812,4944,2000,219,649,0,2,1,DOWN,1.0,435.533,306.5,582.5,971.0,1080.0,1661.0,4.331,
13,MOOSE,Rubbing,2,2,19,3,3,854,32,6.0,50,DOWN,731,18.0,true,5831,3663,1263,565,1603,-1,1,1,DOWN,1.0,337.0,344.0,583.0,1015.0,1080.0,1661.0,4.331,
13,MOOSE,Rubbing,2,2,20,3,4,854,32,6.0,200,DOWN,704,18.0,true,8527,7760,1552,348,419,0,2,2,UP,1.0,369.486,331.68,552.0,1132.0,1080.0,1661.0,4.331,
13,MOOSE,Rubbing,2,2,21,3,5,854,32,6.0,300,UP,319,18.0,true,11241,10799,2321,403,39,0,1,1,UP,2.0,305.0,208.0,1022.0,1169.0,1080.0,1661.0,4.331,
13,MOOSE,Rubbing,2,2,22,3,6,854,32,3.0,200,UP,62,18.0,true,5830,4320,1376,560,950,1,1,2,UP,1.0,286.0,527.5,451.0,1229.0,1080.0,1661.0,4.331,
13,MOOSE,Rubbing,2,2,23,3,7,854,32,6.0,100,DOWN,595,18.0,true,4553,3056,1231,360,1137,-1,1,1,DOWN,1.0,297.0,424.0,486.0,1125.479,1080.0,1661.0,4.331,
13,MOOSE,Rubbing,2,2,24,3,8,854,32,3.0,100,DOWN,292,18.0,true,5438,3551,976,873,1014,1,0,1,DOWN,1.0,302.0,439.0,440.0,1276.0,1080.0,1661.0,4.331,
13,MOOSE,Rubbing,2,2,25,4,1,854,32,3.0,50,DOWN,282,18.0,true,4947,3087,2624,369,1491,0,1,1,DOWN,1.0,328.0,659.0,450.0,1276.5,1080.0,1661.0,4.331,
13,MOOSE,Rubbing,2,2,26,4,2,854,32,6.0,200,UP,159,18.0,true,5666,4320,2223,612,734,-1,1,1,UP,1.0,381.0,406.0,555.0,1079.0,1080.0,1661.0,4.331,
13,MOOSE,Rubbing,2,2,27,4,3,854,32,6.0,100,UP,449,18.0,true,4853,3489,2561,381,983,0,1,1,UP,1.0,402.568,460.5,527.5,1027.0,1080.0,1661.0,4.331,
13,MOOSE,Rubbing,2,2,28,4,4,854,32,3.0,200,DOWN,688,18.0,true,3739,2081,0,993,665,0,0,1,DOWN,1.0,425.0,392.0,544.0,981.0,1080.0,1661.0,4.331,
13,MOOSE,Rubbing,2,2,29,4,5,854,32,6.0,300,DOWN,514,18.0,true,5646,4721,1124,249,676,1,1,1,UP,1.0,390.0,385.0,601.0,1192.0,1080.0,1661.0,4.331,
13,MOOSE,Rubbing,2,2,30,4,6,854,32,3.0,100,UP,478,18.0,true,4118,2784,1215,757,577,0,1,1,UP,1.0,433.0,565.5,534.0,1156.0,1080.0,1661.0,4.331,
13,MOOSE,Rubbing,2,2,31,4,7,854,32,6.0,50,UP,178,18.0,true,5716,5086,3343,594,36,-2,2,1,UP,1.0,449.499,428.0,561.0,1110.0,1080.0,1661.0,4.331,
13,MOOSE,Rubbing,2,2,32,4,8,854,32,3.0,300,DOWN,536,18.0,true,4822,3808,1695,511,503,0,1,1,DOWN,1.0,361.669,470.0,544.0,1053.0,1080.0,1661.0,4.331,
13,MOOSE,Rubbing,2,3,1,1,1,854,32,3.0,100,DOWN,644,18.0,true,7891,4369,1616,403,3119,-1,1,1,UP,1.0,178.0,506.0,395.0,1313.0,1080.0,1661.0,4.331,
13,MOOSE,Rubbing,2,3,2,1,2,854,32,6.0,200,UP,281,18.0,true,12632,11344,1791,588,700,-1,1,1,DOWN,1.0,243.408,442.508,562.555,1399.0,1080.0,1661.0,4.331,
13,MOOSE,Rubbing,2,3,3,1,3,854,32,3.0,300,UP,317,18.0,true,9531,7839,2080,836,856,0,1,2,UP,1.0,341.0,372.5,496.0,1181.0,1080.0,1661.0,4.331,
13,MOOSE,Rubbing,2,3,4,1,4,854,32,3.0,200,UP,465,18.0,true,4144,2783,943,416,945,0,1,1,UP,1.0,377.5,416.5,500.0,1271.0,1080.0,1661.0,4.331,
13,MOOSE,Rubbing,2,3,5,1,5,854,32,6.0,100,DOWN,281,18.0,true,4469,3345,1647,483,641,0,1,1,DOWN,1.0,360.5,442.0,401.0,1131.0,1080.0,1661.0,4.331,
13,MOOSE,Rubbing,2,3,6,1,6,854,32,6.0,50,DOWN,516,18.0,true,3840,2896,2000,181,763,1,1,1,DOWN,1.0,348.0,515.0,396.0,1078.0,1080.0,1661.0,4.331,
13,MOOSE,Rubbing,2,3,7,1,7,854,32,3.0,50,UP,547,18.0,true,4208,2943,2271,547,718,0,1,1,UP,1.0,348.5,536.0,439.0,1144.0,1080.0,1661.0,4.331,
13,MOOSE,Rubbing,2,3,8,1,8,854,32,6.0,300,DOWN,494,18.0,true,5649,4639,2065,429,581,1,1,1,DOWN,1.0,321.0,553.0,468.0,1147.5,1080.0,1661.0,4.331,
13,MOOSE,Rubbing,2,3,9,2,1,854,32,6.0,200,DOWN,527,18.0,true,6978,3584,1201,487,2907,1,1,1,UP,1.0,341.0,570.0,587.0,1263.0,1080.0,1661.0,4.331,
13,MOOSE,Rubbing,2,3,10,2,2,854,32,3.0,50,DOWN,286,18.0,true,3214,1840,1280,325,1049,0,1,1,DOWN,1.0,376.0,745.0,492.0,1093.5,1080.0,1661.0,4.331,
13,MOOSE,Rubbing,2,3,11,2,3,854,32,3.0,200,DOWN,615,18.0,true,4155,3025,962,436,694,0,1,1,DOWN,1.0,307.5,709.0,454.493,1260.5,1080.0,1661.0,4.331,
13,MOOSE,Rubbing,2,3,12,2,4,854,32,6.0,50,UP,438,18.0,true,3718,3123,1472,563,32,1,2,1,UP,1.0,298.0,780.5,466.0,1508.0,1080.0,1661.0,4.331,
13,MOOSE,Rubbing,2,3,13,2,5,854,32,6.0,100,UP,266,18.0,true,4063,2689,1008,654,720,2,1,2,UP,1.0,262.489,699.0,430.0,1476.0,1080.0,1661.0,4.331,
13,MOOSE,Rubbing,2,3,14,2,6,854,32,3.0,100,UP,570,18.0,true,4563,3168,768,563,832,0,1,1,DOWN,1.0,331.0,753.5,444.0,1358.0,1080.0,1661.0,4.331,
13,MOOSE,Rubbing,2,3,15,2,7,854,32,3.0,300,DOWN,589,18.0,true,8504,7392,2144,516,596,0,2,1,DOWN,1.0,288.0,641.0,521.0,1364.0,1080.0,1661.0,4.331,
13,MOOSE,Rubbing,2,3,16,2,8,854,32,6.0,300,UP,194,18.0,true,5413,4273,1121,600,540,0,1,1,UP,1.0,337.0,592.0,550.0,1457.0,1080.0,1661.0,4.331,
13,MOOSE,Rubbing,2,3,17,3,1,854,32,3.0,100,UP,513,18.0,true,10022,2752,2049,577,6693,0,2,1,UP,1.0,344.0,666.5,542.0,1333.5,1080.0,1661.0,4.331,
13,MOOSE,Rubbing,2,3,18,3,2,854,32,6.0,50,UP,555,18.0,true,2843,1777,1164,439,627,-1,1,1,UP,1.0,356.941,457.0,628.0,1428.0,1080.0,1661.0,4.331,
13,MOOSE,Rubbing,2,3,19,3,3,854,32,6.0,200,DOWN,659,18.0,true,4320,3056,1615,592,672,-1,2,1,DOWN,1.0,336.5,643.0,562.0,1201.5,1080.0,1661.0,4.331,
13,MOOSE,Rubbing,2,3,20,3,4,854,32,6.0,300,UP,38,18.0,true,5040,3792,1791,433,815,1,2,1,UP,1.0,338.0,564.5,530.0,1331.0,1080.0,1661.0,4.331,
13,MOOSE,Rubbing,2,3,21,3,5,854,32,3.0,50,DOWN,527,18.0,true,2836,1536,976,718,582,0,1,1,DOWN,1.0,359.0,611.0,470.0,1177.0,1080.0,1661.0,4.331,
13,MOOSE,Rubbing,2,3,22,3,6,854,32,3.0,200,DOWN,687,18.0,true,5247,3761,1472,710,776,0,1,1,DOWN,1.0,358.0,514.0,516.0,1139.0,1080.0,1661.0,4.331,
13,MOOSE,Rubbing,2,3,23,3,7,854,32,6.0,100,UP,681,18.0,true,7430,6382,1407,561,487,0,1,1,UP,1.0,341.364,408.0,566.0,1362.5,1080.0,1661.0,4.331,
13,MOOSE,Rubbing,2,3,24,3,8,854,32,3.0,300,DOWN,394,18.0,true,9554,8545,2912,458,551,0,1,1,DOWN,1.0,366.5,452.0,538.0,1298.0,1080.0,1661.0,4.331,
13,MOOSE,Rubbing,2,3,25,4,1,854,32,6.0,200,UP,327,18.0,true,7907,4896,832,542,2469,2,2,2,UP,1.0,358.382,550.0,540.0,1347.0,1080.0,1661.0,4.331,
13,MOOSE,Rubbing,2,3,26,4,2,854,32,3.0,50,UP,102,18.0,true,4145,3491,2002,613,41,1,0,1,UP,1.0,337.0,562.0,508.5,1143.0,1080.0,1661.0,4.331,
13,MOOSE,Rubbing,2,3,27,4,3,854,32,6.0,50,DOWN,560,18.0,true,4186,3600,2321,3,583,2,1,1,DOWN,1.0,334.0,557.0,508.0,1184.5,1080.0,1661.0,4.331,
13,MOOSE,Rubbing,2,3,28,4,4,854,32,6.0,300,DOWN,826,18.0,true,6275,4864,1617,602,809,0,1,1,DOWN,1.0,258.421,565.0,543.0,1218.5,1080.0,1661.0,4.331,
13,MOOSE,Rubbing,2,3,29,4,5,854,32,6.0,100,DOWN,353,18.0,true,3891,2623,1105,333,935,-1,1,1,DOWN,1.0,304.0,625.0,477.0,1323.0,1080.0,1661.0,4.331,
13,MOOSE,Rubbing,2,3,30,4,6,854,32,3.0,100,DOWN,449,18.0,true,4941,3633,1104,548,760,0,1,1,DOWN,1.0,334.0,637.0,491.0,1191.0,1080.0,1661.0,4.331,
13,MOOSE,Rubbing,2,3,31,4,7,854,32,3.0,200,UP,256,18.0,true,9009,7296,1263,513,1200,0,2,1,DOWN,1.0,282.0,495.0,648.5,1373.0,1080.0,1661.0,4.331,
13,MOOSE,Rubbing,2,3,32,4,8,854,32,3.0,300,UP,215,18.0,true,6585,5827,224,724,34,0,1,1,UP,1.0,300.0,323.0,574.009,1365.5,1080.0,1661.0,4.331,
13,MOOSE,Rubbing,2,4,1,1,1,854,32,6.0,300,DOWN,410,18.0,true,8278,4736,2400,586,2956,0,2,1,DOWN,1.0,0.0,324.0,1067.0,1234.0,1080.0,1661.0,4.331,
13,MOOSE,Rubbing,2,4,2,1,2,854,32,3.0,200,UP,237,18.0,true,7730,5759,4223,1132,839,1,1,1,UP,1.0,371.5,372.0,600.0,1142.0,1080.0,1661.0,4.331,
13,MOOSE,Rubbing,2,4,3,1,3,854,32,3.0,50,DOWN,650,18.0,true,4009,2673,2080,659,677,0,1,1,DOWN,1.0,408.5,509.0,561.481,1003.0,1080.0,1661.0,4.331,
13,MOOSE,Rubbing,2,4,4,1,4,854,32,3.0,300,DOWN,432,18.0,true,5154,4016,1135,473,665,0,1,1,DOWN,1.0,389.5,470.0,548.5,1037.0,1080.0,1661.0,4.331,
13,MOOSE,Rubbing,2,4,5,1,5,854,32,6.0,200,UP,596,18.0,true,5104,4238,2510,250,616,1,2,1,UP,1.0,415.5,620.5,563.5,1200.0,1080.0,1661.0,4.331,
13,MOOSE,Rubbing,2,4,6,1,6,854,32,3.0,100,DOWN,157,18.0,true,4000,2578,1457,601,821,0,1,1,DOWN,1.0,448.0,549.0,533.0,1025.5,1080.0,1661.0,4.331,
13,MOOSE,Rubbing,2,4,7,1,7,854,32,6.0,100,UP,215,18.0,true,5082,3887,1199,548,647,2,1,2,UP,1.0,434.0,523.0,635.0,1095.0,1080.0,1661.0,4.331,
13,MOOSE,Rubbing,2,4,8,1,8,854,32,6.0,50,UP,338,18.0,true,9042,8000,641,462,580,0,1,1,DOWN,1.0,407.0,339.5,606.5,1302.0,1080.0,1661.0,4.331,
13,MOOSE,Rubbing,2,4,9,2,1,854,32,6.0,200,DOWN,341,18.0,true,6428,3649,1296,399,2380,0,1,1,DOWN,1.0,296.5,608.5,477.0,1161.0,1080.0,1661.0,4.331,
13,MOOSE,Rubbing,2,4,10,2,2,854,32,6.0,50,DOWN,662,18.0,true,5145,3343,1502,844,958,-1,1,2,DOWN,1.0,379.5,476.0,583.0,1086.0,1080.0,1661.0,4.331,
13,MOOSE,Rubbing,2,4,11,2,3,854,32,6.0,300,UP,435,18.0,true,4255,3263,960,346,646,-1,1,1,UP,1.0,342.194,424.5,546.0,1090.5,1080.0,1661.0,4.331,
13,MOOSE,Rubbing,2,4,12,2,4,854,32,3.0,300,UP,178,18.0,true,6026,5342,2398,162,522,0,2,1,DOWN,1.0,326.0,318.5,610.0,1318.0,1080.0,1661.0,4.331,
13,MOOSE,Rubbing,2,4,13,2,5,854,32,3.0,100,UP,22,18.0,true,3263,2000,1150,432,831,0,1,1,UP,1.0,322.0,579.5,493.0,1260.0,1080.0,1661.0,4.331,
13,MOOSE,Rubbing,2,4,14,2,6,854,32,3.0,200,DOWN,604,18.0,true,3919,2527,671,500,892,0,1,1,DOWN,1.0,315.0,426.0,421.0,1163.0,1080.0,1661.0,4.331,
13,MOOSE,Rubbing,2,4,15,2,7,854,32,3.0,50,UP,763,18.0,true,4527,3023,1391,411,1093,0,1,1,UP,1.0,311.612,300.0,672.0,1271.0,1080.0,1661.0,4.331,
13,MOOSE,Rubbing,2,4,16,2,8,854,32,6.0,100,DOWN,534,18.0,true,3216,2017,1009,226,973,0,1,1,DOWN,1.0,394.5,476.0,497.0,974.0,1080.0,1661.0,4.331,
13,MOOSE,Rubbing,2,4,17,3,1,854,32,6.0,100,DOWN,638,18.0,true,5071,2142,1247,472,2457,1,1,1,DOWN,1.0,370.0,646.0,581.0,1263.5,1080.0,1661.0,4.331,
13,MOOSE,Rubbing,2,4,18,3,2,854,32,3.0,100,DOWN,571,18.0,true,5574,4369,1921,430,775,0,1,2,UP,1.0,431.5,423.0,621.0,1187.0,1080.0,1661.0,4.331,
13,MOOSE,Rubbing,2,4,19,3,3,854,32,6.0,300,UP,322,18.0,true,8519,7959,1152,520,40,-1,1,1,UP,1.0,381.0,359.0,645.0,1130.0,1080.0,1661.0,4.331,
13,MOOSE,Rubbing,2,4,20,3,4,854,32,3.0,50,UP,181,18.0,true,4350,3216,2752,292,842,0,1,1,UP,1.0,374.0,406.5,595.0,1117.0,1080.0,1661.0,4.331,
13,MOOSE,Rubbing,2,4,21,3,5,854,32,3.0,200,DOWN,533,18.0,true,6807,4353,701,504,1950,0,1,1,DOWN,1.0,420.0,520.0,597.0,1200.0,1080.0,1661.0,4.331,
13,MOOSE,Rubbing,2,4,22,3,6,854,32,3.0,300,UP,468,18.0,true,4830,3776,1215,490,564,-1,1,1,UP,1.0,413.284,478.5,574.0,1169.0,1080.0,1661.0,4.331,
13,MOOSE,Rubbing,2,4,23,3,7,854,32,6.0,50,UP,446,18.0,true,5880,4207,3488,724,949,1,1,1,DOWN,1.0,366.0,202.0,761.0,1175.0,1080.0,1661.0,4.331,
13,MOOSE,Rubbing,2,4,24,3,8,854,32,6.0,200,DOWN,725,18.0,true,4475,2928,1471,740,807,1,1,1,DOWN,1.0,376.5,468.0,593.0,1017.5,1080.0,1661.0,4.331,
13,MOOSE,Rubbing,2,4,25,4,1,854,32,6.0,300,DOWN,369,18.0,true,7261,3361,784,609,3291,0,1,1,DOWN,1.0,311.0,448.0,521.0,1206.0,1080.0,1661.0,4.331,
13,MOOSE,Rubbing,2,4,26,4,2,854,32,3.0,100,UP,155,18.0,true,2890,2449,1120,409,32,0,1,1,UP,1.0,329.0,484.0,456.0,1141.0,1080.0,1661.0,4.331,
13,MOOSE,Rubbing,2,4,27,4,3,854,32,6.0,50,DOWN,484,18.0,true,3430,2159,1424,507,764,0,1,1,DOWN,1.0,387.5,362.0,532.0,887.0,1080.0,1661.0,4.331,
13,MOOSE,Rubbing,2,4,28,4,4,854,32,3.0,200,UP,202,18.0,true,4808,3441,1328,494,873,0,1,1,DOWN,1.0,293.5,364.154,579.322,1339.0,1080.0,1661.0,4.331,
13,MOOSE,Rubbing,2,4,29,4,5,854,32,6.0,200,UP,202,18.0,true,5220,4288,1744,168,764,0,1,1,DOWN,1.0,343.5,361.5,604.0,1211.0,1080.0,1661.0,4.331,
13,MOOSE,Rubbing,2,4,30,4,6,854,32,3.0,300,DOWN,607,18.0,true,4187,3247,1311,245,695,0,1,1,DOWN,1.0,401.5,404.0,533.0,1064.5,1080.0,1661.0,4.331,
13,MOOSE,Rubbing,2,4,31,4,7,854,32,3.0,50,DOWN,735,18.0,true,3711,2832,1472,298,581,0,1,1,UP,1.0,410.5,536.0,535.0,1280.0,1080.0,1661.0,4.331,
13,MOOSE,Rubbing,2,4,32,4,8,854,32,6.0,100,UP,59,18.0,true,3095,2320,1535,202,573,0,1,1,UP,1.0,418.0,488.0,593.0,1135.0,1080.0,1661.0,4.331,
13,MOOSE,Drag,3,3,1,1,1,854,32,3.0,100,DOWN,837,18.0,true,8100,4224,1026,438,3438,0,0,1,UP,1.0,203.0,658.0,508.0,1475.0,1080.0,1661.0,4.331,
13,MOOSE,Drag,3,3,2,1,2,854,32,3.0,200,DOWN,579,18.0,true,7433,6528,1634,237,668,0,2,1,DOWN,1.0,256.5,592.0,393.0,1386.5,1080.0,1661.0,4.331,
13,MOOSE,Drag,3,3,3,1,3,854,32,3.0,300,UP,437,18.0,true,9314,8158,1152,574,582,1,1,1,DOWN,1.0,194.0,331.0,444.0,1431.0,1080.0,1661.0,4.331,
13,MOOSE,Drag,3,3,4,1,4,854,32,6.0,200,UP,465,18.0,true,6561,5391,977,358,812,-1,1,1,UP,1.0,217.0,421.0,454.0,1289.0,1080.0,1661.0,4.331,
13,MOOSE,Drag,3,3,5,1,5,854,32,3.0,50,DOWN,461,18.0,true,3365,1792,577,772,801,0,1,1,DOWN,2.0,269.0,545.0,768.0,1179.0,1080.0,1661.0,4.331,
13,MOOSE,Drag,3,3,6,1,6,854,32,6.0,300,UP,539,18.0,true,9166,8161,640,308,697,-1,1,1,DOWN,1.0,265.0,419.5,424.0,1169.0,1080.0,1661.0,4.331,
13,MOOSE,Drag,3,3,7,1,7,854,32,6.0,100,DOWN,283,18.0,true,3836,3151,804,139,546,1,1,1,DOWN,1.0,244.405,533.0,390.0,1233.0,1080.0,1661.0,4.331,
13,MOOSE,Drag,3,3,8,1,8,854,32,6.0,50,UP,670,18.0,true,2326,1359,448,413,554,0,1,1,UP,1.0,256.5,580.0,360.0,1249.0,1080.0,1661.0,4.331,
13,MOOSE,Drag,3,3,9,2,1,854,32,6.0,50,DOWN,450,18.0,true,3877,1937,1052,149,1791,-1,1,1,DOWN,1.0,242.0,609.0,393.0,1261.0,1080.0,1661.0,4.331,
13,MOOSE,Drag,3,3,10,2,2,854,32,3.0,300,DOWN,376,18.0,true,9511,8383,2368,370,758,1,1,1,DOWN,2.0,151.439,547.0,721.0,1421.687,1080.0,1661.0,4.331,
13,MOOSE,Drag,3,3,11,2,3,854,32,6.0,100,UP,352,18.0,true,4676,4339,784,300,37,2,1,1,UP,1.0,274.541,517.0,370.0,1416.0,1080.0,1661.0,4.331,
13,MOOSE,Drag,3,3,12,2,4,854,32,3.0,200,UP,598,18.0,true,7145,6495,1648,93,557,0,2,1,DOWN,1.0,227.5,457.5,373.0,1229.0,1080.0,1661.0,4.331,
13,MOOSE,Drag,3,3,13,2,5,854,32,3.0,100,UP,433,18.0,true,4615,3376,1214,359,880,0,1,1,UP,1.0,234.0,520.0,330.0,1220.0,1080.0,1661.0,4.331,
13,MOOSE,Drag,3,3,14,2,6,854,32,3.0,50,UP,202,18.0,true,2625,1296,484,489,840,0,0,1,UP,1.0,226.453,530.0,305.0,1182.0,1080.0,1661.0,4.331,
13,MOOSE,Drag,3,3,15,2,7,854,32,6.0,300,DOWN,356,18.0,true,8784,7919,2096,272,593,0,2,1,DOWN,1.0,108.0,527.0,297.0,1459.0,1080.0,1661.0,4.331,
13,MOOSE,Drag,3,3,16,2,8,854,32,6.0,200,DOWN,236,18.0,true,5479,4560,815,277,642,0,1,1,DOWN,1.0,112.995,627.0,251.0,1443.0,1080.0,1661.0,4.331,
13,MOOSE,Drag,3,3,17,3,1,854,32,6.0,50,UP,108,18.0,true,3049,1087,527,321,1641,-1,1,1,UP,1.0,175.5,497.5,477.0,1297.0,1080.0,1661.0,4.331,
13,MOOSE,Drag,3,3,18,3,2,854,32,6.0,200,DOWN,774,18.0,true,5466,4527,375,474,465,2,1,1,DOWN,1.0,34.863,508.0,262.0,1472.0,1080.0,1661.0,4.331,
13,MOOSE,Drag,3,3,19,3,3,854,32,3.0,100,UP,528,18.0,true,3567,2753,960,213,601,0,1,1,UP,1.0,186.496,554.0,348.0,1313.0,1080.0,1661.0,4.331,
13,MOOSE,Drag,3,3,20,3,4,854,32,3.0,200,UP,588,18.0,true,6743,5953,1842,75,715,0,2,1,UP,1.0,230.467,452.5,382.0,1316.0,1080.0,1661.0,4.331,
13,MOOSE,Drag,3,3,21,3,5,854,32,3.0,300,DOWN,787,18.0,true,7046,6320,1247,155,571,0,1,1,UP,1.0,159.536,579.0,433.0,1644.0,1080.0,1661.0,4.331,
13,MOOSE,Drag,3,3,22,3,6,854,32,3.0,50,DOWN,598,18.0,true,2831,1856,863,521,454,1,0,1,DOWN,1.0,230.0,448.0,387.0,1365.0,1080.0,1661.0,4.331,
13,MOOSE,Drag,3,3,23,3,7,854,32,6.0,300,DOWN,656,18.0,true,7532,6407,328,427,698,0,0,1,UP,1.0,187.0,358.0,455.0,1641.0,1080.0,1661.0,4.331,
13,MOOSE,Drag,3,3,24,3,8,854,32,6.0,100,UP,470,18.0,true,3223,2062,448,671,490,2,1,1,UP,1.0,276.0,366.0,420.439,1269.0,1080.0,1661.0,4.331,
13,MOOSE,Drag,3,3,25,4,1,854,32,6.0,100,DOWN,667,18.0,true,4105,2289,880,146,1670,1,1,1,UP,1.0,138.47,406.5,361.0,1466.925,1080.0,1661.0,4.331,
13,MOOSE,Drag,3,3,26,4,2,854,32,3.0,100,DOWN,630,18.0,true,3710,2655,736,482,573,1,0,1,UP,1.0,102.478,330.0,410.0,1443.0,1080.0,1661.0,4.331,
13,MOOSE,Drag,3,3,27,4,3,854,32,6.0,50,DOWN,184,18.0,true,2521,1199,720,412,910,1,1,1,DOWN,1.0,224.937,420.0,345.0,1439.0,1080.0,1661.0,4.331,
13,MOOSE,Drag,3,3,28,4,4,854,32,3.0,50,UP,15,18.0,true,2420,902,392,692,826,-1,0,1,UP,1.0,262.508,306.0,379.045,1281.0,1080.0,1661.0,4.331,
13,MOOSE,Drag,3,3,29,4,5,854,32,3.0,200,DOWN,538,18.0,true,6222,5103,1071,428,691,-1,0,1,DOWN,1.0,109.0,338.0,374.0,1541.0,1080.0,1661.0,4.331,
13,MOOSE,Drag,3,3,30,4,6,854,32,3.0,300,UP,242,18.0,true,7738,7007,1615,58,673,0,1,1,UP,1.0,245.46,259.0,508.291,1258.0,1080.0,1661.0,4.331,
13,MOOSE,Drag,3,3,31,4,7,854,32,6.0,300,UP,40,18.0,true,6954,5663,368,449,842,0,1,1,UP,1.0,191.0,10.0,514.0,1229.0,1080.0,1661.0,4.331,
13,MOOSE,Drag,3,3,32,4,8,854,32,6.0,200,UP,272,18.0,true,4967,3856,413,417,694,0,1,1,UP,1.0,199.401,207.0,430.0,1282.0,1080.0,1661.0,4.331,
13,MOOSE,TrackPoint,3,1,1,1,1,854,32,3.0,100,DOWN,777,18.0,true,12589,7856,2701,956,3777,0,2,2,DOWN,1.0,243.0,300.0,412.0,1296.0,1080.0,1661.0,4.331,
13,MOOSE,TrackPoint,3,1,2,1,2,854,32,6.0,200,DOWN,775,18.0,true,8282,6049,2346,1266,967,0,2,1,DOWN,1.0,276.0,567.0,328.0,1233.48,1080.0,1661.0,4.331,
13,MOOSE,TrackPoint,3,1,3,1,3,854,32,3.0,200,UP,381,18.0,true,6687,5632,2097,182,873,1,2,1,UP,1.0,234.669,397.5,387.0,1300.0,1080.0,1661.0,4.331,
13,MOOSE,TrackPoint,3,1,4,1,4,854,32,3.0,50,UP,555,18.0,true,5265,3696,3227,775,794,1,2,1,UP,1.0,181.5,454.0,284.0,1276.0,1080.0,1661.0,4.331,
13,MOOSE,TrackPoint,3,1,5,1,5,854,32,6.0,100,UP,302,18.0,true,3834,2414,1419,393,1027,0,2,1,UP,1.0,198.0,515.0,265.438,1260.0,1080.0,1661.0,4.331,
13,MOOSE,TrackPoint,3,1,6,1,6,854,32,6.0,50,DOWN,243,18.0,true,5031,3919,2416,274,838,1,1,1,DOWN,1.0,186.0,479.0,247.0,1072.5,1080.0,1661.0,4.331,
13,MOOSE,TrackPoint,3,1,7,1,7,854,32,3.0,300,UP,23,18.0,true,6500,5360,1424,470,670,0,1,1,UP,1.0,183.0,481.0,281.0,1285.0,1080.0,1661.0,4.331,
13,MOOSE,TrackPoint,3,1,8,1,8,854,32,6.0,300,DOWN,754,18.0,true,8696,7775,2415,156,765,0,2,1,DOWN,1.0,147.514,400.0,312.0,1363.0,1080.0,1661.0,4.331,
13,MOOSE,TrackPoint,3,1,9,2,1,854,32,6.0,50,UP,374,18.0,true,4781,1871,1358,225,2685,0,1,1,UP,1.0,264.0,504.0,462.0,1218.0,1080.0,1661.0,4.331,
13,MOOSE,TrackPoint,3,1,10,2,2,854,32,6.0,300,UP,257,18.0,true,6685,4783,1181,1076,826,-2,1,1,UP,1.0,263.483,285.5,413.5,1206.0,1080.0,1661.0,4.331,
13,MOOSE,TrackPoint,3,1,11,2,3,854,32,3.0,200,DOWN,245,18.0,true,6532,5376,1600,502,654,0,1,1,DOWN,1.0,179.0,301.0,323.0,1086.483,1080.0,1661.0,4.331,
13,MOOSE,TrackPoint,3,1,12,2,4,854,32,6.0,100,DOWN,583,18.0,true,4369,3375,1275,286,708,1,1,1,UP,1.0,163.0,296.0,359.0,1243.0,1080.0,1661.0,4.331,
13,MOOSE,TrackPoint,3,1,13,2,5,854,32,3.0,50,DOWN,115,18.0,true,5499,5313,4047,145,41,0,3,1,UP,1.0,193.0,265.0,342.0,1009.0,1080.0,1661.0,4.331,
13,MOOSE,TrackPoint,3,1,14,2,6,854,32,3.0,100,UP,628,18.0,true,4713,3407,1756,528,778,-1,3,2,UP,1.0,186.0,319.5,314.0,1236.0,1080.0,1661.0,4.331,
13,MOOSE,TrackPoint,3,1,15,2,7,854,32,6.0,200,UP,503,18.0,true,4660,4417,2314,202,41,1,2,1,UP,1.0,212.489,307.5,333.26,1241.0,1080.0,1661.0,4.331,
13,MOOSE,TrackPoint,3,1,16,2,8,854,32,3.0,300,DOWN,610,18.0,true,7243,6159,1776,386,698,-1,1,1,DOWN,1.0,166.5,336.0,377.0,1187.5,1080.0,1661.0,4.331,
13,MOOSE,TrackPoint,3,1,17,3,1,854,32,3.0,100,UP,375,18.0,true,3656,832,74,998,1826,1,1,1,DOWN,1.0,216.0,408.0,346.0,1355.0,1080.0,1661.0,4.331,
13,MOOSE,TrackPoint,3,1,18,3,2,854,32,6.0,200,UP,216,18.0,true,5311,3919,1309,475,917,-2,1,1,UP,1.0,260.54,381.5,394.657,1246.0,1080.0,1661.0,4.331,
13,MOOSE,TrackPoint,3,1,19,3,3,854,32,6.0,300,UP,17,18.0,true,3699,2174,106,820,705,-1,1,1,UP,1.0,230.0,275.5,342.314,1207.0,1080.0,1661.0,4.331,
13,MOOSE,TrackPoint,3,1,20,3,4,854,32,3.0,50,DOWN,574,18.0,true,2826,1776,1295,314,736,0,1,1,DOWN,1.0,226.0,253.0,353.0,980.5,1080.0,1661.0,4.331,
13,MOOSE,TrackPoint,3,1,21,3,5,854,32,3.0,200,DOWN,601,18.0,true,6356,5406,1678,94,856,0,1,1,DOWN,1.0,239.671,357.0,321.0,1008.0,1080.0,1661.0,4.331,
13,MOOSE,TrackPoint,3,1,22,3,6,854,32,6.0,100,UP,164,18.0,true,3593,3234,1823,321,38,-2,1,1,UP,1.0,272.0,464.5,380.0,1305.0,1080.0,1661.0,4.331,
13,MOOSE,TrackPoint,3,1,23,3,7,854,32,3.0,300,DOWN,326,18.0,true,7503,6526,1663,381,596,0,3,2,DOWN,1.0,237.0,251.0,455.0,1101.0,1080.0,1661.0,4.331,
13,MOOSE,TrackPoint,3,1,24,3,8,854,32,6.0,50,DOWN,804,18.0,true,3101,1935,1471,64,1102,0,1,1,DOWN,1.0,239.0,356.0,330.0,1044.5,1080.0,1661.0,4.331,
13,MOOSE,TrackPoint,3,1,25,4,1,854,32,6.0,200,DOWN,419,18.0,true,8713,3200,1311,167,5346,1,1,1,DOWN,1.0,224.0,443.0,417.0,1250.0,1080.0,1661.0,4.331,
13,MOOSE,TrackPoint,3,1,26,4,2,854,32,6.0,50,UP,38,18.0,true,3458,2625,1328,89,744,-1,2,2,UP,1.0,240.628,293.5,484.0,1203.0,1080.0,1661.0,4.331,
13,MOOSE,TrackPoint,3,1,27,4,3,854,32,3.0,50,UP,192,18.0,true,3634,2335,1978,378,921,-1,1,1,UP,1.0,324.521,355.0,432.5,1135.0,1080.0,1661.0,4.331,
13,MOOSE,TrackPoint,3,1,28,4,4,854,32,6.0,300,DOWN,334,18.0,true,4833,4096,1278,129,608,-1,1,1,DOWN,1.0,221.0,258.0,438.0,1023.0,1080.0,1661.0,4.331,
13,MOOSE,TrackPoint,3,1,29,4,5,854,32,3.0,200,UP,607,18.0,true,4632,3711,2494,139,782,0,1,1,UP,1.0,275.0,324.5,420.0,1312.0,1080.0,1661.0,4.331,
13,MOOSE,TrackPoint,3,1,30,4,6,854,32,6.0,100,DOWN,478,18.0,true,4173,3185,1232,233,755,1,1,1,DOWN,1.0,250.0,265.0,415.0,1009.5,1080.0,1661.0,4.331,
13,MOOSE,TrackPoint,3,1,31,4,7,854,32,3.0,300,UP,292,18.0,true,4845,4078,1486,309,458,-1,1,1,DOWN,1.0,285.56,323.0,396.5,1163.5,1080.0,1661.0,4.331,
13,MOOSE,TrackPoint,3,1,32,4,8,854,32,3.0,100,DOWN,180,18.0,true,3974,3377,2431,121,476,0,1,1,DOWN,1.0,222.0,224.0,382.0,983.0,1080.0,1661.0,4.331,
13,MOOSE,TrackPoint,3,2,1,1,1,854,32,3.0,200,DOWN,531,18.0,true,7835,5328,2716,652,1855,0,1,1,DOWN,1.0,71.0,314.0,454.0,1377.0,1080.0,1661.0,4.331,
13,MOOSE,TrackPoint,3,2,2,1,2,854,32,6.0,300,UP,317,18.0,true,8065,3760,1246,115,4190,0,1,1,UP,1.0,246.0,266.0,415.0,1096.0,1080.0,1661.0,4.331,
13,MOOSE,TrackPoint,3,2,3,1,3,854,32,6.0,200,DOWN,381,18.0,true,5269,4321,1840,363,585,2,1,1,DOWN,1.0,151.0,274.0,322.0,1129.5,1080.0,1661.0,4.331,
13,MOOSE,TrackPoint,3,2,4,1,4,854,32,3.0,100,UP,198,18.0,true,3937,3294,2300,54,589,1,2,1,UP,1.0,237.0,431.0,335.0,1209.0,1080.0,1661.0,4.331,
13,MOOSE,TrackPoint,3,2,5,1,5,854,32,3.0,300,UP,320,18.0,true,4253,3502,1354,12,739,0,1,1,UP,1.0,221.0,273.0,362.0,1195.0,1080.0,1661.0,4.331,
13,MOOSE,TrackPoint,3,2,6,1,6,854,32,6.0,100,UP,626,18.0,true,2613,1022,154,623,968,1,1,1,UP,1.0,211.469,337.0,393.0,1175.0,1080.0,1661.0,4.331,
13,MOOSE,TrackPoint,3,2,7,1,7,854,32,3.0,50,DOWN,160,18.0,true,4470,3617,2747,284,569,0,3,1,DOWN,1.0,218.0,320.0,293.0,885.0,1080.0,1661.0,4.331,
13,MOOSE,TrackPoint,3,2,8,1,8,854,32,6.0,50,DOWN,681,18.0,true,3688,2705,1377,221,762,0,1,1,DOWN,1.0,226.0,331.0,312.0,891.5,1080.0,1661.0,4.331,
13,MOOSE,TrackPoint,3,2,9,2,1,854,32,3.0,50,UP,17,18.0,true,3637,879,252,798,1960,0,1,1,UP,1.0,190.0,636.0,460.0,1270.0,1080.0,1661.0,4.331,
13,MOOSE,TrackPoint,3,2,10,2,2,854,32,6.0,50,UP,565,18.0,true,2928,1855,1247,218,855,-2,1,1,UP,1.0,302.0,535.0,396.0,1125.0,1080.0,1661.0,4.331,
13,MOOSE,TrackPoint,3,2,11,2,3,854,32,6.0,100,DOWN,675,18.0,true,4579,3536,2592,146,897,1,3,1,DOWN,1.0,259.5,400.0,386.0,1162.0,1080.0,1661.0,4.331,
13,MOOSE,TrackPoint,3,2,12,2,4,854,32,6.0,200,UP,341,18.0,true,3882,3183,1276,100,599,-2,2,1,UP,2.0,293.466,351.0,886.0,1131.0,1080.0,1661.0,4.331,
13,MOOSE,TrackPoint,3,2,13,2,5,854,32,3.0,200,UP,315,18.0,true,6164,5199,1836,101,864,0,2,1,DOWN,1.0,281.0,408.5,397.0,1102.5,1080.0,1661.0,4.331,
13,MOOSE,TrackPoint,3,2,14,2,6,854,32,6.0,300,DOWN,471,18.0,true,6134,5184,2416,303,647,1,1,1,DOWN,1.0,291.0,314.0,415.0,1108.371,1080.0,1661.0,4.331,
13,MOOSE,TrackPoint,3,2,15,2,7,854,32,3.0,100,DOWN,526,18.0,true,3890,2528,172,722,640,0,1,1,UP,1.0,285.0,299.0,418.0,1228.0,1080.0,1661.0,4.331,
13,MOOSE,TrackPoint,3,2,16,2,8,854,32,3.0,300,DOWN,537,18.0,false,4351,3392,1344,120,839,-2,1,1,DOWN,1.0,316.5,256.0,503.0,1205.5,1080.0,1661.0,4.331,
13,MOOSE,TrackPoint,3,2,17,2,8,854,32,3.0,300,DOWN,686,18.0,true,8769,6657,1853,233,1879,0,1,1,UP,1.0,301.5,377.0,464.0,1324.0,1080.0,1661.0,4.331,
13,MOOSE,TrackPoint,3,2,18,3,1,854,32,6.0,100,UP,500,18.0,true,5509,3455,2460,134,1920,0,2,1,UP,1.0,240.0,415.5,454.0,1099.0,1080.0,1661.0,4.331,
13,MOOSE,TrackPoint,3,2,19,3,2,854,32,3.0,100,DOWN,318,18.0,true,6100,4655,3246,193,1252,0,2,1,UP,1.0,246.0,377.0,369.0,1247.0,1080.0,1661.0,4.331,
13,MOOSE,TrackPoint,3,2,20,3,3,854,32,3.0,300,UP,367,18.0,true,5749,4736,2765,299,714,-1,3,1,UP,1.0,246.0,320.5,436.0,1265.0,1080.0,1661.0,4.331,
13,MOOSE,TrackPoint,3,2,21,3,4,854,32,3.0,50,DOWN,385,18.0,true,4651,3809,3279,74,768,0,2,1,DOWN,1.0,255.0,311.0,373.0,954.0,1080.0,1661.0,4.331,
13,MOOSE,TrackPoint,3,2,22,3,5,854,32,3.0,200,UP,320,18.0,true,11024,10174,1487,182,668,0,2,1,UP,1.0,240.267,279.0,538.473,1395.0,1080.0,1661.0,4.331,
13,MOOSE,TrackPoint,3,2,23,3,6,854,32,6.0,200,DOWN,739,18.0,true,4072,3183,1534,212,677,1,2,1,DOWN,1.0,308.513,396.0,430.0,1251.5,1080.0,1661.0,4.331,
13,MOOSE,TrackPoint,3,2,24,3,7,854,32,6.0,50,DOWN,489,18.0,true,2672,1887,1232,194,591,0,1,1,DOWN,1.0,293.0,398.0,333.0,945.0,1080.0,1661.0,4.331,
13,MOOSE,TrackPoint,3,2,25,3,8,854,32,6.0,300,UP,329,18.0,true,5896,5617,2346,243,36,0,1,1,UP,1.0,280.908,330.0,461.0,1145.0,1080.0,1661.0,4.331,
13,MOOSE,TrackPoint,3,2,26,4,1,854,32,6.0,200,UP,525,18.0,true,5851,3664,2045,276,1911,2,2,1,UP,1.0,242.0,493.528,363.0,1314.0,1080.0,1661.0,4.331,
13,MOOSE,TrackPoint,3,2,27,4,2,854,32,3.0,50,UP,501,18.0,true,3036,1775,1343,300,961,0,1,1,UP,1.0,256.0,385.0,390.0,1101.0,1080.0,1661.0,4.331,
13,MOOSE,TrackPoint,3,2,28,4,3,854,32,6.0,100,DOWN,786,18.0,true,2776,1375,237,600,801,-1,1,1,DOWN,1.0,243.0,399.0,329.0,1092.5,1080.0,1661.0,4.331,
13,MOOSE,TrackPoint,3,2,29,4,4,854,32,3.0,300,DOWN,673,18.0,true,7454,6639,3067,114,701,0,1,1,DOWN,1.0,232.0,352.0,344.0,1025.0,1080.0,1661.0,4.331,
13,MOOSE,TrackPoint,3,2,30,4,5,854,32,3.0,100,UP,735,18.0,true,5839,5088,3197,119,632,0,3,1,DOWN,1.0,259.5,270.5,486.0,1229.0,1080.0,1661.0,4.331,
13,MOOSE,TrackPoint,3,2,31,4,6,854,32,6.0,50,UP,112,18.0,true,3147,1983,1609,254,910,1,2,1,UP,1.0,243.0,314.5,434.5,1191.0,1080.0,1661.0,4.331,
13,MOOSE,TrackPoint,3,2,32,4,7,854,32,6.0,300,DOWN,509,18.0,true,5971,4832,589,353,786,1,1,1,DOWN,1.0,261.0,324.0,394.0,1107.481,1080.0,1661.0,4.331,
13,MOOSE,TrackPoint,3,2,33,4,8,854,32,3.0,200,DOWN,267,18.0,true,6231,6065,2352,128,38,0,2,1,UP,1.0,280.0,290.0,435.0,1018.343,1080.0,1661.0,4.331,
13,MOOSE,TrackPoint,3,3,1,1,1,854,32,3.0,300,UP,391,18.0,true,6638,3951,1536,686,2001,0,2,1,UP,1.0,247.0,434.0,1079.0,1683.0,1080.0,1661.0,4.331,
13,MOOSE,TrackPoint,3,3,2,1,2,854,32,6.0,200,DOWN,272,18.0,true,4556,3391,1392,370,795,-1,1,1,DOWN,1.0,223.5,278.0,351.0,1066.5,1080.0,1661.0,4.331,
13,MOOSE,TrackPoint,3,3,3,1,3,854,32,3.0,50,UP,58,18.0,true,2726,2526,1258,160,40,0,1,1,UP,1.0,291.487,454.5,344.0,1183.0,1080.0,1661.0,4.331,
13,MOOSE,TrackPoint,3,3,4,1,4,854,32,6.0,50,DOWN,593,18.0,true,3241,2143,1611,237,861,0,1,1,DOWN,1.0,226.0,399.0,293.0,1062.5,1080.0,1661.0,4.331,
13,MOOSE,TrackPoint,3,3,5,1,5,854,32,6.0,100,UP,204,18.0,true,4892,3262,2411,896,734,0,3,1,UP,1.0,239.0,376.5,367.5,1240.0,1080.0,1661.0,4.331,
13,MOOSE,TrackPoint,3,3,6,1,6,854,32,3.0,200,DOWN,758,18.0,true,6077,5105,1904,146,826,0,3,2,UP,1.0,252.0,386.0,346.0,1313.0,1080.0,1661.0,4.331,
13,MOOSE,TrackPoint,3,3,7,1,7,854,32,3.0,100,DOWN,473,18.0,true,5014,3936,2556,291,787,1,3,1,DOWN,1.0,226.0,416.0,287.0,1006.0,1080.0,1661.0,4.331,
13,MOOSE,TrackPoint,3,3,8,1,8,854,32,6.0,300,UP,26,18.0,true,6429,4688,1547,944,797,1,1,1,UP,1.0,271.531,518.647,327.0,1257.0,1080.0,1661.0,4.331,
13,MOOSE,TrackPoint,3,3,9,2,1,854,32,6.0,200,UP,409,18.0,true,21132,5152,1676,1382,14598,0,1,1,UP,1.0,214.0,420.0,1079.0,1249.0,1080.0,1661.0,4.331,
13,MOOSE,TrackPoint,3,3,10,2,2,854,32,3.0,200,UP,170,18.0,true,5321,4018,2527,456,847,0,1,1,UP,1.0,246.0,280.0,390.0,1191.0,1080.0,1661.0,4.331,
13,MOOSE,TrackPoint,3,3,11,2,3,854,32,6.0,50,UP,96,18.0,true,2412,1743,1228,96,573,0,2,1,UP,1.0,256.0,478.5,330.0,1154.0,1080.0,1661.0,4.331,
13,MOOSE,TrackPoint,3,3,12,2,4,854,32,6.0,300,DOWN,676,18.0,true,5939,5071,1450,135,733,0,1,1,DOWN,1.0,189.0,351.0,293.0,1271.0,1080.0,1661.0,4.331,
13,MOOSE,TrackPoint,3,3,13,2,5,854,32,6.0,100,DOWN,202,18.0,true,5163,4559,541,570,34,0,1,1,UP,1.0,251.5,365.0,376.0,1294.0,1080.0,1661.0,4.331,
13,MOOSE,TrackPoint,3,3,14,2,6,854,32,3.0,300,DOWN,829,18.0,true,6676,5793,2027,274,609,0,1,1,UP,1.0,255.0,391.5,416.282,1473.0,1080.0,1661.0,4.331,
13,MOOSE,TrackPoint,3,3,15,2,7,854,32,3.0,100,UP,596,18.0,false,2981,2303,1357,110,568,2,1,1,UP,1.0,349.543,466.5,442.0,1256.0,1080.0,1661.0,4.331,
13,MOOSE,TrackPoint,3,3,16,2,7,854,32,3.0,50,DOWN,695,18.0,true,5248,3886,2924,75,1287,0,2,1,DOWN,1.0,264.0,426.0,330.0,936.961,1080.0,1661.0,4.331,
13,MOOSE,TrackPoint,3,3,17,2,8,854,32,3.0,100,UP,332,18.0,true,3163,2255,1518,121,787,0,1,1,UP,2.0,257.0,345.0,847.0,1230.0,1080.0,1661.0,4.331,
13,MOOSE,TrackPoint,3,3,18,3,1,854,32,6.0,50,UP,168,18.0,true,5437,2737,2268,207,2493,-1,2,1,UP,1.0,134.0,524.5,417.0,1204.0,1080.0,1661.0,4.331,
13,MOOSE,TrackPoint,3,3,19,3,2,854,32,3.0,200,DOWN,492,18.0,true,8701,7423,2750,355,923,0,2,1,DOWN,1.0,181.0,376.0,371.0,1093.0,1080.0,1661.0,4.331,
13,MOOSE,TrackPoint,3,3,20,3,3,854,32,6.0,200,DOWN,582,18.0,true,5840,4593,1437,278,969,-1,2,1,DOWN,1.0,260.27,430.0,387.368,1274.5,1080.0,1661.0,4.331,
13,MOOSE,TrackPoint,3,3,21,3,4,854,32,3.0,300,UP,506,18.0,true,5710,4736,1406,208,766,0,1,1,UP,1.0,290.489,262.0,408.0,1134.0,1080.0,1661.0,4.331,
13,MOOSE,TrackPoint,3,3,22,3,5,854,32,6.0,300,DOWN,665,18.0,true,5138,4256,2079,185,697,-1,1,1,DOWN,1.0,264.486,305.0,374.5,1238.5,1080.0,1661.0,4.331,
13,MOOSE,TrackPoint,3,3,23,3,6,854,32,3.0,100,DOWN,645,18.0,true,4617,3743,3053,154,720,0,2,1,DOWN,1.0,259.0,310.0,351.0,1209.0,1080.0,1661.0,4.331,
13,MOOSE,TrackPoint,3,3,24,3,7,854,32,6.0,100,UP,600,18.0,true,2328,831,125,685,812,0,1,1,UP,1.0,320.572,270.5,536.0,1256.0,1080.0,1661.0,4.331,
13,MOOSE,TrackPoint,3,3,25,3,8,854,32,3.0,50,UP,772,18.0,true,3126,2064,1564,369,693,1,1,1,UP,1.0,270.0,585.0,399.0,1312.0,1080.0,1661.0,4.331,
13,MOOSE,TrackPoint,3,3,26,4,1,854,32,3.0,50,DOWN,353,18.0,true,5212,2831,1454,109,2272,0,3,2,DOWN,1.0,216.0,450.0,388.0,1129.467,1080.0,1661.0,4.331,
13,MOOSE,TrackPoint,3,3,27,4,2,854,32,6.0,50,DOWN,303,18.0,true,5090,4144,2367,201,745,1,3,1,UP,1.0,213.555,370.0,385.0,1257.0,1080.0,1661.0,4.331,
13,MOOSE,TrackPoint,3,3,28,4,3,854,32,6.0,300,UP,314,18.0,true,4688,3615,992,369,704,1,1,1,UP,1.0,281.507,351.5,367.0,1172.0,1080.0,1661.0,4.331,
13,MOOSE,TrackPoint,3,3,29,4,4,854,32,3.0,200,UP,375,18.0,true,3686,2495,1247,490,701,0,2,1,UP,1.0,249.033,286.0,362.0,1288.0,1080.0,1661.0,4.331,
13,MOOSE,TrackPoint,3,3,30,4,5,854,32,6.0,200,UP,235,18.0,true,4425,3505,1167,188,732,1,2,1,UP,1.0,299.0,378.5,398.5,1044.0,1080.0,1661.0,4.331,
13,MOOSE,TrackPoint,3,3,31,4,6,854,32,3.0,300,DOWN,782,18.0,true,4363,3073,1211,389,901,-1,1,1,DOWN,1.0,241.0,346.0,354.0,1366.0,1080.0,1661.0,4.331,
13,MOOSE,TrackPoint,3,3,32,4,7,854,32,6.0,100,DOWN,739,18.0,true,3571,2335,1338,350,886,2,0,1,DOWN,1.0,270.0,281.0,363.0,992.5,1080.0,1661.0,4.331,
13,MOOSE,TrackPoint,3,3,33,4,8,854,32,3.0,100,UP,141,18.0,true,2337,1607,188,675,55,0,1,1,UP,1.0,265.463,401.523,324.273,1281.0,1080.0,1661.0,4.331,
13,MOOSE,TrackPoint,3,4,1,1,1,854,32,3.0,300,DOWN,735,18.0,true,12375,3649,191,1005,7721,0,1,1,DOWN,1.0,197.0,502.0,728.0,1310.0,1080.0,1661.0,4.331,
13,MOOSE,TrackPoint,3,4,2,1,2,854,32,6.0,300,DOWN,723,18.0,true,4882,3279,1294,547,1056,1,1,1,DOWN,1.0,289.0,295.0,370.0,1248.358,1080.0,1661.0,4.331,
13,MOOSE,TrackPoint,3,4,3,1,3,854,32,3.0,50,UP,677,18.0,true,2247,896,176,669,682,0,1,1,DOWN,1.0,298.0,319.0,412.0,1188.0,1080.0,1661.0,4.331,
13,MOOSE,TrackPoint,3,4,4,1,4,854,32,3.0,100,UP,330,18.0,true,3376,2319,1519,393,664,-1,1,1,UP,1.0,270.0,383.0,399.0,1256.0,1080.0,1661.0,4.331,
13,MOOSE,TrackPoint,3,4,5,1,5,854,32,6.0,100,UP,674,18.0,true,4912,3616,1233,291,1005,-1,1,1,UP,1.0,324.509,389.5,431.0,1158.0,1080.0,1661.0,4.331,
13,MOOSE,TrackPoint,3,4,6,1,6,854,32,6.0,200,DOWN,483,18.0,true,4127,3104,1120,145,878,-1,1,1,DOWN,1.0,293.0,334.0,350.0,1090.0,1080.0,1661.0,4.331,
13,MOOSE,TrackPoint,3,4,7,1,7,854,32,6.0,50,DOWN,722,18.0,true,3103,1824,1295,318,961,0,2,1,DOWN,1.0,287.51,413.0,345.0,1057.0,1080.0,1661.0,4.331,
13,MOOSE,TrackPoint,3,4,8,1,8,854,32,3.0,200,UP,29,18.0,true,4261,3552,2153,50,659,0,2,1,UP,1.0,220.0,363.0,356.0,1318.0,1080.0,1661.0,4.331,
13,MOOSE,TrackPoint,3,4,9,2,1,854,32,6.0,200,UP,412,18.0,true,3916,1312,110,1055,1549,-2,1,1,UP,1.0,272.0,344.0,385.694,1324.0,1080.0,1661.0,4.331,
13,MOOSE,TrackPoint,3,4,10,2,2,854,32,3.0,200,DOWN,796,18.0,true,7281,5728,3902,635,918,0,2,1,DOWN,1.0,218.635,318.0,450.0,1114.0,1080.0,1661.0,4.331,
13,MOOSE,TrackPoint,3,4,11,2,3,854,32,3.0,100,DOWN,485,18.0,true,3531,2794,157,689,48,0,1,1,UP,1.0,211.0,308.0,362.0,1158.0,1080.0,1661.0,4.331,
13,MOOSE,TrackPoint,3,4,12,2,4,854,32,6.0,300,UP,360,18.0,false,5445,5318,1646,88,39,-5,2,1,UP,1.0,212.0,268.0,421.0,1044.0,1080.0,1661.0,4.331,
13,MOOSE,TrackPoint,3,4,13,2,4,854,32,6.0,50,UP,477,18.0,true,3052,1728,1245,255,1069,1,2,1,UP,1.0,155.517,484.5,287.0,1197.0,1080.0,1661.0,4.331,
13,MOOSE,TrackPoint,3,4,14,2,5,854,32,6.0,100,DOWN,510,18.0,true,3269,2176,991,230,863,1,1,1,DOWN,1.0,237.0,296.0,357.0,964.0,1080.0,1661.0,4.331,
13,MOOSE,TrackPoint,3,4,15,2,6,854,32,3.0,300,UP,493,18.0,true,5903,5008,3389,215,680,0,2,1,UP,1.0,169.402,326.0,323.0,1313.0,1080.0,1661.0,4.331,
13,MOOSE,TrackPoint,3,4,16,2,7,854,32,3.0,50,DOWN,113,18.0,true,3374,2749,1325,588,37,0,2,1,UP,1.0,243.0,314.0,334.0,1038.5,1080.0,1661.0,4.331,
13,MOOSE,TrackPoint,3,4,17,2,8,854,32,6.0,300,UP,340,18.0,true,4510,3520,1294,318,672,0,1,1,UP,1.0,193.113,283.0,359.5,1161.0,1080.0,1661.0,4.331,
13,MOOSE,TrackPoint,3,4,18,3,1,854,32,3.0,300,UP,483,18.0,true,6898,5312,3052,59,1527,0,2,1,UP,1.0,244.0,272.503,459.681,1178.0,1080.0,1661.0,4.331,
13,MOOSE,TrackPoint,3,4,19,3,2,854,32,6.0,50,DOWN,108,18.0,true,5912,4800,2383,112,1000,0,2,1,UP,1.0,211.453,405.0,314.0,1198.0,1080.0,1661.0,4.331,
13,MOOSE,TrackPoint,3,4,20,3,3,854,32,6.0,300,UP,400,18.0,true,3849,3089,1183,107,653,-2,1,1,UP,1.0,201.0,350.5,310.0,1290.0,1080.0,1661.0,4.331,
13,MOOSE,TrackPoint,3,4,21,3,4,854,32,6.0,200,UP,284,18.0,true,3843,2992,1417,16,835,-1,2,1,UP,1.0,205.054,324.5,321.649,1199.0,1080.0,1661.0,4.331,
13,MOOSE,TrackPoint,3,4,22,3,5,854,32,3.0,50,DOWN,212,18.0,true,5105,4320,2334,84,701,0,2,1,UP,1.0,171.577,408.0,320.0,1394.0,1080.0,1661.0,4.331,
13,MOOSE,TrackPoint,3,4,23,3,6,854,32,3.0,100,UP,141,18.0,true,4377,4116,2808,221,40,0,3,1,UP,1.0,188.0,397.0,296.708,1359.0,1080.0,1661.0,4.331,
13,MOOSE,TrackPoint,3,4,24,3,7,854,32,6.0,100,DOWN,289,18.0,true,6346,5089,1712,453,804,1,1,1,UP,1.0,181.538,412.0,293.0,1379.0,1080.0,1661.0,4.331,
13,MOOSE,TrackPoint,3,4,25,3,8,854,32,3.0,200,DOWN,773,18.0,true,5639,4110,1535,516,1013,-1,3,2,DOWN,1.0,194.0,377.0,300.0,1194.0,1080.0,1661.0,4.331,
13,MOOSE,TrackPoint,3,4,26,4,1,854,32,3.0,100,DOWN,598,18.0,true,15260,11824,1856,1767,1669,0,1,2,UP,1.0,208.5,394.0,408.0,1430.0,1080.0,1661.0,4.331,
13,MOOSE,TrackPoint,3,4,27,4,2,854,32,3.0,200,UP,201,18.0,true,3161,2319,1149,119,723,0,1,1,UP,1.0,241.475,389.0,343.0,1411.0,1080.0,1661.0,4.331,
13,MOOSE,TrackPoint,3,4,28,4,3,854,32,3.0,50,UP,500,18.0,true,2484,1696,1264,120,668,1,1,1,UP,1.0,285.018,398.0,354.0,1139.0,1080.0,1661.0,4.331,
13,MOOSE,TrackPoint,3,4,29,4,4,854,32,6.0,300,DOWN,537,18.0,true,5656,4560,2478,299,797,1,1,1,DOWN,1.0,197.0,332.0,288.0,1263.0,1080.0,1661.0,4.331,
13,MOOSE,TrackPoint,3,4,30,4,5,854,32,6.0,200,DOWN,577,18.0,true,4526,3440,923,482,604,0,1,1,UP,2.0,204.515,146.0,864.0,1348.0,1080.0,1661.0,4.331,
13,MOOSE,TrackPoint,3,4,31,4,6,854,32,6.0,50,UP,753,18.0,true,2043,655,174,780,608,1,1,1,UP,1.0,255.0,604.5,299.0,1383.0,1080.0,1661.0,4.331,
13,MOOSE,TrackPoint,3,4,32,4,7,854,32,3.0,300,DOWN,640,18.0,true,6455,5198,2603,283,974,0,1,1,DOWN,1.0,184.734,374.0,278.0,1236.0,1080.0,1661.0,4.331,
13,MOOSE,TrackPoint,3,4,33,4,8,854,32,6.0,100,UP,180,18.0,true,3817,2879,1168,287,651,0,2,2,UP,1.0,178.0,346.5,307.0,1451.0,1080.0,1661.0,4.331,
13,MOOSE,Drag,4,4,1,1,1,854,32,3.0,300,UP,21,18.0,true,13704,9327,2591,234,4143,0,3,1,DOWN,1.0,54.0,356.0,1068.0,1206.0,1080.0,1661.0,4.331,
13,MOOSE,Drag,4,4,2,1,2,854,32,6.0,200,DOWN,791,18.0,true,6619,5390,912,462,767,-2,1,1,UP,1.0,11.463,314.0,310.0,1498.0,1080.0,1661.0,4.331,
13,MOOSE,Drag,4,4,3,1,3,854,32,3.0,100,DOWN,568,18.0,true,5763,5592,1649,114,57,0,1,1,UP,1.0,133.0,449.5,303.0,1378.0,1080.0,1661.0,4.331,
13,MOOSE,Drag,4,4,4,1,4,854,32,3.0,200,UP,426,18.0,true,7922,6960,2064,252,710,0,2,1,UP,1.0,151.988,325.0,366.0,1338.0,1080.0,1661.0,4.331,
13,MOOSE,Drag,4,4,5,1,5,854,32,6.0,100,DOWN,509,18.0,true,4615,3695,1103,97,823,0,1,1,UP,1.0,215.5,343.0,385.0,1307.0,1080.0,1661.0,4.331,
13,MOOSE,Drag,4,4,6,1,6,854,32,6.0,300,DOWN,576,18.0,true,7660,6127,944,642,891,-1,1,1,DOWN,1.0,67.0,404.0,265.0,1398.0,1080.0,1661.0,4.331,
13,MOOSE,Drag,4,4,7,1,7,854,32,3.0,50,UP,183,18.0,true,5248,4384,3824,245,619,0,1,1,UP,1.0,155.0,418.0,301.0,1323.0,1080.0,1661.0,4.331,
13,MOOSE,Drag,4,4,8,1,8,854,32,6.0,50,UP,430,18.0,true,3053,1808,544,468,777,0,1,1,UP,1.0,248.522,600.0,321.0,1229.0,1080.0,1661.0,4.331,
13,MOOSE,Drag,4,4,9,2,1,854,32,3.0,50,DOWN,372,18.0,true,4607,2914,2672,121,1572,0,1,1,DOWN,1.0,104.0,333.0,276.0,1398.0,1080.0,1661.0,4.331,
13,MOOSE,Drag,4,4,10,2,2,854,32,3.0,300,DOWN,600,18.0,true,10437,9522,3270,126,789,0,3,1,UP,2.0,108.985,382.0,770.0,1472.968,1080.0,1661.0,4.331,
13,MOOSE,Drag,4,4,11,2,3,854,32,6.0,50,DOWN,492,18.0,true,2487,2257,1135,185,45,1,1,1,UP,1.0,182.504,339.0,300.0,1219.0,1080.0,1661.0,4.331,
13,MOOSE,Drag,4,4,12,2,4,854,32,3.0,200,DOWN,413,18.0,true,5433,4399,783,569,465,1,0,1,DOWN,1.0,73.514,367.0,299.0,1388.0,1080.0,1661.0,4.331,
13,MOOSE,Drag,4,4,13,2,5,854,32,6.0,200,UP,596,18.0,true,6924,5857,1025,309,758,0,1,1,UP,1.0,156.0,286.0,370.0,1340.0,1080.0,1661.0,4.331,
13,MOOSE,Drag,4,4,14,2,6,854,32,6.0,300,UP,311,18.0,true,8102,6848,880,268,986,0,1,1,UP,1.0,253.991,296.0,443.0,1203.0,1080.0,1661.0,4.331,
13,MOOSE,Drag,4,4,15,2,7,854,32,3.0,100,UP,248,18.0,true,3681,2817,1025,391,473,0,1,1,UP,1.0,237.931,358.0,355.0,1219.0,1080.0,1661.0,4.331,
13,MOOSE,Drag,4,4,16,2,8,854,32,6.0,100,UP,489,18.0,true,3360,2288,432,536,536,0,1,1,UP,1.0,233.0,383.0,369.0,1261.0,1080.0,1661.0,4.331,
13,MOOSE,Drag,4,4,17,3,1,854,32,3.0,300,DOWN,548,18.0,true,8044,5408,1493,130,2506,0,1,1,DOWN,1.0,42.117,402.0,378.0,1700.5,1080.0,1661.0,4.331,
13,MOOSE,Drag,4,4,18,3,2,854,32,3.0,50,UP,329,18.0,true,2685,2258,1199,385,42,0,1,1,UP,1.0,241.0,409.5,336.0,1370.0,1080.0,1661.0,4.331,
13,MOOSE,Drag,4,4,19,3,3,854,32,3.0,100,DOWN,547,18.0,true,4172,2862,847,548,762,0,0,1,DOWN,1.0,171.0,470.0,298.0,1413.0,1080.0,1661.0,4.331,
13,MOOSE,Drag,4,4,20,3,4,854,32,6.0,50,UP,299,18.0,true,3232,2771,1231,427,34,0,1,1,UP,1.0,138.0,502.0,270.0,1156.0,1080.0,1661.0,4.331,
13,MOOSE,Drag,4,4,21,3,5,854,32,6.0,300,DOWN,680,18.0,true,8016,6750,1056,428,838,-2,2,1,DOWN,1.0,158.441,415.0,346.0,1410.0,1080.0,1661.0,4.331,
13,MOOSE,Drag,4,4,22,3,6,854,32,6.0,200,DOWN,568,18.0,true,5850,4239,305,924,687,1,0,1,UP,1.0,174.592,472.0,320.0,1509.0,1080.0,1661.0,4.331,
13,MOOSE,Drag,4,4,23,3,7,854,32,3.0,200,UP,546,18.0,true,6975,6048,2255,378,549,0,2,1,UP,1.0,202.52,415.0,352.0,1244.0,1080.0,1661.0,4.331,
13,MOOSE,Drag,4,4,24,3,8,854,32,6.0,100,UP,726,18.0,true,3537,2639,991,388,510,0,1,1,UP,2.0,244.0,394.0,828.0,1291.0,1080.0,1661.0,4.331,
13,MOOSE,Drag,4,4,25,4,1,854,32,6.0,300,UP,129,18.0,true,9311,5793,415,648,2870,0,1,1,UP,2.0,292.0,259.0,1039.0,1360.0,1080.0,1661.0,4.331,
13,MOOSE,Drag,4,4,26,4,2,854,32,3.0,50,DOWN,748,18.0,true,3633,2207,1104,563,863,0,2,1,DOWN,1.0,321.487,510.0,407.0,1349.0,1080.0,1661.0,4.331,
13,MOOSE,Drag,4,4,27,4,3,854,32,3.0,300,UP,49,18.0,true,8540,7713,1648,229,598,0,1,1,UP,1.0,267.493,221.0,660.0,1268.0,1080.0,1661.0,4.331,
13,MOOSE,Drag,4,4,28,4,4,854,32,3.0,100,UP,738,18.0,true,3700,2625,1345,212,863,0,1,1,UP,1.0,397.505,316.0,634.0,1427.0,1080.0,1661.0,4.331,
13,MOOSE,Drag,4,4,29,4,5,854,32,6.0,100,DOWN,450,18.0,true,3844,2769,577,480,595,1,1,1,UP,1.0,360.0,529.0,500.0,1455.0,1080.0,1661.0,4.331,
13,MOOSE,Drag,4,4,30,4,6,854,32,6.0,50,DOWN,397,18.0,true,3838,2705,1041,400,733,0,1,1,UP,1.0,349.502,496.0,471.0,1254.0,1080.0,1661.0,4.331,
13,MOOSE,Drag,4,4,31,4,7,854,32,6.0,200,UP,34,18.0,true,6144,5329,1298,223,592,-1,1,1,UP,1.0,400.429,303.0,628.0,1300.0,1080.0,1661.0,4.331,
13,MOOSE,Drag,4,4,32,4,8,854,32,3.0,200,DOWN,536,18.0,true,7225,6078,2670,278,869,0,3,1,DOWN,1.0,295.498,500.0,460.0,1446.0,1080.0,1661.0,4.331,
13,MOOSE,iOS,4,1,1,1,1,854,32,6.0,100,UP,595,18.0,true,9565,4961,3277,683,3921,2,2,1,UP,1.0,115.0,643.0,438.0,1488.0,1080.0,1661.0,4.331,
13,MOOSE,iOS,4,1,2,1,2,854,32,6.0,300,DOWN,329,18.0,true,5974,5024,2257,11,939,2,1,1,DOWN,1.0,96.519,568.0,300.0,1354.0,1080.0,1661.0,4.331,
13,MOOSE,iOS,4,1,3,1,3,854,32,6.0,200,DOWN,254,18.0,true,5217,3777,836,783,657,1,2,2,DOWN,1.0,38.865,551.0,213.0,1441.0,1080.0,1661.0,4.331,
13,MOOSE,iOS,4,1,4,1,4,854,32,3.0,50,DOWN,432,18.0,true,5168,4193,3839,246,729,0,2,1,DOWN,1.0,122.008,491.0,213.0,1340.0,1080.0,1661.0,4.331,
13,MOOSE,iOS,4,1,5,1,5,854,32,3.0,100,UP,464,18.0,true,6375,4991,2033,384,1000,0,1,1,UP,1.0,165.0,673.0,273.0,1399.0,1080.0,1661.0,4.331,
13,MOOSE,iOS,4,1,6,1,6,854,32,3.0,300,UP,210,18.0,true,10678,9659,3962,955,64,0,2,1,UP,1.0,140.439,214.0,357.0,1458.0,1080.0,1661.0,4.331,
13,MOOSE,iOS,4,1,7,1,7,854,32,3.0,200,DOWN,231,18.0,true,7731,6513,3041,428,790,0,1,1,DOWN,1.0,165.0,563.0,299.0,1622.0,1080.0,1661.0,4.331,
13,MOOSE,iOS,4,1,8,1,8,854,32,6.0,50,UP,777,18.0,true,5443,4208,2992,326,909,-2,1,1,UP,1.0,248.0,457.0,434.0,1374.0,1080.0,1661.0,4.331,
13,MOOSE,iOS,4,1,9,2,1,854,32,3.0,50,UP,572,18.0,true,4519,2223,1079,606,1690,0,1,1,UP,1.0,247.0,207.0,516.0,1355.0,1080.0,1661.0,4.331,
13,MOOSE,iOS,4,1,10,2,2,854,32,3.0,100,DOWN,603,18.0,true,6457,5376,2625,309,772,0,1,1,DOWN,1.0,104.5,410.0,289.0,1475.0,1080.0,1661.0,4.331,
13,MOOSE,iOS,4,1,11,2,3,854,32,6.0,50,DOWN,564,18.0,true,4832,3616,2368,427,789,-2,2,2,DOWN,1.0,133.04,370.0,319.0,1592.0,1080.0,1661.0,4.331,
13,MOOSE,iOS,4,1,12,2,4,854,32,6.0,300,UP,523,18.0,true,5883,5692,2589,157,34,-1,1,1,DOWN,1.0,129.477,214.0,489.0,1202.0,1080.0,1661.0,4.331,
13,MOOSE,iOS,4,1,13,2,5,854,32,3.0,300,DOWN,828,18.0,true,5765,4881,3132,114,770,0,1,1,DOWN,1.0,145.964,561.0,337.0,1553.0,1080.0,1661.0,4.331,
13,MOOSE,iOS,4,1,14,2,6,854,32,6.0,200,UP,168,18.0,true,9059,7568,3135,479,1012,-1,1,1,UP,1.0,200.678,207.0,582.0,1381.0,1080.0,1661.0,4.331,
13,MOOSE,iOS,4,1,15,2,7,854,32,6.0,100,DOWN,164,18.0,true,4175,3295,2524,169,711,1,1,1,DOWN,1.0,185.577,382.0,297.0,1402.0,1080.0,1661.0,4.331,
13,MOOSE,iOS,4,1,16,2,8,854,32,3.0,200,UP,524,18.0,true,7432,6512,2686,223,697,0,1,1,UP,1.0,187.28,165.0,831.0,1391.0,1080.0,1661.0,4.331,
13,MOOSE,iOS,4,1,17,3,1,854,32,3.0,50,DOWN,646,18.0,true,4330,2801,2489,141,1388,0,1,1,DOWN,1.0,139.489,447.516,393.963,1539.0,1080.0,1661.0,4.331,
13,MOOSE,iOS,4,1,18,3,2,854,32,6.0,100,UP,392,18.0,true,5230,4744,1102,431,55,0,2,1,UP,1.0,208.43,128.0,600.0,1248.0,1080.0,1661.0,4.331,
13,MOOSE,iOS,4,1,19,3,3,854,32,3.0,200,DOWN,450,18.0,true,6837,5792,2257,142,903,0,1,1,DOWN,1.0,209.0,390.0,378.0,1542.0,1080.0,1661.0,4.331,
13,MOOSE,iOS,4,1,20,3,4,854,32,6.0,50,UP,183,18.0,true,4574,3054,1373,649,871,-2,1,1,UP,1.0,173.007,171.0,622.0,1361.0,1080.0,1661.0,4.331,
13,MOOSE,iOS,4,1,21,3,5,854,32,3.0,300,DOWN,506,18.0,true,8958,8064,2977,109,785,0,1,2,DOWN,1.0,63.504,509.0,371.0,1536.0,1080.0,1661.0,4.331,
13,MOOSE,iOS,4,1,22,3,6,854,32,6.0,300,DOWN,477,18.0,true,7637,7236,1872,353,48,1,1,1,UP,1.0,142.247,449.0,332.0,1654.0,1080.0,1661.0,4.331,
13,MOOSE,iOS,4,1,23,3,7,854,32,6.0,200,UP,477,18.0,true,6664,6113,2223,29,522,0,2,2,UP,1.0,134.384,110.0,652.0,1568.0,1080.0,1661.0,4.331,
13,MOOSE,iOS,4,1,24,3,8,854,32,3.0,100,UP,236,18.0,true,6634,5376,2670,432,826,0,1,1,UP,1.0,221.579,123.0,786.0,1278.0,1080.0,1661.0,4.331,
13,MOOSE,iOS,4,1,25,4,1,854,32,6.0,50,DOWN,661,18.0,true,4390,2001,944,291,2098,0,1,1,UP,1.0,63.933,347.0,296.0,1566.0,1080.0,1661.0,4.331,
13,MOOSE,iOS,4,1,26,4,2,854,32,6.0,300,UP,40,18.0,true,6420,5151,1744,481,788,-1,2,2,UP,1.0,4.231,82.0,572.0,1435.0,1080.0,1661.0,4.331,
13,MOOSE,iOS,4,1,27,4,3,854,32,6.0,100,DOWN,521,18.0,true,4161,3151,1806,273,737,1,1,1,DOWN,1.0,231.0,571.0,418.0,1487.0,1080.0,1661.0,4.331,
13,MOOSE,iOS,4,1,28,4,4,854,32,3.0,300,UP,436,18.0,true,6092,4959,861,498,635,1,1,2,UP,1.0,157.958,238.0,705.0,1421.0,1080.0,1661.0,4.331,
13,MOOSE,iOS,4,1,29,4,5,854,32,6.0,200,DOWN,831,18.0,true,4672,3586,1712,108,978,-1,2,1,DOWN,1.0,150.494,674.0,286.0,1594.0,1080.0,1661.0,4.331,
13,MOOSE,iOS,4,1,30,4,6,854,32,3.0,50,UP,366,18.0,true,4246,3924,2229,261,61,0,1,1,UP,1.0,216.511,347.0,368.0,1191.0,1080.0,1661.0,4.331,
13,MOOSE,iOS,4,1,31,4,7,854,32,3.0,200,UP,592,18.0,true,7046,5808,2640,564,674,0,1,2,UP,1.0,198.0,204.0,650.0,1188.0,1080.0,1661.0,4.331,
13,MOOSE,iOS,4,1,32,4,8,854,32,3.0,100,DOWN,349,18.0,true,6481,6291,1724,158,32,0,1,1,UP,1.0,81.331,466.0,369.0,1487.0,1080.0,1661.0,4.331,
13,MOOSE,iOS,4,2,1,1,1,854,32,6.0,300,DOWN,352,18.0,true,15484,11055,1726,321,4108,1,5,6,DOWN,1.0,136.0,239.0,560.0,1480.0,1080.0,1661.0,4.331,
13,MOOSE,iOS,4,2,2,1,2,854,32,6.0,200,DOWN,715,18.0,true,6274,5007,928,571,696,-1,1,1,DOWN,1.0,231.541,488.0,347.0,1402.0,1080.0,1661.0,4.331,
13,MOOSE,iOS,4,2,3,1,3,854,32,3.0,50,UP,779,18.0,true,3852,2865,1774,312,675,0,1,1,UP,1.0,257.501,411.0,472.0,1184.0,1080.0,1661.0,4.331,
13,MOOSE,iOS,4,2,4,1,4,854,32,3.0,200,DOWN,377,18.0,true,9616,8625,2544,325,666,0,1,1,DOWN,1.0,220.0,443.0,370.0,1220.0,1080.0,1661.0,4.331,
13,MOOSE,iOS,4,2,5,1,5,854,32,6.0,50,UP,507,18.0,true,3050,2432,1323,7,611,2,1,1,UP,1.0,245.466,450.0,375.0,1189.0,1080.0,1661.0,4.331,
13,MOOSE,iOS,4,2,6,1,6,854,32,3.0,300,DOWN,824,18.0,true,8652,8592,2812,30,30,0,1,1,UP,1.0,143.552,438.0,335.0,1549.0,1080.0,1661.0,4.331,
13,MOOSE,iOS,4,2,7,1,7,854,32,6.0,100,UP,363,18.0,true,4560,4497,1551,14,49,0,1,1,UP,1.0,254.421,312.0,538.0,1121.0,1080.0,1661.0,4.331,
13,MOOSE,iOS,4,2,8,1,8,854,32,3.0,100,UP,415,18.0,true,8383,7055,2673,269,1059,1,2,2,DOWN,1.0,194.584,279.0,475.0,1316.0,1080.0,1661.0,4.331,
13,MOOSE,iOS,4,2,9,2,1,854,32,3.0,200,UP,446,18.0,true,6287,4623,2381,351,1313,0,2,1,UP,1.0,220.487,171.0,637.0,1198.0,1080.0,1661.0,4.331,
13,MOOSE,iOS,4,2,10,2,2,854,32,3.0,100,DOWN,375,18.0,true,5389,4825,2080,515,49,0,2,1,UP,1.0,243.93,338.0,388.0,1356.0,1080.0,1661.0,4.331,
13,MOOSE,iOS,4,2,11,2,3,854,32,6.0,50,DOWN,299,18.0,true,2711,1967,1309,15,729,1,1,1,DOWN,1.0,284.463,472.0,292.0,1017.0,1080.0,1661.0,4.331,
13,MOOSE,iOS,4,2,12,2,4,854,32,6.0,300,UP,314,18.0,true,6526,5456,1791,401,669,-2,1,1,UP,1.0,176.197,165.0,542.0,1162.0,1080.0,1661.0,4.331,
13,MOOSE,iOS,4,2,13,2,5,854,32,6.0,200,UP,344,18.0,true,5288,4255,1326,238,795,-1,1,1,UP,1.0,197.928,160.0,530.0,1130.0,1080.0,1661.0,4.331,
13,MOOSE,iOS,4,2,14,2,6,854,32,3.0,300,UP,61,18.0,true,9349,8159,2969,241,949,0,2,1,UP,1.0,101.988,119.0,504.0,1334.0,1080.0,1661.0,4.331,
13,MOOSE,iOS,4,2,15,2,7,854,32,6.0,100,DOWN,406,18.0,true,4489,3471,1886,165,853,0,1,1,DOWN,1.0,297.458,439.0,511.0,1530.0,1080.0,1661.0,4.331,
13,MOOSE,iOS,4,2,16,2,8,854,32,3.0,50,DOWN,266,18.0,true,3430,2960,1839,424,46,0,2,1,UP,1.0,232.501,477.525,455.0,1513.0,1080.0,1661.0,4.331,
13,MOOSE,iOS,4,2,17,3,1,854,32,3.0,200,UP,380,18.0,true,9537,6703,2256,305,2529,0,1,2,UP,1.0,106.0,150.0,525.0,1277.0,1080.0,1661.0,4.331,
13,MOOSE,iOS,4,2,18,3,2,854,32,3.0,50,DOWN,735,18.0,true,3068,2015,1468,112,941,0,2,1,DOWN,1.0,172.339,465.0,271.0,1275.0,1080.0,1661.0,4.331,
13,MOOSE,iOS,4,2,19,3,3,854,32,3.0,300,DOWN,484,18.0,true,9034,8629,1981,366,39,0,2,1,UP,1.0,141.509,269.5,380.0,1689.0,1080.0,1661.0,4.331,
13,MOOSE,iOS,4,2,20,3,4,854,32,6.0,50,DOWN,599,18.0,true,2449,1424,1103,180,845,-1,2,1,DOWN,1.0,174.452,559.0,392.0,1579.0,1080.0,1661.0,4.331,
13,MOOSE,iOS,4,2,21,3,5,854,32,6.0,100,UP,320,18.0,true,4922,3744,1425,373,805,0,1,1,UP,1.0,243.0,191.0,605.0,1340.0,1080.0,1661.0,4.331,
13,MOOSE,iOS,4,2,22,3,6,854,32,6.0,300,DOWN,354,18.0,true,5451,4686,2315,131,634,0,1,1,DOWN,1.0,107.5,417.0,412.0,1574.0,1080.0,1661.0,4.331,
13,MOOSE,iOS,4,2,23,3,7,854,32,3.0,100,UP,600,18.0,true,4533,3359,716,583,591,0,2,2,UP,1.0,209.507,239.0,494.0,1339.0,1080.0,1661.0,4.331,
13,MOOSE,iOS,4,2,24,3,8,854,32,6.0,200,UP,315,18.0,true,4237,3264,1136,345,628,-2,1,1,UP,1.0,199.614,199.0,601.0,1296.0,1080.0,1661.0,4.331,
13,MOOSE,iOS,4,2,25,4,1,854,32,6.0,300,UP,437,18.0,true,14588,8497,3345,1771,4320,-1,3,3,UP,1.0,195.0,275.0,587.0,1423.0,1080.0,1661.0,4.331,
13,MOOSE,iOS,4,2,26,4,2,854,32,6.0,200,DOWN,650,18.0,true,10765,6209,2466,656,3900,1,2,2,DOWN,1.0,125.379,363.0,353.0,1552.0,1080.0,1661.0,4.331,
13,MOOSE,iOS,4,2,27,4,3,854,32,3.0,100,DOWN,126,18.0,true,4909,3440,1711,560,909,1,1,1,DOWN,1.0,158.0,510.0,310.0,1381.0,1080.0,1661.0,4.331,
13,MOOSE,iOS,4,2,28,4,4,854,32,6.0,50,UP,432,18.0,true,4456,3408,1326,181,867,-1,1,1,DOWN,1.0,200.0,283.0,442.0,1365.0,1080.0,1661.0,4.331,
13,MOOSE,iOS,4,2,29,4,5,854,32,3.0,300,UP,246,18.0,true,5674,4992,2425,92,590,0,1,1,UP,1.0,181.0,161.0,573.0,1325.0,1080.0,1661.0,4.331,
13,MOOSE,iOS,4,2,30,4,6,854,32,6.0,100,DOWN,619,18.0,true,5675,4721,1422,171,783,2,1,1,DOWN,1.0,148.16,477.0,426.0,1673.0,1080.0,1661.0,4.331,
13,MOOSE,iOS,4,2,31,4,7,854,32,3.0,200,DOWN,605,18.0,true,6663,5391,1871,361,911,0,2,2,DOWN,1.0,196.0,327.0,485.0,1541.0,1080.0,1661.0,4.331,
13,MOOSE,iOS,4,2,32,4,8,854,32,3.0,50,UP,390,18.0,true,3817,2801,1888,329,687,0,2,1,UP,1.0,310.527,389.0,459.0,1149.0,1080.0,1661.0,4.331,
13,MOOSE,iOS,4,3,1,1,1,854,32,6.0,300,UP,385,18.0,true,16876,4623,1785,591,11662,1,1,1,DOWN,1.0,129.0,273.0,1060.0,1574.0,1080.0,1661.0,4.331,
13,MOOSE,iOS,4,3,2,1,2,854,32,6.0,100,DOWN,157,18.0,true,5841,4543,1296,488,810,0,2,2,DOWN,1.0,122.487,421.0,287.0,1416.0,1080.0,1661.0,4.331,
13,MOOSE,iOS,4,3,3,1,3,854,32,3.0,100,DOWN,587,18.0,true,4684,3822,1903,12,850,-1,1,1,DOWN,1.0,125.0,509.0,293.0,1296.0,1080.0,1661.0,4.331,
13,MOOSE,iOS,4,3,4,1,4,854,32,6.0,200,DOWN,402,18.0,true,10427,7361,1713,2151,915,1,1,1,DOWN,1.0,111.0,503.0,277.0,1429.0,1080.0,1661.0,4.331,
13,MOOSE,iOS,4,3,5,1,5,854,32,6.0,50,UP,433,18.0,true,3350,2161,1133,515,674,-2,1,1,UP,1.0,196.468,503.0,331.0,1122.0,1080.0,1661.0,4.331,
13,MOOSE,iOS,4,3,6,1,6,854,32,3.0,50,UP,469,18.0,true,4571,3839,2237,144,588,0,1,1,UP,1.0,250.0,506.0,413.0,1123.0,1080.0,1661.0,4.331,
13,MOOSE,iOS,4,3,7,1,7,854,32,3.0,200,UP,619,18.0,true,5707,4607,2236,464,636,0,2,1,UP,1.0,218.007,291.0,462.0,1231.0,1080.0,1661.0,4.331,
13,MOOSE,iOS,4,3,8,1,8,854,32,3.0,300,DOWN,380,18.0,true,6510,5264,1838,449,797,0,1,2,DOWN,1.0,136.529,398.0,359.271,1481.0,1080.0,1661.0,4.331,
13,MOOSE,iOS,4,3,9,2,1,854,32,6.0,100,UP,164,18.0,true,8781,4448,2350,320,4013,1,2,1,UP,1.0,235.0,283.0,557.0,1073.0,1080.0,1661.0,4.331,
13,MOOSE,iOS,4,3,10,2,2,854,32,3.0,200,DOWN,438,18.0,true,4747,3600,1930,441,706,0,2,1,DOWN,2.0,125.103,369.5,818.0,1505.0,1080.0,1661.0,4.331,
13,MOOSE,iOS,4,3,11,2,3,854,32,3.0,100,UP,51,18.0,true,4150,3168,1168,139,843,1,2,1,UP,1.0,224.5,218.0,563.0,1084.0,1080.0,1661.0,4.331,
13,MOOSE,iOS,4,3,12,2,4,854,32,6.0,200,UP,253,18.0,true,6096,5441,1483,17,638,0,1,1,UP,1.0,167.472,373.0,485.0,1183.0,1080.0,1661.0,4.331,
13,MOOSE,iOS,4,3,13,2,5,854,32,6.0,300,DOWN,374,18.0,true,5549,4736,1645,146,667,1,1,1,DOWN,1.0,146.318,372.0,349.0,1519.0,1080.0,1661.0,4.331,
13,MOOSE,iOS,4,3,14,2,6,854,32,6.0,50,DOWN,781,18.0,true,3429,2320,2062,277,832,-1,2,1,DOWN,1.0,209.919,360.0,444.0,1548.0,1080.0,1661.0,4.331,
13,MOOSE,iOS,4,3,15,2,7,854,32,3.0,50,DOWN,673,18.0,true,3553,2511,2171,454,588,0,2,1,DOWN,1.0,226.411,392.0,355.0,1314.0,1080.0,1661.0,4.331,
13,MOOSE,iOS,4,3,16,2,8,854,32,3.0,300,UP,23,18.0,true,6123,4990,2295,103,1030,0,1,1,UP,1.0,201.0,330.0,496.0,1224.5,1080.0,1661.0,4.331,
13,MOOSE,iOS,4,3,17,3,1,854,32,6.0,200,UP,342,18.0,true,5116,3394,1231,258,1464,-1,1,1,UP,1.0,301.0,395.0,637.0,1170.0,1080.0,1661.0,4.331,
13,MOOSE,iOS,4,3,18,3,2,854,32,6.0,100,DOWN,765,18.0,true,5093,4414,1995,129,550,0,2,1,UP,1.0,230.261,436.0,472.0,1574.0,1080.0,1661.0,4.331,
13,MOOSE,iOS,4,3,19,3,3,854,32,3.0,100,UP,280,18.0,true,5177,4591,1675,15,571,0,1,1,UP,1.0,307.0,315.0,790.0,1289.0,1080.0,1661.0,4.331,
13,MOOSE,iOS,4,3,20,3,4,854,32,6.0,50,UP,399,18.0,true,3320,2032,977,425,863,-2,1,1,UP,1.0,304.0,454.0,556.0,1223.0,1080.0,1661.0,4.331,
13,MOOSE,iOS,4,3,21,3,5,854,32,3.0,200,DOWN,352,18.0,true,6544,5712,1814,106,726,0,1,1,DOWN,1.0,103.325,589.0,389.0,1564.0,1080.0,1661.0,4.331,
13,MOOSE,iOS,4,3,22,3,6,854,32,3.0,300,DOWN,603,18.0,true,8628,7297,2266,443,888,0,2,1,DOWN,1.0,115.413,431.5,521.0,1704.0,1080.0,1661.0,4.331,
13,MOOSE,iOS,4,3,23,3,7,854,32,3.0,50,UP,673,18.0,true,4037,2944,1567,433,660,1,1,1,UP,1.0,311.0,362.0,598.0,1174.0,1080.0,1661.0,4.331,
13,MOOSE,iOS,4,3,24,3,8,854,32,6.0,300,DOWN,338,18.0,true,6051,5057,1351,391,603,0,1,2,DOWN,1.0,192.467,428.0,431.0,1571.0,1080.0,1661.0,4.331,
13,MOOSE,iOS,4,3,25,4,1,854,32,3.0,200,UP,380,18.0,true,5981,4609,1662,69,1303,0,2,2,UP,1.0,171.51,276.0,685.0,1370.0,1080.0,1661.0,4.331,
13,MOOSE,iOS,4,3,26,4,2,854,32,6.0,50,DOWN,154,18.0,true,2334,1327,893,140,867,1,1,1,DOWN,1.0,204.513,517.0,353.0,1473.0,1080.0,1661.0,4.331,
13,MOOSE,iOS,4,3,27,4,3,854,32,6.0,200,DOWN,500,18.0,true,3862,3088,1165,296,478,1,1,1,UP,1.0,168.531,368.0,488.0,1556.0,1080.0,1661.0,4.331,
13,MOOSE,iOS,4,3,28,4,4,854,32,3.0,300,UP,317,18.0,true,7771,6688,1917,432,651,0,1,3,UP,1.0,13.952,240.0,757.0,1400.0,1080.0,1661.0,4.331,
13,MOOSE,iOS,4,3,29,4,5,854,32,6.0,100,UP,325,18.0,true,4119,3136,1137,248,735,0,2,1,UP,1.0,284.498,469.0,489.0,1328.0,1080.0,1661.0,4.331,
13,MOOSE,iOS,4,3,30,4,6,854,32,3.0,100,DOWN,272,18.0,true,4222,3409,1728,68,745,0,1,1,DOWN,1.0,265.967,652.0,466.0,1628.0,1080.0,1661.0,4.331,
13,MOOSE,iOS,4,3,31,4,7,854,32,6.0,300,UP,169,18.0,true,5103,4303,1294,252,548,-1,1,1,UP,1.0,247.133,362.0,653.0,1450.0,1080.0,1661.0,4.331,
13,MOOSE,iOS,4,3,32,4,8,854,32,3.0,50,DOWN,304,18.0,true,2154,1042,545,569,543,1,0,1,DOWN,1.0,343.0,513.0,493.0,1602.0,1080.0,1661.0,4.331,
13,MOOSE,iOS,4,4,1,1,1,854,32,3.0,100,UP,141,18.0,true,8330,3282,1678,97,4951,0,2,1,UP,1.0,230.0,378.0,447.0,1141.0,1080.0,1661.0,4.331,
13,MOOSE,iOS,4,4,2,1,2,854,32,6.0,100,DOWN,778,18.0,true,3558,2143,400,512,903,1,1,1,DOWN,1.0,129.491,544.0,273.0,1575.0,1080.0,1661.0,4.331,
13,MOOSE,iOS,4,4,3,1,3,854,32,6.0,200,UP,94,18.0,true,4252,3551,1166,175,526,0,2,1,UP,1.0,216.906,246.0,503.0,1286.0,1080.0,1661.0,4.331,
13,MOOSE,iOS,4,4,4,1,4,854,32,3.0,300,DOWN,363,18.0,true,4368,3680,1709,57,631,0,1,1,DOWN,1.0,108.221,530.0,381.0,1577.0,1080.0,1661.0,4.331,
13,MOOSE,iOS,4,4,5,1,5,854,32,3.0,50,DOWN,365,18.0,true,3159,2128,1152,512,519,0,1,1,DOWN,1.0,240.0,436.0,305.0,1404.0,1080.0,1661.0,4.331,
13,MOOSE,iOS,4,4,6,1,6,854,32,3.0,200,UP,457,18.0,true,4462,3696,1535,133,633,0,1,1,UP,1.0,279.0,195.0,631.0,1206.0,1080.0,1661.0,4.331,
13,MOOSE,iOS,4,4,7,1,7,854,32,6.0,50,UP,344,18.0,true,3674,2559,1584,286,829,1,1,1,UP,1.0,309.552,317.0,544.0,1143.0,1080.0,1661.0,4.331,
13,MOOSE,iOS,4,4,8,1,8,854,32,6.0,300,DOWN,533,18.0,true,5754,4527,1084,434,793,1,2,2,DOWN,1.0,263.811,470.0,439.0,1612.0,1080.0,1661.0,4.331,
13,MOOSE,iOS,4,4,9,2,1,854,32,6.0,200,DOWN,380,18.0,true,6518,4177,1792,616,1725,1,2,2,DOWN,1.0,208.759,484.0,339.0,1536.0,1080.0,1661.0,4.331,
13,MOOSE,iOS,4,4,10,2,2,854,32,3.0,100,DOWN,582,18.0,true,3240,2448,1551,218,574,0,1,1,DOWN,1.0,168.5,460.0,303.0,1392.0,1080.0,1661.0,4.331,
13,MOOSE,iOS,4,4,11,2,3,854,32,3.0,200,DOWN,318,18.0,true,6692,5615,1979,358,719,0,1,2,DOWN,1.0,183.0,376.0,409.0,1486.0,1080.0,1661.0,4.331,
13,MOOSE,iOS,4,4,12,2,4,854,32,6.0,100,UP,181,18.0,true,4151,3999,1533,104,48,1,2,1,UP,1.0,209.029,240.0,583.0,1238.0,1080.0,1661.0,4.331,
13,MOOSE,iOS,4,4,13,2,5,854,32,3.0,300,UP,59,18.0,true,7352,6415,2240,131,806,0,1,3,UP,1.0,95.883,185.0,652.0,1511.0,1080.0,1661.0,4.331,
13,MOOSE,iOS,4,4,14,2,6,854,32,3.0,50,UP,430,18.0,true,3277,2177,1471,383,717,0,1,1,UP,1.0,256.0,302.0,557.0,1334.0,1080.0,1661.0,4.331,
13,MOOSE,iOS,4,4,15,2,7,854,32,6.0,50,DOWN,493,18.0,true,3731,2336,1903,562,833,1,2,1,DOWN,1.0,291.0,497.0,431.0,1499.0,1080.0,1661.0,4.331,
13,MOOSE,iOS,4,4,16,2,8,854,32,6.0,300,UP,437,18.0,true,4462,3934,732,485,43,-2,1,1,UP,1.0,245.015,191.0,684.0,1432.0,1080.0,1661.0,4.331,
13,MOOSE,iOS,4,4,17,3,1,854,32,3.0,50,UP,537,18.0,true,3129,1391,826,535,1203,0,1,1,UP,1.0,298.0,740.0,401.0,1515.0,1080.0,1661.0,4.331,
13,MOOSE,iOS,4,4,18,3,2,854,32,6.0,300,DOWN,567,18.0,true,6474,5473,1729,147,854,0,1,2,DOWN,1.0,194.006,469.0,448.0,1658.0,1080.0,1661.0,4.331,
13,MOOSE,iOS,4,4,19,3,3,854,32,6.0,200,UP,615,18.0,true,4417,3584,1483,86,747,0,1,1,UP,1.0,262.128,342.0,631.0,1408.0,1080.0,1661.0,4.331,
13,MOOSE,iOS,4,4,20,3,4,854,32,6.0,50,UP,487,18.0,true,3113,2352,1327,178,583,1,2,1,UP,1.0,307.523,440.0,551.0,1378.0,1080.0,1661.0,4.331,
13,MOOSE,iOS,4,4,21,3,5,854,32,3.0,200,DOWN,385,18.0,true,5771,5302,1211,428,41,0,2,1,UP,1.0,231.938,669.0,410.0,1678.0,1080.0,1661.0,4.331,
13,MOOSE,iOS,4,4,22,3,6,854,32,3.0,100,DOWN,177,18.0,true,3743,2544,1533,285,914,0,3,1,DOWN,1.0,272.937,564.639,380.0,1557.0,1080.0,1661.0,4.331,
13,MOOSE,iOS,4,4,23,3,7,854,32,6.0,100,DOWN,727,18.0,true,3742,2816,1568,32,894,0,2,1,DOWN,1.0,288.0,729.0,373.0,1571.0,1080.0,1661.0,4.331,
13,MOOSE,iOS,4,4,24,3,8,854,32,3.0,300,UP,527,18.0,true,6832,6493,1902,301,38,0,2,1,UP,1.0,224.856,59.0,582.0,1462.607,1080.0,1661.0,4.331,
13,MOOSE,iOS,4,4,25,4,1,854,32,6.0,50,DOWN,837,18.0,true,5009,1727,185,1149,2133,0,1,1,UP,1.0,232.0,420.0,443.0,1575.0,1080.0,1661.0,4.331,
13,MOOSE,iOS,4,4,26,4,2,854,32,6.0,200,DOWN,353,18.0,true,7221,6081,2017,319,821,-1,1,2,DOWN,1.0,142.081,431.0,448.0,1604.0,1080.0,1661.0,4.331,
13,MOOSE,iOS,4,4,27,4,3,854,32,3.0,100,UP,237,18.0,true,6892,6685,2428,182,25,0,2,2,UP,1.0,141.964,341.0,522.0,1283.0,1080.0,1661.0,4.331,
13,MOOSE,iOS,4,4,28,4,4,854,32,3.0,50,DOWN,726,18.0,true,3097,1728,1025,429,940,-1,1,1,DOWN,1.0,154.979,647.0,326.0,1420.0,1080.0,1661.0,4.331,
13,MOOSE,iOS,4,4,29,4,5,854,32,6.0,100,UP,540,18.0,true,3971,3697,1181,244,30,0,2,1,UP,1.0,205.0,427.0,500.0,1365.5,1080.0,1661.0,4.331,
13,MOOSE,iOS,4,4,30,4,6,854,32,6.0,300,UP,442,18.0,true,4857,4512,1024,309,36,-1,1,1,UP,1.0,221.478,388.0,550.0,1322.0,1080.0,1661.0,4.331,
13,MOOSE,iOS,4,4,31,4,7,854,32,3.0,200,UP,208,18.0,true,5361,4511,1119,216,634,0,2,2,UP,1.0,156.0,258.0,571.0,1327.0,1080.0,1661.0,4.331,
13,MOOSE,iOS,4,4,32,4,8,854,32,3.0,300,DOWN,510,18.0,true,5834,4590,1183,407,837,0,1,2,DOWN,1.0,260.982,478.5,508.0,1784.0,1080.0,1661.0,4.331,
