ID, Device, Mode, Trial Number, Block Number, Trial in Block, Text Length (lines), Visible Lines, Frame Height, Distance, Direction, Target Line, Line Height, Hit, T_Trial, T_Scroll, T_FineTune, T_Select, T_StartScrolling, errorDistance(lines), inFrameCount, visibleCount, Start direction, Finger count, FP_X-MIN, FP_Y-MIN, FP_X-MAX, FP_Y-MAX, ScrollareaX, ScrollareaY, Px_mm
7,MOOSE,Drag,1,1,1,854,32,6.0,170,UP,641,18.0,true,8119,6657,624,141,1321,1,1,1,UP,2.0,307.0,664.0,852.0,1017.0,1080.0,1661.0,4.33
7,MOOSE,Drag,2,1,2,854,32,3.0,70,UP,455,18.0,true,4314,2849,1104,416,1049,0,0,1,UP,2.0,413.0,678.0,785.0,1022.0,1080.0,1661.0,4.33
7,MOOSE,Drag,3,1,3,854,32,3.0,170,UP,398,18.0,true,6273,5344,848,322,607,0,1,1,UP,2.0,423.0,679.0,791.0,1040.0,1080.0,1661.0,4.33
7,MOOSE,Drag,4,1,4,854,32,6.0,120,DOWN,767,18.0,true,5696,4401,1680,348,947,1,1,1,DOWN,2.0,413.23,653.0,544.0,1146.0,1080.0,1661.0,4.33
7,MOOSE,Drag,5,1,5,854,32,6.0,220,DOWN,305,18.0,true,8433,7927,896,421,85,0,1,1,DOWN,2.0,375.0,652.0,792.0,1131.0,1080.0,1661.0,4.33
7,MOOSE,Drag,6,1,6,854,32,6.0,20,DOWN,314,18.0,true,3387,992,929,252,2143,0,1,1,DOWN,2.0,444.0,655.0,481.0,1195.0,1080.0,1661.0,4.33
7,MOOSE,Drag,7,1,7,854,32,3.0,20,DOWN,339,18.0,true,4839,3680,3632,255,904,0,1,1,DOWN,2.0,429.68,661.0,477.0,1239.0,1080.0,1661.0,4.33
7,MOOSE,Drag,8,1,8,854,32,6.0,70,DOWN,750,18.0,true,6175,3838,1280,440,1897,2,2,1,DOWN,2.0,444.0,660.0,485.31,1101.0,1080.0,1661.0,4.33
7,MOOSE,Drag,9,1,9,854,32,3.0,220,UP,558,18.0,true,13283,12032,1792,434,817,0,1,1,UP,2.0,377.0,669.0,792.0,1037.0,1080.0,1661.0,4.33
7,MOOSE,Drag,10,1,10,854,32,3.0,120,UP,298,18.0,true,7272,6607,976,613,52,0,1,1,UP,2.0,391.0,682.0,754.0,1089.0,1080.0,1661.0,4.33
7,MOOSE,Drag,11,2,1,854,32,6.0,120,UP,227,18.0,true,5319,3599,880,395,1325,2,1,1,UP,2.0,345.0,657.0,780.5,1013.0,1080.0,1661.0,4.33
7,MOOSE,Drag,12,2,2,854,32,6.0,170,DOWN,755,18.0,true,7171,5889,1680,568,714,1,1,1,UP,2.0,398.38,668.0,478.0,1171.0,1080.0,1661.0,4.33
7,MOOSE,Drag,13,2,3,854,32,3.0,20,UP,106,18.0,true,3838,2656,2608,186,996,-1,2,1,UP,2.0,421.0,693.0,551.0,1056.0,1080.0,1661.0,4.33
7,MOOSE,Drag,14,2,4,854,32,6.0,20,UP,387,18.0,true,3865,2031,1982,175,1659,0,2,1,UP,2.0,411.0,702.0,507.0,1092.0,1080.0,1661.0,4.33
7,MOOSE,Drag,15,2,5,854,32,3.0,170,DOWN,778,18.0,true,5285,3649,65,813,823,0,0,1,DOWN,2.0,381.39,677.0,462.0,1196.0,1080.0,1661.0,4.33
7,MOOSE,Drag,16,2,6,854,32,6.0,220,UP,437,18.0,true,7330,6209,801,265,856,0,1,1,UP,2.0,405.0,694.0,543.0,1117.0,1080.0,1661.0,4.33
7,MOOSE,Drag,17,2,7,854,32,3.0,70,DOWN,397,18.0,true,4650,3568,1615,400,682,0,1,1,DOWN,2.0,389.0,689.0,470.5,1167.0,1080.0,1661.0,4.33
7,MOOSE,Drag,18,2,8,854,32,3.0,120,DOWN,546,18.0,true,6836,5632,1888,472,732,0,2,1,DOWN,2.0,384.39,672.0,475.0,1117.0,1080.0,1661.0,4.33
7,MOOSE,Drag,19,2,9,854,32,6.0,70,UP,587,18.0,true,4488,3279,1856,368,841,1,1,1,UP,2.0,388.0,704.0,507.0,1089.0,1080.0,1661.0,4.33
7,MOOSE,Drag,20,2,10,854,32,3.0,220,DOWN,361,18.0,true,9169,8411,273,712,46,1,0,1,UP,2.0,392.0,677.0,463.0,1127.0,1080.0,1661.0,4.33
7,MOOSE,Drag,21,3,1,854,32,3.0,170,DOWN,722,18.0,true,7939,6448,2496,70,1421,0,2,1,DOWN,2.0,330.0,654.25,782.0,1115.0,1080.0,1661.0,4.33
7,MOOSE,Drag,22,3,2,854,32,6.0,170,DOWN,218,18.0,true,6488,5266,1122,381,841,-1,1,1,DOWN,2.0,389.0,653.0,460.22,1109.0,1080.0,1661.0,4.33
7,MOOSE,Drag,23,3,3,854,32,6.0,220,DOWN,235,18.0,true,7080,6143,1231,143,794,-1,1,1,DOWN,2.0,344.0,655.0,467.53,1135.01,1080.0,1661.0,4.33
7,MOOSE,Drag,24,3,4,854,32,6.0,120,UP,378,18.0,true,5721,4319,784,329,1073,0,1,1,UP,2.0,379.59,665.0,515.0,1090.0,1080.0,1661.0,4.33
7,MOOSE,Drag,25,3,5,854,32,6.0,70,DOWN,303,18.0,true,9359,7839,2304,651,869,-2,0,1,DOWN,2.0,377.0,655.0,546.0,1155.0,1080.0,1661.0,4.33
7,MOOSE,Drag,26,3,6,854,32,3.0,220,UP,564,18.0,true,8540,7023,1856,401,1116,0,1,1,DOWN,2.0,400.0,672.78,542.43,1076.0,1080.0,1661.0,4.33
7,MOOSE,Drag,27,3,7,854,32,3.0,120,DOWN,357,18.0,true,5645,5205,2192,398,42,0,2,1,UP,2.0,397.15,651.0,473.0,1091.0,1080.0,1661.0,4.33
7,MOOSE,Drag,28,3,8,854,32,3.0,70,UP,509,18.0,true,3642,3138,1527,442,62,0,0,1,DOWN,2.0,410.0,666.0,520.0,1040.0,1080.0,1661.0,4.33
7,MOOSE,Drag,29,3,9,854,32,3.0,20,UP,658,18.0,true,5101,4864,3680,163,74,0,2,1,DOWN,2.0,408.0,667.53,490.0,991.0,1080.0,1661.0,4.33
7,MOOSE,Drag,30,3,10,854,32,6.0,20,UP,542,18.0,true,2139,977,928,419,743,1,1,1,UP,2.0,444.0,689.0,534.0,987.0,1080.0,1661.0,4.33
7,MOOSE,Drag,31,4,1,854,32,6.0,20,DOWN,255,18.0,true,3987,2271,2222,212,1504,0,2,1,DOWN,2.0,319.0,690.0,794.5,991.0,1080.0,1661.0,4.33
7,MOOSE,Drag,32,4,2,854,32,3.0,120,UP,424,18.0,true,5965,4672,1904,414,879,0,2,1,UP,2.0,392.0,686.0,803.5,1047.0,1080.0,1661.0,4.33
7,MOOSE,Drag,33,4,3,854,32,6.0,220,UP,114,18.0,true,9410,8448,1824,149,813,1,1,1,UP,2.0,375.0,673.0,536.0,1079.0,1080.0,1661.0,4.33
7,MOOSE,Drag,34,4,4,854,32,3.0,70,DOWN,783,18.0,true,6248,5216,3530,125,907,0,2,1,DOWN,2.0,374.0,674.0,518.0,1173.0,1080.0,1661.0,4.33
7,MOOSE,Drag,35,4,5,854,32,3.0,170,UP,225,18.0,false,6321,5151,1520,211,959,2,1,1,UP,2.0,386.0,683.0,808.0,1061.0,1080.0,1661.0,4.33
7,MOOSE,Drag,36,4,6,854,32,6.0,120,DOWN,347,18.0,true,7442,6927,2944,317,198,0,2,1,DOWN,2.0,386.71,672.0,807.0,1104.0,1080.0,1661.0,4.33
7,MOOSE,Drag,37,4,7,854,32,6.0,170,UP,336,18.0,true,10935,9728,4720,403,804,-1,1,1,UP,2.0,372.0,690.0,807.0,1108.0,1080.0,1661.0,4.33
7,MOOSE,Drag,38,4,8,854,32,3.0,20,DOWN,380,18.0,true,3239,1825,1633,513,901,0,1,1,DOWN,2.0,399.0,732.0,476.0,1116.0,1080.0,1661.0,4.33
7,MOOSE,Drag,39,4,9,854,32,6.0,70,UP,426,18.0,true,5262,4225,1490,261,776,0,1,1,UP,2.0,402.0,750.0,509.0,1065.0,1080.0,1661.0,4.33
7,MOOSE,Drag,40,4,10,854,32,3.0,220,DOWN,239,18.0,true,8217,6513,1297,656,1048,0,0,1,DOWN,2.0,344.0,705.0,771.0,1165.0,1080.0,1661.0,4.33
7,MOOSE,Drag,41,5,1,854,32,6.0,120,UP,344,18.0,true,6084,3793,1177,561,1730,0,0,1,UP,2.0,330.0,737.0,772.0,1074.0,1080.0,1661.0,4.33
7,MOOSE,Drag,42,5,2,854,32,3.0,120,UP,664,18.0,true,8246,7728,3395,457,61,-1,1,1,UP,2.0,374.0,718.0,773.49,1075.0,1080.0,1661.0,4.33
7,MOOSE,Drag,43,5,3,854,32,3.0,70,UP,196,18.0,true,7573,4496,2239,465,2612,0,3,1,UP,2.0,389.0,735.0,775.0,1056.0,1080.0,1661.0,4.33
7,MOOSE,Drag,44,5,4,854,32,3.0,170,UP,111,18.0,true,5437,4143,879,352,942,0,0,1,UP,2.0,400.0,735.0,541.0,1086.0,1080.0,1661.0,4.33
7,MOOSE,Drag,45,5,5,854,32,6.0,220,DOWN,818,18.0,true,6588,5121,625,658,809,2,0,1,UP,2.0,358.58,701.0,450.0,1222.0,1080.0,1661.0,4.33
7,MOOSE,Drag,46,5,6,854,32,6.0,20,DOWN,115,18.0,true,3906,2719,1588,9,1178,-1,1,1,DOWN,2.0,380.37,709.0,445.0,1113.0,1080.0,1661.0,4.33
7,MOOSE,Drag,47,5,7,854,32,6.0,170,UP,376,18.0,true,5717,4543,1119,354,820,1,1,1,UP,2.0,364.0,725.0,547.0,1071.0,1080.0,1661.0,4.33
7,MOOSE,Drag,48,5,8,854,32,3.0,20,DOWN,360,18.0,true,3865,2896,2832,175,794,0,2,1,DOWN,2.0,376.0,719.0,437.0,1093.0,1080.0,1661.0,4.33
7,MOOSE,Drag,49,5,9,854,32,3.0,220,DOWN,576,18.0,true,5822,4671,928,463,688,0,1,1,DOWN,2.0,362.05,702.0,442.46,1143.0,1080.0,1661.0,4.33
7,MOOSE,Drag,50,5,10,854,32,6.0,70,DOWN,828,18.0,true,5628,4671,2208,93,864,1,1,1,DOWN,2.0,358.0,709.0,429.0,1193.32,1080.0,1661.0,4.33
7,MOOSE,Drag,51,6,1,854,32,3.0,20,UP,641,18.0,true,5571,3105,1809,421,2045,0,1,1,DOWN,2.0,362.0,715.0,776.0,1020.0,1080.0,1661.0,4.33
7,MOOSE,Drag,52,6,2,854,32,6.0,70,UP,491,18.0,true,4099,3787,576,271,41,1,1,1,UP,2.0,424.0,712.0,512.0,1028.0,1080.0,1661.0,4.33
7,MOOSE,Drag,53,6,3,854,32,3.0,170,DOWN,595,18.0,true,7225,6240,2048,363,622,1,1,1,UP,2.0,377.0,686.0,459.0,1264.0,1080.0,1661.0,4.33
7,MOOSE,Drag,54,6,4,854,32,3.0,70,DOWN,264,18.0,true,4849,4369,2048,419,61,0,0,1,UP,2.0,403.0,690.0,469.5,1077.0,1080.0,1661.0,4.33
7,MOOSE,Drag,55,6,5,854,32,6.0,120,DOWN,658,18.0,true,4263,3200,337,282,781,0,1,1,DOWN,2.0,396.42,698.0,474.0,1096.0,1080.0,1661.0,4.33
7,MOOSE,Drag,56,6,6,854,32,6.0,220,UP,272,18.0,true,7103,6760,1986,304,39,0,1,1,DOWN,2.0,378.0,708.0,519.0,1087.0,1080.0,1661.0,4.33
7,MOOSE,Drag,57,6,7,854,32,6.0,20,UP,631,18.0,true,2963,1616,1521,303,1044,0,1,1,UP,2.0,413.0,701.0,499.5,965.0,1080.0,1661.0,4.33
7,MOOSE,Drag,58,6,8,854,32,6.0,170,DOWN,494,18.0,true,5741,4815,1776,66,860,0,1,1,DOWN,2.0,381.0,694.0,478.0,1142.0,1080.0,1661.0,4.33
7,MOOSE,Drag,59,6,9,854,32,3.0,120,DOWN,757,18.0,true,6492,5232,2976,422,838,0,1,1,DOWN,2.0,388.44,695.0,477.0,1178.0,1080.0,1661.0,4.33
7,MOOSE,Drag,60,6,10,854,32,3.0,220,UP,90,18.0,true,6941,6881,1936,19,41,0,1,1,DOWN,2.0,406.0,705.0,518.0,1068.0,1080.0,1661.0,4.33
7,MOOSE,Drag,61,7,1,854,32,3.0,20,UP,383,18.0,true,3772,736,672,673,2363,-1,0,1,UP,2.0,293.0,720.0,776.0,992.0,1080.0,1661.0,4.33
7,MOOSE,Drag,62,7,2,854,32,3.0,220,DOWN,366,18.0,true,7504,6128,1376,644,732,0,1,1,DOWN,2.0,397.0,665.0,777.0,1106.0,1080.0,1661.0,4.33
7,MOOSE,Drag,63,7,3,854,32,3.0,70,DOWN,703,18.0,true,7041,6145,5051,82,814,0,3,1,DOWN,2.0,400.0,678.0,513.0,1088.0,1080.0,1661.0,4.33
7,MOOSE,Drag,64,7,4,854,32,3.0,120,DOWN,176,18.0,true,8805,7535,3663,374,896,0,2,1,DOWN,2.0,400.0,679.0,494.0,1101.0,1080.0,1661.0,4.33
7,MOOSE,Drag,65,7,5,854,32,6.0,170,DOWN,281,18.0,true,5562,4368,915,427,767,0,1,1,DOWN,2.0,395.0,674.0,516.0,1199.0,1080.0,1661.0,4.33
7,MOOSE,Drag,66,7,6,854,32,3.0,170,UP,62,18.0,true,9223,8144,4592,377,702,0,2,1,UP,2.0,396.0,689.0,576.0,1110.0,1080.0,1661.0,4.33
7,MOOSE,Drag,67,7,7,854,32,6.0,70,UP,218,18.0,true,5472,5185,2774,234,53,0,3,1,UP,2.0,425.0,683.5,538.0,1036.0,1080.0,1661.0,4.33
7,MOOSE,Drag,68,7,8,854,32,6.0,220,DOWN,615,18.0,true,8541,6864,927,864,813,1,1,1,DOWN,2.0,398.0,657.0,514.0,1136.0,1080.0,1661.0,4.33
7,MOOSE,Drag,69,7,9,854,32,6.0,120,UP,603,18.0,true,5678,5431,1840,176,71,0,1,1,DOWN,2.0,409.0,665.5,778.5,1053.0,1080.0,1661.0,4.33
7,MOOSE,Drag,70,7,10,854,32,6.0,20,UP,515,18.0,true,2848,1119,1056,347,1382,0,1,1,UP,2.0,405.0,684.0,516.0,1006.0,1080.0,1661.0,4.33
7,MOOSE,Drag,71,8,1,854,32,6.0,170,UP,40,18.0,true,5766,3839,176,641,1286,-2,0,1,UP,2.0,361.0,616.0,780.5,1023.0,1080.0,1661.0,4.33
7,MOOSE,Drag,72,8,2,854,32,3.0,170,DOWN,630,18.0,true,5221,4288,1199,83,850,-1,1,1,DOWN,2.0,391.0,662.0,533.0,1090.0,1080.0,1661.0,4.33
7,MOOSE,Drag,73,8,3,854,32,3.0,220,UP,97,18.0,true,20781,18752,1978,85,1944,0,2,1,UP,2.0,158.0,674.0,791.0,1091.0,1080.0,1661.0,4.33
7,MOOSE,Drag,74,8,4,854,32,6.0,20,DOWN,789,18.0,true,2862,1457,1415,468,937,0,2,1,DOWN,2.0,377.0,701.0,447.0,1140.0,1080.0,1661.0,4.33
7,MOOSE,Drag,75,8,5,854,32,3.0,20,DOWN,729,18.0,true,3432,2255,1840,466,711,0,0,1,DOWN,2.0,363.0,699.0,443.0,1197.0,1080.0,1661.0,4.33
7,MOOSE,Drag,76,8,6,854,32,6.0,120,DOWN,559,18.0,true,5102,3615,128,558,929,1,0,1,DOWN,2.0,370.0,688.0,470.0,1165.0,1080.0,1661.0,4.33
7,MOOSE,Drag,77,8,7,854,32,3.0,70,UP,765,18.0,true,5731,4433,2534,485,813,0,1,1,DOWN,2.0,385.0,687.0,735.0,1043.0,1080.0,1661.0,4.33
7,MOOSE,Drag,78,8,8,854,32,3.0,120,UP,302,18.0,true,7460,6321,2990,262,877,0,2,1,UP,2.0,375.0,700.0,514.0,1071.0,1080.0,1661.0,4.33
7,MOOSE,Drag,79,8,9,854,32,6.0,70,DOWN,328,18.0,true,3420,1951,480,608,861,-2,1,1,DOWN,2.0,385.0,690.0,472.0,1090.0,1080.0,1661.0,4.33
7,MOOSE,Drag,80,8,10,854,32,6.0,220,UP,34,18.0,true,7952,7232,1376,3,717,0,1,1,UP,2.0,369.0,694.0,520.48,1076.0,1080.0,1661.0,4.33
7,MOOSE,Rubbing,1,1,1,854,32,3.0,220,UP,190,18.0,true,15055,13040,6944,57,1958,0,2,1,UP,2.0,344.0,599.0,882.0,1124.0,1080.0,1661.0,4.33
7,MOOSE,Rubbing,2,1,2,854,32,6.0,70,DOWN,349,18.0,true,7502,6063,4319,368,1071,0,2,1,DOWN,2.0,354.23,663.0,834.27,992.0,1080.0,1661.0,4.33
7,MOOSE,Rubbing,3,1,3,854,32,6.0,170,UP,414,18.0,true,11921,10799,4656,217,905,-1,1,1,DOWN,2.0,369.0,668.5,771.0,1047.0,1080.0,1661.0,4.33
7,MOOSE,Rubbing,4,1,4,854,32,6.0,20,DOWN,55,18.0,true,4939,4415,2286,371,153,-1,1,1,UP,2.0,367.0,677.0,430.5,1189.0,1080.0,1661.0,4.33
7,MOOSE,Rubbing,5,1,5,854,32,3.0,120,UP,146,18.0,true,15229,14047,9664,488,694,0,1,1,UP,2.0,364.0,688.0,772.0,1144.0,1080.0,1661.0,4.33
7,MOOSE,Rubbing,6,1,6,854,32,3.0,70,DOWN,423,18.0,true,5843,4767,3744,304,772,0,1,1,DOWN,2.0,383.0,691.0,496.0,1017.0,1080.0,1661.0,4.33
7,MOOSE,Rubbing,7,1,7,854,32,6.0,220,DOWN,359,18.0,true,5121,4904,610,174,43,0,1,1,UP,2.0,363.0,713.0,774.5,1136.0,1080.0,1661.0,4.33
7,MOOSE,Rubbing,8,1,8,854,32,6.0,120,DOWN,806,18.0,false,3311,2287,433,248,776,-8,1,1,DOWN,2.0,363.0,696.0,427.0,1136.0,1080.0,1661.0,4.33
7,MOOSE,Rubbing,9,1,9,854,32,3.0,20,UP,722,18.0,true,4158,3815,1599,305,38,0,1,1,UP,2.0,388.0,727.0,478.5,1003.0,1080.0,1661.0,4.33
7,MOOSE,Rubbing,10,1,10,854,32,3.0,170,UP,425,18.0,true,10127,8401,5486,153,1573,-1,1,1,UP,2.0,359.0,688.0,457.0,1209.31,1080.0,1661.0,4.33
7,MOOSE,Rubbing,11,2,1,854,32,6.0,220,UP,26,18.0,true,7739,5647,2151,588,1504,-1,1,1,UP,2.0,343.0,673.0,787.5,972.0,1080.0,1661.0,4.33
7,MOOSE,Rubbing,12,2,2,854,32,6.0,20,UP,299,18.0,true,5820,4687,4591,399,734,0,1,1,UP,2.0,340.0,682.0,780.72,1100.0,1080.0,1661.0,4.33
7,MOOSE,Rubbing,13,2,3,854,32,6.0,70,UP,746,18.0,true,11815,10093,3070,1107,615,0,1,2,DOWN,2.0,396.0,701.0,747.0,1135.0,1080.0,1661.0,4.33
7,MOOSE,Rubbing,14,2,4,854,32,3.0,120,DOWN,552,18.0,true,6271,5883,2032,344,44,0,1,1,UP,2.0,391.62,702.0,748.0,1120.0,1080.0,1661.0,4.33
7,MOOSE,Rubbing,15,2,5,854,32,6.0,120,UP,97,18.0,true,15818,15204,11935,552,62,0,1,1,UP,2.0,369.0,690.0,753.5,1094.0,1080.0,1661.0,4.33
7,MOOSE,Rubbing,16,2,6,854,32,3.0,220,DOWN,253,18.0,true,6894,5728,2032,181,985,0,1,1,DOWN,2.0,361.37,694.0,759.0,1176.0,1080.0,1661.0,4.33
7,MOOSE,Rubbing,17,2,7,854,32,3.0,20,DOWN,241,18.0,true,10305,10048,6101,177,80,1,0,2,DOWN,2.0,369.5,686.0,763.36,1248.5,1080.0,1661.0,4.33
7,MOOSE,Rubbing,18,2,8,854,32,3.0,70,UP,373,18.0,true,6901,6112,4319,492,297,0,1,1,DOWN,2.0,374.86,699.0,459.5,1102.0,1080.0,1661.0,4.33
7,MOOSE,Rubbing,19,2,9,854,32,6.0,170,DOWN,407,18.0,true,7682,6374,0,1223,85,2,0,0,DOWN,2.0,377.5,717.5,459.0,1022.5,1080.0,1661.0,4.33
7,MOOSE,Rubbing,20,2,10,854,32,3.0,170,DOWN,429,18.0,true,7741,6321,3456,304,1116,0,1,1,DOWN,2.0,372.0,690.0,453.0,1224.0,1080.0,1661.0,4.33
7,MOOSE,Rubbing,21,3,1,854,32,3.0,120,DOWN,473,18.0,true,24856,23360,7025,6,1490,0,2,2,DOWN,2.0,58.0,528.11,1079.0,1866.0,1080.0,1661.0,4.33
7,MOOSE,Rubbing,22,3,2,854,32,6.0,170,UP,475,18.0,true,8029,6527,1503,327,1175,1,2,1,DOWN,2.0,361.0,713.52,831.5,1114.0,1080.0,1661.0,4.33
7,MOOSE,Rubbing,23,3,3,854,32,3.0,220,UP,500,18.0,true,9441,9058,2224,312,71,0,2,2,DOWN,2.0,410.0,676.0,846.0,1097.0,1080.0,1661.0,4.33
7,MOOSE,Rubbing,24,3,4,854,32,3.0,20,UP,68,18.0,true,3816,3392,2175,359,65,1,0,1,UP,2.0,385.0,709.52,472.0,1099.5,1080.0,1661.0,4.33
7,MOOSE,Rubbing,25,3,5,854,32,3.0,170,UP,571,18.0,true,8505,8380,2751,75,50,1,1,2,DOWN,2.0,400.0,689.0,495.5,1139.0,1080.0,1661.0,4.33
7,MOOSE,Rubbing,26,3,6,854,32,6.0,120,DOWN,732,18.0,true,6427,5360,3008,322,745,0,1,1,DOWN,2.0,383.0,680.71,513.0,1175.32,1080.0,1661.0,4.33
7,MOOSE,Rubbing,27,3,7,854,32,3.0,70,UP,545,18.0,true,5684,4097,2256,855,732,1,0,1,UP,2.0,416.0,692.0,499.0,1058.08,1080.0,1661.0,4.33
7,MOOSE,Rubbing,28,3,8,854,32,6.0,20,DOWN,786,18.0,false,2137,1088,753,105,944,-10,1,1,DOWN,2.0,413.0,706.0,462.0,936.0,1080.0,1661.0,4.33
7,MOOSE,Rubbing,29,3,9,854,32,6.0,70,DOWN,765,18.0,true,5452,5094,2752,318,40,0,1,1,UP,2.0,419.0,693.0,518.63,1050.0,1080.0,1661.0,4.33
7,MOOSE,Rubbing,30,3,10,854,32,6.0,220,DOWN,785,18.0,true,15367,14527,2589,30,810,0,1,2,DOWN,2.0,391.5,678.0,529.0,1253.0,1080.0,1661.0,4.33
7,MOOSE,Rubbing,31,4,1,854,32,6.0,120,UP,345,18.0,true,7662,6302,3552,227,1133,0,2,1,UP,2.0,316.0,678.0,848.28,1256.27,1080.0,1661.0,4.33
7,MOOSE,Rubbing,32,4,2,854,32,3.0,20,DOWN,709,18.0,true,2082,1256,162,706,120,0,0,1,DOWN,2.0,446.0,705.0,476.0,994.5,1080.0,1661.0,4.33
7,MOOSE,Rubbing,33,4,3,854,32,3.0,170,DOWN,422,18.0,true,9011,7633,4257,334,1044,1,1,1,DOWN,2.0,419.0,679.0,522.0,994.5,1080.0,1661.0,4.33
7,MOOSE,Rubbing,34,4,4,854,32,3.0,220,DOWN,650,18.0,true,14660,13104,63,844,712,0,0,2,DOWN,2.0,400.0,690.0,507.5,1052.0,1080.0,1661.0,4.33
7,MOOSE,Rubbing,35,4,5,854,32,6.0,220,UP,25,18.0,true,8122,7662,3951,421,39,-1,2,1,UP,2.0,358.0,691.0,496.5,1343.5,1080.0,1661.0,4.33
7,MOOSE,Rubbing,36,4,6,854,32,6.0,70,UP,717,18.0,true,5360,4161,3233,277,922,0,2,1,UP,2.0,410.0,700.0,481.5,1176.0,1080.0,1661.0,4.33
7,MOOSE,Rubbing,37,4,7,854,32,6.0,20,UP,305,18.0,true,2498,1535,0,920,43,-1,0,1,DOWN,2.0,431.0,749.52,497.0,997.0,1080.0,1661.0,4.33
7,MOOSE,Rubbing,38,4,8,854,32,3.0,70,DOWN,455,18.0,true,2866,2096,560,88,682,0,1,1,DOWN,2.0,456.5,747.5,527.0,969.0,1080.0,1661.0,4.33
7,MOOSE,Rubbing,39,4,9,854,32,3.0,120,UP,203,18.0,true,5539,4449,1888,358,732,0,1,1,UP,2.0,451.0,722.5,547.0,1078.0,1080.0,1661.0,4.33
7,MOOSE,Rubbing,40,4,10,854,32,6.0,170,DOWN,485,18.0,true,5055,4177,2017,180,698,1,1,1,DOWN,2.0,430.5,719.0,550.0,1035.5,1080.0,1661.0,4.33
7,MOOSE,Rubbing,41,5,1,854,32,3.0,120,UP,490,18.0,true,10108,8610,1136,264,1234,0,1,2,UP,2.0,403.0,696.0,850.0,1022.0,1080.0,1661.0,4.33
7,MOOSE,Rubbing,42,5,2,854,32,6.0,120,UP,479,18.0,true,9673,8740,3691,862,71,0,0,2,DOWN,2.0,415.5,672.0,533.0,1158.0,1080.0,1661.0,4.33
7,MOOSE,Rubbing,43,5,3,854,32,3.0,170,DOWN,478,18.0,true,13959,12962,0,930,67,1,1,3,DOWN,2.0,413.0,671.0,541.0,1091.0,1080.0,1661.0,4.33
7,MOOSE,Rubbing,44,5,4,854,32,3.0,70,UP,175,18.0,true,9560,8768,879,10,782,0,2,2,UP,2.0,420.0,674.0,853.0,1117.0,1080.0,1661.0,4.33
7,MOOSE,Rubbing,45,5,5,854,32,6.0,220,DOWN,792,18.0,true,7538,7296,3663,140,102,0,1,1,UP,2.0,410.0,672.0,506.0,1069.5,1080.0,1661.0,4.33
7,MOOSE,Rubbing,46,5,6,854,32,3.0,20,DOWN,65,18.0,true,5399,4288,4016,186,925,1,0,1,DOWN,2.0,427.0,696.0,517.5,1229.5,1080.0,1661.0,4.33
7,MOOSE,Rubbing,47,5,7,854,32,6.0,70,UP,415,18.0,false,3807,2657,400,231,919,12,1,1,UP,2.0,421.0,702.69,530.5,1021.0,1080.0,1661.0,4.33
7,MOOSE,Rubbing,48,5,8,854,32,6.0,20,UP,121,18.0,true,9145,8336,4368,259,550,1,3,3,UP,2.0,424.0,681.0,533.64,1043.0,1080.0,1661.0,4.33
7,MOOSE,Rubbing,49,5,9,854,32,6.0,170,DOWN,294,18.0,true,8214,8031,3088,123,60,0,3,2,DOWN,2.0,396.0,686.0,530.0,1154.45,1080.0,1661.0,4.33
7,MOOSE,Rubbing,50,5,10,854,32,3.0,220,DOWN,553,18.0,true,7943,6976,2463,218,749,0,1,1,DOWN,2.0,422.0,690.0,563.0,1113.0,1080.0,1661.0,4.33
7,MOOSE,Rubbing,51,6,1,854,32,6.0,120,DOWN,195,18.0,true,6773,5328,3071,218,1227,0,1,1,DOWN,2.0,409.0,704.0,853.0,1024.0,1080.0,1661.0,4.33
7,MOOSE,Rubbing,52,6,2,854,32,3.0,20,UP,249,18.0,true,8370,7281,6690,318,771,0,2,1,UP,2.0,411.0,695.0,522.5,1142.5,1080.0,1661.0,4.33
7,MOOSE,Rubbing,53,6,3,854,32,6.0,220,UP,318,18.0,true,5266,4998,1071,183,85,-1,1,1,DOWN,2.0,414.0,692.52,535.0,1081.5,1080.0,1661.0,4.33
7,MOOSE,Rubbing,54,6,4,854,32,3.0,170,UP,638,18.0,true,5066,3872,1615,404,790,0,1,1,UP,2.0,405.0,705.0,524.0,1112.45,1080.0,1661.0,4.33
7,MOOSE,Rubbing,55,6,5,854,32,6.0,170,UP,205,18.0,true,4153,3704,592,414,35,1,1,1,UP,2.0,414.0,707.52,520.0,1047.0,1080.0,1661.0,4.33
7,MOOSE,Rubbing,56,6,6,854,32,6.0,20,DOWN,147,18.0,true,4853,4381,2256,432,40,1,1,1,UP,2.0,374.0,683.0,485.0,1203.0,1080.0,1661.0,4.33
7,MOOSE,Rubbing,57,6,7,854,32,3.0,120,DOWN,178,18.0,true,6889,6752,2672,69,68,0,1,1,DOWN,2.0,392.54,683.0,503.0,1239.0,1080.0,1661.0,4.33
7,MOOSE,Rubbing,58,6,8,854,32,3.0,220,UP,305,18.0,true,17899,16641,8961,445,813,0,3,1,DOWN,2.0,393.0,676.0,580.0,1180.5,1080.0,1661.0,4.33
7,MOOSE,Rubbing,59,6,9,854,32,6.0,70,DOWN,272,18.0,true,13032,12087,6961,882,63,2,2,1,UP,2.0,407.0,693.0,545.0,1061.0,1080.0,1661.0,4.33
7,MOOSE,Rubbing,60,6,10,854,32,3.0,70,DOWN,469,18.0,true,10300,10183,2064,26,91,-1,2,2,UP,2.0,388.0,693.0,492.0,1162.0,1080.0,1661.0,4.33
7,MOOSE,Rubbing,61,7,1,854,32,3.0,20,DOWN,622,18.0,true,5014,2608,2512,295,2111,-1,0,1,DOWN,2.0,384.0,692.0,853.0,970.0,1080.0,1661.0,4.33
7,MOOSE,Rubbing,62,7,2,854,32,3.0,120,DOWN,345,18.0,true,5939,4304,2416,749,886,0,0,1,DOWN,2.0,398.0,685.0,515.0,1033.5,1080.0,1661.0,4.33
7,MOOSE,Rubbing,63,7,3,854,32,3.0,70,DOWN,811,18.0,true,4158,3336,1538,743,79,0,1,1,UP,2.0,396.0,693.0,485.0,1061.0,1080.0,1661.0,4.33
7,MOOSE,Rubbing,64,7,4,854,32,6.0,220,UP,333,18.0,true,6731,6356,2911,293,82,0,1,1,DOWN,2.0,350.0,691.0,490.0,1223.0,1080.0,1661.0,4.33
7,MOOSE,Rubbing,65,7,5,854,32,3.0,170,UP,172,18.0,true,5547,4352,1696,417,778,0,1,1,UP,2.0,380.0,700.0,481.0,1100.5,1080.0,1661.0,4.33
7,MOOSE,Rubbing,66,7,6,854,32,6.0,20,UP,255,18.0,true,5265,3888,0,654,723,0,0,2,DOWN,2.0,396.0,695.0,489.5,1076.0,1080.0,1661.0,4.33
7,MOOSE,Rubbing,67,7,7,854,32,6.0,70,UP,662,18.0,true,6915,5586,3073,459,870,1,1,1,UP,2.0,371.0,687.0,470.0,1101.0,1080.0,1661.0,4.33
7,MOOSE,Rubbing,68,7,8,854,32,6.0,170,DOWN,690,18.0,true,12713,12129,6576,540,44,1,1,1,DOWN,2.0,364.0,696.0,850.0,1072.0,1080.0,1661.0,4.33
7,MOOSE,Rubbing,69,7,9,854,32,6.0,120,UP,420,18.0,true,16197,15716,1728,407,74,0,1,2,UP,2.0,354.0,683.0,793.0,1037.0,1080.0,1661.0,4.33
7,MOOSE,Rubbing,70,7,10,854,32,3.0,220,DOWN,497,18.0,true,18465,18322,9824,76,67,0,1,2,UP,2.0,323.43,604.0,1079.0,1088.5,1080.0,1661.0,4.33
7,MOOSE,Rubbing,71,8,1,854,32,3.0,20,UP,781,18.0,true,8445,4622,4581,254,3569,0,1,1,UP,2.0,342.0,667.0,840.0,1009.0,1080.0,1661.0,4.33
7,MOOSE,Rubbing,72,8,2,854,32,6.0,20,DOWN,70,18.0,true,5359,4336,4124,212,811,0,1,1,DOWN,2.0,308.0,656.0,758.0,1097.5,1080.0,1661.0,4.33
7,MOOSE,Rubbing,73,8,3,854,32,3.0,70,UP,430,18.0,true,7350,3826,2689,321,3203,0,1,1,UP,2.0,325.0,674.0,758.0,1105.0,1080.0,1661.0,4.33
7,MOOSE,Rubbing,74,8,4,854,32,6.0,70,DOWN,766,18.0,true,3502,3295,831,167,40,1,1,1,DOWN,2.0,304.52,707.52,415.0,1184.48,1080.0,1661.0,4.33
7,MOOSE,Rubbing,75,8,5,854,32,3.0,170,DOWN,601,18.0,true,8838,7615,4496,384,839,0,2,1,DOWN,2.0,333.5,682.0,766.0,1015.0,1080.0,1661.0,4.33
7,MOOSE,Rubbing,76,8,6,854,32,3.0,220,UP,597,18.0,true,7747,6286,2927,9,1452,-1,1,1,UP,2.0,337.0,676.0,772.0,1116.5,1080.0,1661.0,4.33
7,MOOSE,Rubbing,77,8,7,854,32,6.0,120,DOWN,283,18.0,true,7219,6050,1442,490,679,0,1,1,UP,2.0,322.0,651.0,775.27,1083.5,1080.0,1661.0,4.33
7,MOOSE,Rubbing,78,8,8,854,32,6.0,170,UP,470,18.0,true,7549,7409,2831,76,64,-1,1,1,UP,2.0,337.0,683.0,776.5,1024.0,1080.0,1661.0,4.33
7,MOOSE,Rubbing,79,8,9,854,32,6.0,220,DOWN,326,18.0,true,10876,9519,5936,453,904,2,1,1,DOWN,2.0,341.5,678.0,776.0,1099.0,1080.0,1661.0,4.33
7,MOOSE,Rubbing,80,8,10,854,32,3.0,120,UP,159,18.0,true,6691,5552,1119,312,827,0,1,2,UP,2.0,338.0,685.0,777.0,1179.0,1080.0,1661.0,4.33
7,MOOSE,iOS,1,1,1,854,32,3.0,70,DOWN,703,18.0,true,8090,5954,2231,1011,1125,1,2,1,DOWN,2.0,338.0,652.0,883.0,1100.0,1080.0,1661.0,4.33
7,MOOSE,iOS,2,1,2,854,32,6.0,120,UP,130,18.0,true,6282,5472,1213,191,619,-1,2,2,UP,2.0,395.0,700.0,490.0,1110.0,1080.0,1661.0,4.33
7,MOOSE,iOS,3,1,3,854,32,3.0,170,DOWN,707,18.0,true,6424,5632,1695,22,770,0,1,2,DOWN,2.0,386.0,678.0,873.0,1103.0,1080.0,1661.0,4.33
7,MOOSE,iOS,4,1,4,854,32,6.0,220,DOWN,643,18.0,true,7119,5889,3359,392,838,2,3,1,DOWN,2.0,390.53,697.0,491.0,1142.0,1080.0,1661.0,4.33
7,MOOSE,iOS,5,1,5,854,32,6.0,70,UP,697,18.0,true,8712,8380,3627,271,61,-2,3,2,DOWN,2.0,398.0,696.0,509.0,1084.0,1080.0,1661.0,4.33
7,MOOSE,iOS,6,1,6,854,32,3.0,220,UP,293,18.0,true,7026,5776,2110,433,817,0,2,1,UP,2.0,408.0,719.0,503.0,1064.0,1080.0,1661.0,4.33
7,MOOSE,iOS,7,1,7,854,32,3.0,20,UP,582,18.0,true,4366,4167,3260,157,42,0,2,1,UP,2.0,409.0,701.0,484.0,1121.0,1080.0,1661.0,4.33
7,MOOSE,iOS,8,1,8,854,32,6.0,20,UP,479,18.0,true,4106,3358,1215,149,599,0,2,2,UP,2.0,410.0,710.0,495.0,1076.0,1080.0,1661.0,4.33
7,MOOSE,iOS,9,1,9,854,32,3.0,120,DOWN,638,18.0,true,8453,6657,2524,571,1225,0,1,1,DOWN,2.0,385.0,693.0,478.0,1173.0,1080.0,1661.0,4.33
7,MOOSE,iOS,10,1,10,854,32,6.0,170,DOWN,364,18.0,true,9722,7856,3131,148,1718,-1,2,1,DOWN,2.0,384.0,711.0,510.35,1171.0,1080.0,1661.0,4.33
7,MOOSE,iOS,11,2,1,854,32,6.0,70,DOWN,113,18.0,true,5144,3903,1740,118,1123,2,1,1,DOWN,2.0,374.0,690.0,874.0,1112.0,1080.0,1661.0,4.33
7,MOOSE,iOS,12,2,2,854,32,3.0,220,DOWN,808,18.0,true,9072,7568,2461,490,1014,0,3,2,DOWN,2.0,400.0,684.0,520.0,1161.0,1080.0,1661.0,4.33
7,MOOSE,iOS,13,2,3,854,32,3.0,20,DOWN,149,18.0,true,4306,3376,3196,56,874,0,2,1,DOWN,2.0,413.0,693.0,877.0,1120.0,1080.0,1661.0,4.33
7,MOOSE,iOS,14,2,4,854,32,6.0,20,DOWN,265,18.0,true,2709,1647,1357,261,801,0,1,1,DOWN,2.0,402.94,693.0,473.0,1141.0,1080.0,1661.0,4.33
7,MOOSE,iOS,15,2,5,854,32,3.0,70,UP,448,18.0,true,10560,9733,2336,127,700,0,2,2,DOWN,2.0,355.0,682.0,477.0,1172.0,1080.0,1661.0,4.33
7,MOOSE,iOS,16,2,6,854,32,6.0,170,UP,139,18.0,true,8685,8224,3706,391,70,0,2,2,DOWN,2.0,400.0,703.0,883.48,1289.0,1080.0,1661.0,4.33
7,MOOSE,iOS,17,2,7,854,32,3.0,120,UP,560,18.0,true,10376,9216,3246,383,777,0,3,2,UP,2.0,399.0,693.0,519.0,1138.0,1080.0,1661.0,4.33
7,MOOSE,iOS,18,2,8,854,32,6.0,220,UP,583,18.0,true,6029,5675,1653,277,77,1,1,1,DOWN,2.0,419.0,726.0,526.0,1081.0,1080.0,1661.0,4.33
7,MOOSE,iOS,19,2,9,854,32,3.0,170,UP,659,18.0,true,10647,9855,1953,25,767,0,3,3,UP,2.0,381.58,713.0,508.0,1173.0,1080.0,1661.0,4.33
7,MOOSE,iOS,20,2,10,854,32,6.0,120,DOWN,175,18.0,true,5012,3902,1320,349,761,-1,1,1,UP,2.0,406.0,701.0,479.0,1189.0,1080.0,1661.0,4.33
7,MOOSE,iOS,21,3,1,854,32,6.0,220,DOWN,253,18.0,true,7875,6319,1676,55,1501,0,2,2,DOWN,2.0,372.0,650.0,886.0,1091.0,1080.0,1661.0,4.33
7,MOOSE,iOS,22,3,2,854,32,3.0,120,UP,15,18.0,true,5395,2209,154,2432,754,-1,0,1,UP,2.0,424.84,652.0,532.0,1015.0,1080.0,1661.0,4.33
7,MOOSE,iOS,23,3,3,854,32,3.0,70,UP,391,18.0,true,6570,5552,2186,163,855,0,2,1,UP,2.0,400.0,665.0,520.0,1251.5,1080.0,1661.0,4.33
7,MOOSE,iOS,24,3,4,854,32,6.0,70,UP,512,18.0,true,4826,4111,2076,11,704,0,2,1,UP,2.0,407.0,683.0,541.0,1165.0,1080.0,1661.0,4.33
7,MOOSE,iOS,25,3,5,854,32,6.0,170,DOWN,478,18.0,true,6283,5536,3179,84,663,0,3,1,DOWN,2.0,385.0,650.0,887.0,1153.0,1080.0,1661.0,4.33
7,MOOSE,iOS,26,3,6,854,32,3.0,20,DOWN,530,18.0,true,4060,3232,3055,130,698,1,2,1,DOWN,2.0,389.0,674.0,483.0,1121.0,1080.0,1661.0,4.33
7,MOOSE,iOS,27,3,7,854,32,3.0,220,UP,103,18.0,true,8312,7957,1531,284,71,0,1,2,DOWN,2.0,399.0,665.0,891.0,1137.0,1080.0,1661.0,4.33
7,MOOSE,iOS,28,3,8,854,32,6.0,20,DOWN,755,18.0,true,2325,2161,1085,127,37,2,0,1,UP,2.0,419.0,680.0,493.0,1058.0,1080.0,1661.0,4.33
7,MOOSE,iOS,29,3,9,854,32,3.0,170,DOWN,266,18.0,true,7027,5728,334,634,665,0,1,1,DOWN,2.0,375.52,662.0,492.0,1128.0,1080.0,1661.0,4.33
7,MOOSE,iOS,30,3,10,854,32,6.0,120,UP,273,18.0,true,9627,8623,1100,215,789,0,2,2,UP,2.0,393.0,663.0,518.0,1095.0,1080.0,1661.0,4.33
7,MOOSE,iOS,31,4,1,854,32,6.0,220,UP,510,18.0,true,10236,8736,3846,58,1442,-1,3,1,UP,2.0,369.0,659.0,888.64,1120.0,1080.0,1661.0,4.33
7,MOOSE,iOS,32,4,2,854,32,6.0,20,UP,467,18.0,true,5462,4768,4669,13,681,0,3,1,UP,2.0,382.82,659.0,885.0,1174.0,1080.0,1661.0,4.33
7,MOOSE,iOS,33,4,3,854,32,6.0,70,DOWN,149,18.0,true,3827,2576,666,438,813,-2,1,1,DOWN,2.0,387.0,651.0,479.0,1090.0,1080.0,1661.0,4.33
7,MOOSE,iOS,34,4,4,854,32,3.0,70,DOWN,313,18.0,true,6228,4336,2972,292,1600,0,2,1,DOWN,2.0,384.0,651.0,504.0,1108.0,1080.0,1661.0,4.33
7,MOOSE,iOS,35,4,5,854,32,3.0,220,DOWN,747,18.0,true,6241,5790,1167,360,91,0,1,1,UP,2.0,385.0,635.0,478.0,1081.0,1080.0,1661.0,4.33
7,MOOSE,iOS,36,4,6,854,32,6.0,120,DOWN,827,18.0,true,4862,4544,2232,244,74,0,2,1,UP,2.0,352.0,660.0,501.0,1146.0,1080.0,1661.0,4.33
7,MOOSE,iOS,37,4,7,854,32,3.0,120,DOWN,500,18.0,true,7516,7314,2253,153,49,0,3,2,UP,2.0,358.0,645.0,501.0,1147.0,1080.0,1661.0,4.33
7,MOOSE,iOS,38,4,8,854,32,3.0,170,UP,415,18.0,true,7136,6001,1055,400,735,1,0,2,UP,2.0,381.0,665.0,501.0,1162.0,1080.0,1661.0,4.33
7,MOOSE,iOS,39,4,9,854,32,3.0,20,UP,35,18.0,true,2853,2558,1679,257,38,0,1,1,DOWN,2.0,386.0,659.0,489.0,1065.0,1080.0,1661.0,4.33
7,MOOSE,iOS,40,4,10,854,32,6.0,170,UP,168,18.0,true,4963,4496,1659,410,57,1,2,1,UP,2.0,354.51,667.0,505.0,1157.49,1080.0,1661.0,4.33
7,MOOSE,iOS,41,5,1,854,32,6.0,120,DOWN,525,18.0,true,7954,4623,1517,152,3179,1,1,1,DOWN,2.0,333.0,622.0,880.95,1032.0,1080.0,1661.0,4.33
7,MOOSE,iOS,42,5,2,854,32,6.0,170,DOWN,315,18.0,true,9765,8625,2607,326,814,1,3,2,DOWN,2.0,314.59,636.0,833.0,1163.0,1080.0,1661.0,4.33
7,MOOSE,iOS,43,5,3,854,32,3.0,120,UP,472,18.0,true,8064,7394,1004,578,92,0,2,2,DOWN,2.0,329.52,633.0,834.0,1098.0,1080.0,1661.0,4.33
7,MOOSE,iOS,44,5,4,854,32,3.0,20,UP,715,18.0,true,2626,2187,1392,364,75,0,2,1,DOWN,2.0,361.0,727.0,422.0,1021.0,1080.0,1661.0,4.33
7,MOOSE,iOS,45,5,5,854,32,3.0,220,DOWN,391,18.0,true,10818,10524,5736,219,75,0,4,1,UP,2.0,341.0,650.0,475.0,1184.0,1080.0,1661.0,4.33
7,MOOSE,iOS,46,5,6,854,32,6.0,220,UP,101,18.0,true,6634,6293,1341,261,80,-1,1,2,UP,2.0,387.0,641.0,492.0,1087.0,1080.0,1661.0,4.33
7,MOOSE,iOS,47,5,7,854,32,6.0,70,UP,84,18.0,true,5282,5146,1932,60,76,0,1,1,DOWN,2.0,386.0,669.0,496.0,984.0,1080.0,1661.0,4.33
7,MOOSE,iOS,48,5,8,854,32,3.0,170,UP,420,18.0,true,6670,5665,3037,221,784,0,3,1,UP,2.0,377.0,638.0,499.0,1089.0,1080.0,1661.0,4.33
7,MOOSE,iOS,49,5,9,854,32,3.0,70,DOWN,245,18.0,true,8330,7917,5467,331,82,0,4,1,UP,2.0,362.41,636.0,490.0,1126.0,1080.0,1661.0,4.33
7,MOOSE,iOS,50,5,10,854,32,6.0,20,DOWN,180,18.0,false,3056,2144,1265,823,89,3,0,1,DOWN,2.0,403.5,658.0,450.0,962.0,1080.0,1661.0,4.33
7,MOOSE,iOS,51,6,1,854,32,6.0,220,DOWN,731,18.0,true,7043,5136,2143,68,1839,2,1,1,DOWN,2.0,297.0,566.0,852.0,1011.0,1080.0,1661.0,4.33
7,MOOSE,iOS,52,6,2,854,32,6.0,70,DOWN,216,18.0,true,3848,3672,972,136,40,1,1,1,UP,2.0,349.0,590.0,413.0,990.0,1080.0,1661.0,4.33
7,MOOSE,iOS,53,6,3,854,32,3.0,170,DOWN,798,18.0,true,4315,3329,1150,355,631,1,2,1,DOWN,2.0,327.0,579.0,443.0,1173.0,1080.0,1661.0,4.33
7,MOOSE,iOS,54,6,4,854,32,3.0,20,DOWN,595,18.0,true,4040,3920,2782,88,32,-1,1,1,UP,2.0,352.0,594.0,427.0,927.0,1080.0,1661.0,4.33
7,MOOSE,iOS,55,6,5,854,32,3.0,120,DOWN,244,18.0,true,7571,7393,2490,146,32,0,3,2,UP,2.0,326.0,603.0,456.0,1093.0,1080.0,1661.0,4.33
7,MOOSE,iOS,56,6,6,854,32,6.0,120,UP,201,18.0,true,5297,5039,782,222,36,0,2,2,UP,2.0,367.42,611.0,492.0,1105.0,1080.0,1661.0,4.33
7,MOOSE,iOS,57,6,7,854,32,6.0,170,UP,106,18.0,true,4474,4381,1481,11,82,0,2,1,DOWN,2.0,377.0,581.51,852.0,1016.5,1080.0,1661.0,4.33
7,MOOSE,iOS,58,6,8,854,32,6.0,20,UP,463,18.0,true,4629,3232,3184,317,1080,1,2,1,UP,2.0,378.0,605.0,478.0,1103.5,1080.0,1661.0,4.33
7,MOOSE,iOS,59,6,9,854,32,3.0,220,UP,127,18.0,true,6309,6114,3101,123,72,0,2,1,UP,2.0,376.16,611.0,514.0,1064.0,1080.0,1661.0,4.33
7,MOOSE,iOS,60,6,10,854,32,3.0,70,UP,136,18.0,true,4715,3391,814,478,846,0,2,2,UP,2.0,366.53,610.0,478.0,1162.0,1080.0,1661.0,4.33
7,MOOSE,iOS,61,7,1,854,32,6.0,220,DOWN,617,18.0,true,11372,10246,3219,113,1013,1,3,2,DOWN,2.0,346.0,582.0,851.0,1139.0,1080.0,1661.0,4.33
7,MOOSE,iOS,62,7,2,854,32,3.0,120,DOWN,782,18.0,true,8098,7168,1500,150,780,0,3,3,DOWN,2.0,338.0,585.0,859.0,1195.0,1080.0,1661.0,4.33
7,MOOSE,iOS,63,7,3,854,32,3.0,20,DOWN,759,18.0,true,2324,1039,864,449,836,0,1,1,DOWN,2.0,369.0,616.0,433.0,1036.0,1080.0,1661.0,4.33
7,MOOSE,iOS,64,7,4,854,32,3.0,220,DOWN,744,18.0,true,6668,5648,3400,290,730,0,1,1,DOWN,2.0,350.0,571.0,858.0,1085.0,1080.0,1661.0,4.33
7,MOOSE,iOS,65,7,5,854,32,3.0,170,UP,522,18.0,true,6009,5560,2925,405,44,-1,1,1,UP,2.0,377.71,590.0,484.0,990.0,1080.0,1661.0,4.33
7,MOOSE,iOS,66,7,6,854,32,6.0,20,UP,231,18.0,true,3770,3623,2875,65,82,0,2,1,UP,2.0,384.0,618.0,500.0,1136.0,1080.0,1661.0,4.33
7,MOOSE,iOS,67,7,7,854,32,6.0,170,UP,23,18.0,true,6350,6259,3114,48,43,2,2,1,UP,2.0,387.75,598.0,489.0,1050.0,1080.0,1661.0,4.33
7,MOOSE,iOS,68,7,8,854,32,6.0,120,DOWN,206,18.0,true,6027,5852,2290,103,72,-2,2,2,UP,2.0,376.53,591.0,484.0,1048.0,1080.0,1661.0,4.33
7,MOOSE,iOS,69,7,9,854,32,3.0,70,UP,629,18.0,false,4717,3807,2426,99,811,-2,2,1,UP,2.0,377.27,601.0,510.0,1123.0,1080.0,1661.0,4.33
7,MOOSE,iOS,70,7,10,854,32,6.0,70,UP,100,18.0,true,14445,14306,1265,104,35,2,4,4,UP,2.0,363.0,610.0,503.0,1189.0,1080.0,1661.0,4.33
7,MOOSE,iOS,71,8,1,854,32,3.0,220,UP,344,18.0,true,8918,6048,1259,505,2365,-1,2,2,UP,2.0,349.0,579.5,861.0,1112.0,1080.0,1661.0,4.33
7,MOOSE,iOS,72,8,2,854,32,6.0,20,DOWN,166,18.0,true,5121,4634,1306,375,112,0,2,2,UP,2.0,380.0,580.0,866.0,1042.0,1080.0,1661.0,4.33
7,MOOSE,iOS,73,8,3,854,32,6.0,70,DOWN,546,18.0,true,7559,6656,1709,62,841,1,3,2,DOWN,2.0,371.0,574.0,874.0,1187.5,1080.0,1661.0,4.33
7,MOOSE,iOS,74,8,4,854,32,3.0,120,UP,322,18.0,true,6354,6128,1309,188,38,0,1,2,UP,2.0,398.0,587.0,875.0,1044.0,1080.0,1661.0,4.33
7,MOOSE,iOS,75,8,5,854,32,6.0,120,UP,258,18.0,true,5025,4193,1233,144,688,-1,2,2,UP,2.0,395.51,583.0,876.5,1052.0,1080.0,1661.0,4.33
7,MOOSE,iOS,76,8,6,854,32,3.0,170,DOWN,473,18.0,true,5043,4702,2141,299,42,0,1,1,DOWN,2.0,396.0,590.0,491.0,1059.0,1080.0,1661.0,4.33
7,MOOSE,iOS,77,8,7,854,32,6.0,170,DOWN,644,18.0,true,9601,9360,3228,227,14,1,2,2,DOWN,2.0,329.0,582.0,884.0,1231.0,1080.0,1661.0,4.33
7,MOOSE,iOS,78,8,8,854,32,3.0,70,DOWN,266,18.0,true,5846,5377,2268,402,67,0,1,1,UP,2.0,394.0,578.0,476.0,1001.5,1080.0,1661.0,4.33
7,MOOSE,iOS,79,8,9,854,32,3.0,20,UP,746,18.0,true,4522,3823,2992,385,314,0,3,1,UP,2.0,375.0,608.0,515.0,1181.0,1080.0,1661.0,4.33
7,MOOSE,iOS,80,8,10,854,32,6.0,220,UP,168,18.0,true,6213,4865,2045,617,731,2,1,1,UP,2.0,396.0,604.0,547.0,1034.0,1080.0,1661.0,4.33
7,MOOSE,TrackPoint,1,1,1,854,32,3.0,20,UP,83,18.0,true,5569,4223,3798,16,1330,0,2,1,UP,2.0,340.0,652.0,927.0,909.0,1080.0,1661.0,4.33
7,MOOSE,TrackPoint,2,1,2,854,32,3.0,170,DOWN,751,18.0,true,7461,6511,3415,14,936,1,2,1,DOWN,2.0,368.0,666.0,877.0,1247.29,1080.0,1661.0,4.33
7,MOOSE,TrackPoint,3,1,3,854,32,3.0,220,DOWN,522,18.0,true,7659,6415,537,421,823,0,1,1,DOWN,2.0,341.0,667.0,413.52,1169.0,1080.0,1661.0,4.33
7,MOOSE,TrackPoint,4,1,4,854,32,6.0,70,DOWN,514,18.0,true,3331,1984,391,419,928,1,1,1,DOWN,2.0,336.0,672.0,397.0,1036.48,1080.0,1661.0,4.33
7,MOOSE,TrackPoint,5,1,5,854,32,3.0,120,DOWN,134,18.0,true,7155,5551,1917,252,1352,0,2,1,DOWN,2.0,332.0,641.0,401.0,1088.0,1080.0,1661.0,4.33
7,MOOSE,TrackPoint,6,1,6,854,32,6.0,220,UP,418,18.0,true,7044,5972,1715,346,726,1,2,1,UP,2.0,338.56,442.0,907.0,1042.0,1080.0,1661.0,4.33
7,MOOSE,TrackPoint,7,1,7,854,32,6.0,170,UP,619,18.0,true,5068,3488,222,665,915,-2,1,1,UP,2.0,406.0,438.0,914.0,940.0,1080.0,1661.0,4.33
7,MOOSE,TrackPoint,8,1,8,854,32,3.0,70,UP,237,18.0,true,9103,8126,2798,32,945,0,3,2,UP,2.0,386.0,492.0,915.0,1033.5,1080.0,1661.0,4.33
7,MOOSE,TrackPoint,9,1,9,854,32,6.0,20,DOWN,603,18.0,true,2490,1310,905,268,912,2,1,1,DOWN,2.0,406.0,629.51,427.5,806.0,1080.0,1661.0,4.33
7,MOOSE,TrackPoint,10,1,10,854,32,6.0,120,UP,682,18.0,true,6941,5551,552,248,1142,-1,1,1,UP,2.0,393.0,478.0,917.0,887.0,1080.0,1661.0,4.33
7,MOOSE,TrackPoint,11,2,1,854,32,3.0,220,UP,239,18.0,true,9526,7416,2603,567,1543,1,1,1,UP,2.0,400.0,428.27,918.0,920.0,1080.0,1661.0,4.33
7,MOOSE,TrackPoint,12,2,2,854,32,6.0,20,UP,701,18.0,true,2311,833,577,520,958,-2,1,1,UP,2.0,388.0,588.0,454.0,904.0,1080.0,1661.0,4.33
7,MOOSE,TrackPoint,13,2,3,854,32,6.0,170,DOWN,316,18.0,true,6487,5391,1304,148,948,0,1,1,DOWN,2.0,368.0,512.0,924.0,966.0,1080.0,1661.0,4.33
7,MOOSE,TrackPoint,14,2,4,854,32,3.0,70,DOWN,244,18.0,true,5812,4529,1537,411,872,1,0,1,DOWN,3.0,361.0,502.0,995.0,1919.0,1080.0,1661.0,4.33
7,MOOSE,TrackPoint,15,2,5,854,32,3.0,120,UP,452,18.0,false,11936,11679,7118,10,247,-2,4,1,DOWN,3.0,367.5,516.6,991.0,1919.0,1080.0,1661.0,4.33
7,MOOSE,TrackPoint,16,2,6,854,32,6.0,220,DOWN,314,18.0,true,25281,23999,555,508,774,1,2,2,DOWN,3.0,353.0,457.5,996.0,1919.0,1080.0,1661.0,4.33
7,MOOSE,TrackPoint,17,2,7,854,32,3.0,20,DOWN,720,18.0,true,5335,3729,3483,520,1086,0,3,1,DOWN,2.0,379.0,555.0,813.0,884.5,1080.0,1661.0,4.33
7,MOOSE,TrackPoint,18,2,8,854,32,6.0,70,UP,371,18.0,true,4901,4142,2012,18,741,2,1,1,UP,2.0,400.0,558.0,814.0,894.0,1080.0,1661.0,4.33
7,MOOSE,TrackPoint,19,2,9,854,32,6.0,120,DOWN,345,18.0,true,7752,5359,1854,8,2385,1,2,1,DOWN,2.0,343.0,544.0,499.0,1006.0,1080.0,1661.0,4.33
7,MOOSE,TrackPoint,20,2,10,854,32,3.0,170,UP,557,18.0,true,6222,6153,1854,30,39,1,1,1,UP,2.0,358.0,554.0,466.49,990.0,1080.0,1661.0,4.33
7,MOOSE,TrackPoint,21,3,1,854,32,3.0,220,UP,291,18.0,false,20181,13935,2170,5328,918,-2,2,2,UP,2.0,368.0,517.0,819.0,1041.0,1080.0,1661.0,4.33
7,MOOSE,TrackPoint,22,3,2,854,32,3.0,170,DOWN,483,18.0,true,9728,8416,5999,324,988,-1,5,1,DOWN,2.0,370.0,531.0,519.0,1159.5,1080.0,1661.0,4.33
7,MOOSE,TrackPoint,23,3,3,854,32,3.0,70,DOWN,814,18.0,true,5629,4416,3018,256,957,0,3,1,DOWN,2.0,410.5,554.0,498.0,958.0,1080.0,1661.0,4.33
7,MOOSE,TrackPoint,24,3,4,854,32,6.0,170,UP,66,18.0,true,5952,5215,1580,14,723,1,2,1,UP,2.0,413.0,476.0,825.0,934.0,1080.0,1661.0,4.33
7,MOOSE,TrackPoint,25,3,5,854,32,3.0,20,UP,723,18.0,true,5759,4721,3901,147,891,0,3,1,UP,2.0,421.0,523.0,510.0,914.0,1080.0,1661.0,4.33
7,MOOSE,TrackPoint,26,3,6,854,32,6.0,120,UP,41,18.0,true,4841,4793,1721,10,38,0,2,1,UP,2.0,426.41,522.0,541.0,969.0,1080.0,1661.0,4.33
7,MOOSE,TrackPoint,27,3,7,854,32,6.0,20,DOWN,489,18.0,true,2499,1989,828,460,50,2,1,1,UP,2.0,443.5,563.0,493.0,795.0,1080.0,1661.0,4.33
7,MOOSE,TrackPoint,28,3,8,854,32,3.0,120,DOWN,519,18.0,true,4752,3616,1536,206,930,0,1,1,DOWN,2.0,399.0,530.0,504.0,978.0,1080.0,1661.0,4.33
7,MOOSE,TrackPoint,29,3,9,854,32,6.0,70,UP,493,18.0,true,4046,2672,1495,499,875,-1,1,1,UP,2.0,410.44,547.0,536.0,963.0,1080.0,1661.0,4.33
7,MOOSE,TrackPoint,30,3,10,854,32,6.0,220,DOWN,741,18.0,true,8288,7472,2125,12,804,1,2,1,DOWN,2.0,385.5,533.0,499.5,1040.0,1080.0,1661.0,4.33
7,MOOSE,TrackPoint,31,4,1,854,32,3.0,170,UP,252,18.0,true,5605,4111,425,477,1017,0,1,1,UP,2.0,397.0,511.0,495.0,921.0,1080.0,1661.0,4.33
7,MOOSE,TrackPoint,32,4,2,854,32,6.0,70,DOWN,482,18.0,true,3351,2127,415,511,713,1,1,1,DOWN,2.0,415.0,506.0,467.0,927.0,1080.0,1661.0,4.33
7,MOOSE,TrackPoint,33,4,3,854,32,3.0,20,DOWN,716,18.0,true,4869,3393,2827,433,1043,1,2,1,DOWN,2.0,429.0,518.0,480.27,845.0,1080.0,1661.0,4.33
7,MOOSE,TrackPoint,34,4,4,854,32,3.0,220,DOWN,585,18.0,true,7522,6351,2775,198,973,0,2,1,DOWN,2.0,393.0,523.0,497.0,1055.0,1080.0,1661.0,4.33
7,MOOSE,TrackPoint,35,4,5,854,32,3.0,120,UP,529,18.0,true,5266,4256,1716,31,979,1,1,1,UP,2.0,422.0,544.0,526.0,947.0,1080.0,1661.0,4.33
7,MOOSE,TrackPoint,36,4,6,854,32,3.0,70,UP,72,18.0,true,5415,4095,2793,307,1013,0,2,1,UP,2.0,414.44,544.5,500.0,982.0,1080.0,1661.0,4.33
7,MOOSE,TrackPoint,37,4,7,854,32,6.0,20,UP,177,18.0,true,5248,4272,3695,30,946,0,3,1,UP,2.0,403.51,547.0,534.35,975.0,1080.0,1661.0,4.33
7,MOOSE,TrackPoint,38,4,8,854,32,6.0,120,DOWN,482,18.0,true,5295,4064,826,412,819,0,1,1,DOWN,2.0,411.0,535.0,509.0,972.0,1080.0,1661.0,4.33
7,MOOSE,TrackPoint,39,4,9,854,32,6.0,220,UP,159,18.0,true,12241,11152,6187,447,642,1,4,1,UP,2.0,417.0,531.0,536.0,949.0,1080.0,1661.0,4.33
7,MOOSE,TrackPoint,40,4,10,854,32,6.0,170,DOWN,742,18.0,true,8878,7937,5270,12,929,0,3,1,DOWN,2.0,395.5,529.0,581.0,1065.0,1080.0,1661.0,4.33
7,MOOSE,TrackPoint,41,5,1,854,32,6.0,170,DOWN,481,18.0,true,6083,5167,1662,13,903,1,2,1,DOWN,2.0,377.52,546.0,825.0,1048.0,1080.0,1661.0,4.33
7,MOOSE,TrackPoint,42,5,2,854,32,6.0,220,DOWN,799,18.0,false,8075,7217,2298,16,842,-3,1,1,DOWN,2.0,394.0,531.0,826.0,1001.0,1080.0,1661.0,4.33
7,MOOSE,TrackPoint,43,5,3,854,32,3.0,120,UP,321,18.0,true,5646,4351,1677,463,832,0,1,1,UP,2.0,422.0,554.0,544.0,955.0,1080.0,1661.0,4.33
7,MOOSE,TrackPoint,44,5,4,854,32,6.0,70,DOWN,840,18.0,false,4758,3233,543,649,876,3,0,1,DOWN,2.0,411.0,533.0,515.0,974.0,1080.0,1661.0,4.33
7,MOOSE,TrackPoint,45,5,5,854,32,3.0,70,DOWN,622,18.0,true,7961,6121,3060,541,1299,1,0,1,UP,2.0,414.0,536.0,512.49,964.0,1080.0,1661.0,4.33
7,MOOSE,TrackPoint,46,5,6,854,32,3.0,220,UP,97,18.0,true,8094,7167,2060,132,795,0,1,1,UP,2.0,426.51,523.0,541.48,932.0,1080.0,1661.0,4.33
7,MOOSE,TrackPoint,47,5,7,854,32,3.0,170,UP,501,18.0,true,7545,6289,3390,193,1063,0,3,1,UP,2.0,426.46,528.0,827.0,980.0,1080.0,1661.0,4.33
7,MOOSE,TrackPoint,48,5,8,854,32,6.0,120,UP,355,18.0,true,4171,2767,343,634,770,-1,1,1,UP,2.0,437.0,533.5,554.48,952.0,1080.0,1661.0,4.33
7,MOOSE,TrackPoint,49,5,9,854,32,3.0,20,DOWN,536,18.0,true,4211,3154,2527,301,756,0,1,1,DOWN,2.0,475.0,527.0,526.0,772.07,1080.0,1661.0,4.33
7,MOOSE,TrackPoint,50,5,10,854,32,6.0,20,UP,319,18.0,true,2703,2161,704,508,34,-1,1,1,UP,2.0,434.46,617.52,510.48,935.0,1080.0,1661.0,4.33
7,MOOSE,TrackPoint,51,6,1,854,32,6.0,170,UP,96,18.0,true,12014,8879,1963,163,2972,0,1,1,UP,2.0,364.52,510.0,533.0,835.0,1080.0,1661.0,4.33
7,MOOSE,TrackPoint,52,6,2,854,32,3.0,20,UP,353,18.0,true,3722,2081,1917,471,1170,0,2,1,UP,2.0,376.47,553.0,471.0,952.0,1080.0,1661.0,4.33
7,MOOSE,TrackPoint,53,6,3,854,32,3.0,220,DOWN,501,18.0,true,8646,7696,2299,146,804,0,2,1,DOWN,2.0,398.0,500.0,462.52,1006.0,1080.0,1661.0,4.33
7,MOOSE,TrackPoint,54,6,4,854,32,6.0,20,DOWN,456,18.0,true,2216,944,753,447,825,1,1,1,DOWN,2.0,416.0,508.0,485.0,803.5,1080.0,1661.0,4.33
7,MOOSE,TrackPoint,55,6,5,854,32,6.0,70,UP,533,18.0,true,9244,7983,2350,99,1162,0,1,1,UP,2.0,415.0,530.0,558.0,879.0,1080.0,1661.0,4.33
7,MOOSE,TrackPoint,56,6,6,854,32,6.0,120,DOWN,424,18.0,true,4935,4049,1770,15,871,1,2,1,DOWN,2.0,406.71,519.0,492.0,994.25,1080.0,1661.0,4.33
7,MOOSE,TrackPoint,57,6,7,854,32,3.0,70,UP,710,18.0,true,6502,4929,3406,637,936,0,3,1,UP,2.0,418.0,508.0,513.0,912.0,1080.0,1661.0,4.33
7,MOOSE,TrackPoint,58,6,8,854,32,3.0,170,DOWN,608,18.0,true,6775,5823,2875,295,657,0,2,1,DOWN,2.0,392.0,508.0,484.0,977.5,1080.0,1661.0,4.33
7,MOOSE,TrackPoint,59,6,9,854,32,6.0,220,UP,580,18.0,true,8625,7584,2843,136,905,1,1,1,UP,2.0,419.0,499.0,519.5,905.0,1080.0,1661.0,4.33
7,MOOSE,TrackPoint,60,6,10,854,32,3.0,120,DOWN,280,18.0,true,5385,4016,1755,494,875,0,1,1,DOWN,2.0,412.0,506.0,516.0,981.0,1080.0,1661.0,4.33
7,MOOSE,TrackPoint,61,7,1,854,32,3.0,120,UP,254,18.0,true,6014,5841,1437,14,159,0,1,1,DOWN,2.0,383.0,499.68,511.48,919.0,1080.0,1661.0,4.33
7,MOOSE,TrackPoint,62,7,2,854,32,3.0,170,DOWN,667,18.0,true,9339,8337,4446,285,717,0,2,1,DOWN,2.0,395.0,492.0,510.0,1015.5,1080.0,1661.0,4.33
7,MOOSE,TrackPoint,63,7,3,854,32,3.0,220,DOWN,580,18.0,true,5615,4717,251,840,58,0,1,1,UP,2.0,423.0,540.0,521.0,1042.5,1080.0,1661.0,4.33
7,MOOSE,TrackPoint,64,7,4,854,32,6.0,170,UP,245,18.0,true,7335,6480,3070,7,848,1,2,1,UP,2.0,426.57,523.0,544.0,940.0,1080.0,1661.0,4.33
7,MOOSE,TrackPoint,65,7,5,854,32,6.0,120,UP,261,18.0,true,8661,7570,2762,242,849,-1,1,1,DOWN,2.0,425.39,533.0,557.5,959.0,1080.0,1661.0,4.33
7,MOOSE,TrackPoint,66,7,6,854,32,3.0,70,DOWN,384,18.0,true,3941,3008,1661,48,885,0,1,1,DOWN,2.0,424.0,521.0,524.0,938.0,1080.0,1661.0,4.33
7,MOOSE,TrackPoint,67,7,7,854,32,3.0,20,UP,437,18.0,true,6286,4976,3998,412,898,1,2,1,DOWN,2.0,467.0,539.0,566.5,803.0,1080.0,1661.0,4.33
7,MOOSE,TrackPoint,68,7,8,854,32,6.0,220,DOWN,823,18.0,true,6416,4927,459,652,837,1,1,1,DOWN,2.0,404.0,549.0,533.0,1073.0,1080.0,1661.0,4.33
7,MOOSE,TrackPoint,69,7,9,854,32,6.0,70,DOWN,266,18.0,true,5089,4240,1567,15,834,1,2,2,DOWN,2.0,438.0,538.0,603.5,939.0,1080.0,1661.0,4.33
7,MOOSE,TrackPoint,70,7,10,854,32,6.0,20,UP,658,18.0,true,4310,3773,638,497,40,0,1,1,DOWN,2.0,440.0,538.0,597.0,884.0,1080.0,1661.0,4.33
7,MOOSE,TrackPoint,71,8,1,854,32,3.0,220,UP,163,18.0,true,8762,7095,2049,435,1232,1,1,1,UP,3.0,389.0,488.5,949.0,1919.0,1080.0,1661.0,4.33
7,MOOSE,TrackPoint,72,8,2,854,32,6.0,170,DOWN,216,18.0,true,5350,4591,1611,17,742,0,1,1,DOWN,3.0,400.0,508.0,951.0,1919.0,1080.0,1661.0,4.33
7,MOOSE,TrackPoint,73,8,3,854,32,6.0,70,UP,210,18.0,true,5444,4399,2188,165,880,-1,1,1,UP,3.0,434.0,545.0,950.0,1919.0,1080.0,1661.0,4.33
7,MOOSE,TrackPoint,74,8,4,854,32,3.0,120,DOWN,199,18.0,true,18075,17168,14525,19,888,0,7,1,DOWN,3.0,407.0,528.0,954.0,1919.0,1080.0,1661.0,4.33
7,MOOSE,TrackPoint,75,8,5,854,32,6.0,120,DOWN,388,18.0,true,5125,4595,1683,465,65,-2,1,1,UP,2.0,423.5,539.0,838.0,1078.0,1080.0,1661.0,4.33
7,MOOSE,TrackPoint,76,8,6,854,32,3.0,20,DOWN,71,18.0,true,10157,9119,4107,17,1021,-1,3,2,DOWN,2.0,393.0,554.0,834.0,1075.5,1080.0,1661.0,4.33
7,MOOSE,TrackPoint,77,8,7,854,32,6.0,20,DOWN,392,18.0,false,2146,1248,1019,24,874,-3,1,1,DOWN,2.0,454.0,559.0,512.0,862.0,1080.0,1661.0,4.33
7,MOOSE,TrackPoint,78,8,8,854,32,3.0,70,UP,130,18.0,true,4620,3520,1838,267,833,0,2,1,UP,3.0,437.0,520.55,949.0,1919.0,1080.0,1661.0,4.33
7,MOOSE,TrackPoint,79,8,9,854,32,3.0,170,UP,298,18.0,true,7706,6049,522,725,932,0,1,1,UP,3.0,420.02,515.0,950.0,1919.0,1080.0,1661.0,4.33
7,MOOSE,TrackPoint,80,8,10,854,32,6.0,220,UP,133,18.0,true,7215,6495,2392,40,680,-2,2,1,UP,3.0,440.0,461.0,947.0,1919.0,1080.0,1661.0,4.33
