ID, Device, Mode, ExpPart, Round, Trial, Block, Trial in Block, Text Length (lines), Visible Lines, Frame Height, Distance, Direction, Target Line, Line Height, Hit, T_Trial, T_Scroll, T_FineTune, T_Select, T_StartScrolling, errorDistance(lines), inFrameCount, visibleCount, Start direction, Finger count, FP_X-MIN, FP_Y-MIN, FP_X-MAX, FP_Y-MAX, ScrollareaX, ScrollareaY, Px_mm
14,MOOSE,Drag,1,1,1,1,1,854,32,3.0,100,DOWN,411,18.0,true,28219,21920,4304,1260,5039,0,2,1,DOWN,3.0,194.0,464.0,1079.499,1905.0,1080.0,1661.0,4.331,
14,MOOSE,Drag,1,1,2,1,2,854,32,6.0,100,UP,306,18.0,true,13178,11247,2128,541,1390,-1,1,1,DOWN,3.0,25.0,189.0,1079.0,1919.0,1080.0,1661.0,4.331,
14,MOOSE,Drag,1,1,3,1,3,854,32,3.0,300,UP,320,18.0,true,18444,16544,1610,1117,783,0,1,1,DOWN,2.0,33.0,176.5,606.0,1919.0,1080.0,1661.0,4.331,
14,MOOSE,Drag,1,1,4,1,4,854,32,6.0,50,DOWN,302,18.0,true,6040,4015,1551,1142,883,0,1,1,DOWN,1.0,357.0,391.0,471.0,852.0,1080.0,1661.0,4.331,
14,MOOSE,Drag,1,1,5,1,5,854,32,3.0,200,DOWN,429,18.0,true,10107,8895,1600,562,650,0,1,1,DOWN,1.0,313.0,314.0,520.0,997.0,1080.0,1661.0,4.331,
14,MOOSE,Drag,1,1,6,1,6,854,32,6.0,300,UP,309,18.0,true,9934,8225,992,1121,588,-1,1,1,DOWN,1.0,239.0,58.5,539.0,1107.0,1080.0,1661.0,4.331,
14,MOOSE,Drag,1,1,7,1,7,854,32,3.0,50,DOWN,296,18.0,true,4889,3344,1696,756,789,0,1,1,DOWN,1.0,283.0,562.0,315.0,1191.0,1080.0,1661.0,4.331,
14,MOOSE,Drag,1,1,8,1,8,854,32,6.0,200,UP,296,18.0,true,7752,6127,896,749,876,0,1,1,UP,1.0,151.0,330.0,454.0,1123.0,1080.0,1661.0,4.331,
14,MOOSE,Drag,1,1,9,2,1,854,32,6.0,50,UP,554,18.0,true,5875,3696,1392,723,1456,-1,1,1,DOWN,1.0,137.0,249.0,596.0,677.0,1080.0,1661.0,4.331,
14,MOOSE,Drag,1,1,10,2,2,854,32,3.0,200,UP,199,18.0,true,8060,7008,1313,531,521,0,2,1,UP,1.0,197.0,46.0,548.477,998.0,1080.0,1661.0,4.331,
14,MOOSE,Drag,1,1,11,2,3,854,32,6.0,100,DOWN,259,18.0,true,5739,4896,1984,160,683,0,2,1,UP,1.0,211.0,419.0,415.0,1293.0,1080.0,1661.0,4.331,
14,MOOSE,Drag,1,1,12,2,4,854,32,6.0,200,DOWN,348,18.0,true,7442,6704,1808,132,606,0,2,1,DOWN,1.0,207.0,503.0,368.0,1325.5,1080.0,1661.0,4.331,
14,MOOSE,Drag,1,1,13,2,5,854,32,3.0,50,UP,241,18.0,true,4959,4352,1936,92,515,0,1,1,DOWN,1.0,103.0,344.0,401.0,1106.0,1080.0,1661.0,4.331,
14,MOOSE,Drag,1,1,14,2,6,854,32,3.0,300,DOWN,780,18.0,true,8112,7201,1211,204,707,0,1,1,DOWN,1.0,143.0,455.0,412.0,1448.0,1080.0,1661.0,4.331,
14,MOOSE,Drag,1,1,15,2,7,854,32,6.0,300,DOWN,571,18.0,true,7212,6974,880,206,32,0,1,1,UP,1.0,131.0,446.0,378.66,1443.0,1080.0,1661.0,4.331,
14,MOOSE,Drag,1,1,16,2,8,854,32,3.0,100,UP,360,18.0,true,5984,4848,1408,423,713,0,1,2,DOWN,1.0,0.0,369.0,300.0,1022.0,1080.0,1661.0,4.331,
14,MOOSE,Drag,1,1,17,3,1,854,32,6.0,200,UP,204,18.0,true,8759,7009,944,606,1144,-1,1,1,DOWN,1.0,47.0,215.0,577.0,980.0,1080.0,1661.0,4.331,
14,MOOSE,Drag,1,1,18,3,2,854,32,6.0,50,DOWN,531,18.0,true,2905,1857,577,466,582,0,1,1,DOWN,1.0,143.5,505.0,188.0,1062.0,1080.0,1661.0,4.331,
14,MOOSE,Drag,1,1,19,3,3,854,32,3.0,300,UP,523,18.0,true,10246,9296,1440,228,722,0,1,1,UP,1.0,0.0,217.0,383.722,1166.0,1080.0,1661.0,4.331,
14,MOOSE,Drag,1,1,20,3,4,854,32,3.0,200,DOWN,510,18.0,true,5518,4304,1200,294,920,0,1,1,DOWN,1.0,138.0,527.0,455.523,1419.0,1080.0,1661.0,4.331,
14,MOOSE,Drag,1,1,21,3,5,854,32,3.0,50,DOWN,582,18.0,true,3911,2817,1649,409,685,0,1,1,DOWN,1.0,318.0,616.0,398.0,1212.0,1080.0,1661.0,4.331,
14,MOOSE,Drag,1,1,22,3,6,854,32,6.0,300,UP,307,18.0,true,9550,8528,1808,191,831,0,1,1,DOWN,1.0,147.404,190.5,642.0,1308.0,1080.0,1661.0,4.331,
14,MOOSE,Drag,1,1,23,3,7,854,32,6.0,100,UP,418,18.0,true,5047,3505,521,796,746,0,1,1,DOWN,1.0,244.0,388.0,494.0,1075.5,1080.0,1661.0,4.331,
14,MOOSE,Drag,1,1,24,3,8,854,32,3.0,100,DOWN,132,18.0,true,5257,4912,1327,293,52,0,1,1,UP,1.0,253.0,564.0,370.0,1208.0,1080.0,1661.0,4.331,
14,MOOSE,Drag,1,1,25,4,1,854,32,3.0,100,UP,579,18.0,true,6607,4401,1381,966,1240,0,1,1,DOWN,1.0,95.0,234.5,475.0,1181.0,1080.0,1661.0,4.331,
14,MOOSE,Drag,1,1,26,4,2,854,32,6.0,100,DOWN,235,18.0,true,5623,4639,1440,290,694,0,1,1,DOWN,1.0,170.0,623.0,299.0,1238.5,1080.0,1661.0,4.331,
14,MOOSE,Drag,1,1,27,4,3,854,32,3.0,200,UP,229,18.0,true,7512,6191,1248,539,782,0,2,1,DOWN,1.0,121.0,297.0,398.0,1384.0,1080.0,1661.0,4.331,
14,MOOSE,Drag,1,1,28,4,4,854,32,3.0,300,DOWN,429,18.0,true,8763,7935,2239,268,560,0,1,1,DOWN,1.0,154.0,523.0,356.0,1535.0,1080.0,1661.0,4.331,
14,MOOSE,Drag,1,1,29,4,5,854,32,6.0,50,UP,703,18.0,true,3640,2336,785,656,648,0,2,1,UP,1.0,116.0,319.0,281.0,1075.0,1080.0,1661.0,4.331,
14,MOOSE,Drag,1,1,30,4,6,854,32,6.0,300,DOWN,824,18.0,true,8708,7441,1345,681,586,0,1,1,DOWN,1.0,87.533,503.0,383.0,1352.0,1080.0,1661.0,4.331,
14,MOOSE,Drag,1,1,31,4,7,854,32,3.0,50,UP,526,18.0,true,4032,2815,1632,350,867,0,2,1,UP,1.0,379.0,444.0,561.0,981.0,1080.0,1661.0,4.331,
14,MOOSE,Drag,1,1,32,4,8,854,32,6.0,200,DOWN,297,18.0,true,4945,4668,1041,240,37,-1,1,1,UP,1.0,141.0,625.0,362.0,1557.0,1080.0,1661.0,4.331,
14,MOOSE,Circle3,1,1,1,1,1,854,32,6.0,200,UP,73,18.0,true,14832,11631,2240,1429,1772,0,1,1,UP,2.0,20.0,384.0,724.671,1919.0,1080.0,1661.0,4.331,
14,MOOSE,Circle3,1,1,2,1,2,854,32,6.0,50,UP,787,18.0,true,5293,3679,2431,581,1033,-1,2,1,UP,1.0,293.301,778.0,590.308,1077.661,1080.0,1661.0,4.331,
14,MOOSE,Circle3,1,1,3,1,3,854,32,3.0,200,UP,81,18.0,true,16113,14800,10303,791,522,-1,10,1,UP,1.0,198.269,635.0,706.0,1209.0,1080.0,1661.0,4.331,
14,MOOSE,Circle3,1,1,4,1,4,854,32,3.0,300,DOWN,418,18.0,true,7825,6160,545,817,848,0,1,1,DOWN,1.0,136.721,678.444,720.805,1270.742,1080.0,1661.0,4.331,
14,MOOSE,Circle3,1,1,5,1,5,854,32,3.0,50,DOWN,632,18.0,true,6239,5009,1474,550,680,0,1,2,DOWN,1.0,275.708,737.0,640.0,1197.705,1080.0,1661.0,4.331,
14,MOOSE,Circle3,1,1,6,1,6,854,32,6.0,300,UP,72,18.0,true,11535,10545,2656,311,679,-1,3,2,UP,1.0,114.693,673.027,801.427,1300.87,1080.0,1661.0,4.331,
14,MOOSE,Circle3,1,1,7,1,7,854,32,6.0,100,DOWN,756,18.0,true,4753,3393,1361,478,882,-1,1,1,DOWN,1.0,189.581,795.281,599.0,1237.635,1080.0,1661.0,4.331,
14,MOOSE,Circle3,1,1,8,1,8,854,32,3.0,100,DOWN,309,18.0,true,7430,6933,3760,444,53,0,2,1,UP,1.0,140.729,777.261,492.253,1135.462,1080.0,1661.0,4.331,
14,MOOSE,Circle3,1,1,9,2,1,854,32,3.0,200,DOWN,714,18.0,true,10225,8497,3360,495,1233,-1,3,2,DOWN,1.0,23.0,536.0,464.455,1042.5,1080.0,1661.0,4.331,
14,MOOSE,Circle3,1,1,10,2,2,854,32,3.0,50,UP,194,18.0,true,4536,3520,2240,400,616,0,1,1,UP,1.0,167.0,950.0,358.0,1140.0,1080.0,1661.0,4.331,
14,MOOSE,Circle3,1,1,11,2,3,854,32,3.0,100,UP,535,18.0,true,6454,5214,2175,563,677,0,1,1,UP,1.0,97.0,790.5,374.0,1208.0,1080.0,1661.0,4.331,
14,MOOSE,Circle3,1,1,12,2,4,854,32,6.0,200,DOWN,473,18.0,true,10166,9151,4800,396,619,0,5,1,UP,1.0,30.735,672.299,515.56,1192.656,1080.0,1661.0,4.331,
14,MOOSE,Circle3,1,1,13,2,5,854,32,6.0,100,UP,690,18.0,true,6295,5504,3120,256,535,0,1,1,DOWN,1.0,70.683,732.662,487.322,1167.0,1080.0,1661.0,4.331,
14,MOOSE,Circle3,1,1,14,2,6,854,32,6.0,300,DOWN,630,18.0,true,8037,7119,2016,428,490,0,1,1,UP,1.0,39.0,733.889,463.0,1236.468,1080.0,1661.0,4.331,
14,MOOSE,Circle3,1,1,15,2,7,854,32,6.0,50,DOWN,651,18.0,true,5228,4208,2496,365,655,0,1,1,DOWN,1.0,53.0,630.72,475.0,1194.0,1080.0,1661.0,4.331,
14,MOOSE,Circle3,1,1,16,2,8,854,32,3.0,300,UP,443,18.0,true,11629,10609,1936,422,598,0,1,1,UP,1.0,39.0,611.0,570.716,1140.742,1080.0,1661.0,4.331,
14,MOOSE,Circle3,1,1,17,3,1,854,32,6.0,300,UP,431,18.0,true,8238,6688,1791,538,1012,0,1,1,DOWN,1.0,49.932,546.0,607.331,1215.0,1080.0,1661.0,4.331,
14,MOOSE,Circle3,1,1,18,3,2,854,32,6.0,100,UP,711,18.0,true,7652,6688,4769,460,504,-1,2,1,UP,1.0,0.0,601.0,566.0,1151.0,1080.0,1661.0,4.331,
14,MOOSE,Circle3,1,1,19,3,3,854,32,3.0,300,DOWN,436,18.0,true,10422,9897,2432,493,32,0,1,1,UP,1.0,2.198,539.544,502.0,1054.689,1080.0,1661.0,4.331,
14,MOOSE,Circle3,1,1,20,3,4,854,32,6.0,50,DOWN,613,18.0,true,4627,3969,2737,170,488,-1,1,1,DOWN,1.0,65.0,541.0,507.0,1003.0,1080.0,1661.0,4.331,
14,MOOSE,Circle3,1,1,21,3,5,854,32,3.0,100,UP,265,18.0,true,5149,4272,1615,401,476,0,2,1,DOWN,1.0,31.687,585.0,472.729,1160.0,1080.0,1661.0,4.331,
14,MOOSE,Circle3,1,1,22,3,6,854,32,3.0,50,UP,775,18.0,true,6062,4913,2193,519,630,0,2,2,DOWN,1.0,134.0,558.604,450.0,938.0,1080.0,1661.0,4.331,
14,MOOSE,Circle3,1,1,23,3,7,854,32,6.0,200,DOWN,465,18.0,true,7711,6689,3121,437,585,0,3,1,UP,1.0,131.676,481.0,543.0,885.326,1080.0,1661.0,4.331,
14,MOOSE,Circle3,1,1,24,3,8,854,32,3.0,200,DOWN,639,18.0,true,12917,11937,3105,339,641,0,3,3,DOWN,1.0,104.539,485.0,647.001,1105.0,1080.0,1661.0,4.331,
14,MOOSE,Circle3,1,1,25,4,1,854,32,6.0,50,UP,781,18.0,true,7767,4209,1953,1118,2440,-1,1,1,UP,1.0,235.282,477.0,525.0,861.0,1080.0,1661.0,4.331,
14,MOOSE,Circle3,1,1,26,4,2,854,32,6.0,200,UP,430,18.0,true,8953,8080,2801,280,593,0,1,1,UP,1.0,138.0,633.712,664.0,1147.726,1080.0,1661.0,4.331,
14,MOOSE,Circle3,1,1,27,4,3,854,32,6.0,300,DOWN,377,18.0,true,10416,9776,3089,100,540,-1,2,1,UP,1.0,25.825,583.0,551.827,1113.413,1080.0,1661.0,4.331,
14,MOOSE,Circle3,1,1,28,4,4,854,32,3.0,200,UP,628,18.0,true,16419,14656,10624,710,1053,0,3,1,DOWN,1.0,178.654,651.283,632.705,1447.033,1080.0,1661.0,4.331,
14,MOOSE,Circle3,1,1,29,4,5,854,32,3.0,300,UP,391,18.0,true,15097,14047,6191,425,625,0,4,2,UP,1.0,98.08,851.162,761.289,1438.0,1080.0,1661.0,4.331,
14,MOOSE,Circle3,1,1,30,4,6,854,32,3.0,100,DOWN,452,18.0,true,6472,5503,2416,471,498,0,2,3,UP,1.0,90.297,772.295,556.0,1248.0,1080.0,1661.0,4.331,
14,MOOSE,Circle3,1,1,31,4,7,854,32,6.0,100,DOWN,558,18.0,true,4525,3713,2193,202,610,0,2,1,UP,1.0,87.564,744.622,621.675,1224.681,1080.0,1661.0,4.331,
14,MOOSE,Circle3,1,1,32,4,8,854,32,3.0,50,DOWN,804,18.0,true,3824,3041,2128,358,425,0,2,1,DOWN,1.0,177.314,780.0,424.291,1070.0,1080.0,1661.0,4.331,
14,MOOSE,Circle3,1,2,1,1,1,854,32,3.0,100,UP,731,18.0,true,10919,8817,5664,1306,796,0,2,1,UP,1.0,215.269,734.0,1049.0,1549.0,1080.0,1661.0,4.331,
14,MOOSE,Circle3,1,2,2,1,2,854,32,6.0,50,DOWN,336,18.0,true,3536,2129,1297,429,978,1,1,1,DOWN,1.0,453.0,650.5,697.432,922.278,1080.0,1661.0,4.331,
14,MOOSE,Circle3,1,2,3,1,3,854,32,3.0,50,UP,549,18.0,true,12157,11441,9761,232,484,0,6,1,DOWN,1.0,314.285,629.0,637.0,1040.0,1080.0,1661.0,4.331,
14,MOOSE,Circle3,1,2,4,1,4,854,32,3.0,300,DOWN,596,18.0,true,10735,9856,1696,297,582,0,1,1,UP,1.0,108.0,585.633,705.668,1196.676,1080.0,1661.0,4.331,
14,MOOSE,Circle3,1,2,5,1,5,854,32,6.0,300,UP,112,18.0,true,13761,13056,3745,255,450,0,4,2,DOWN,1.0,0.0,803.0,702.699,1265.599,1080.0,1661.0,4.331,
14,MOOSE,Circle3,1,2,6,1,6,854,32,3.0,200,DOWN,702,18.0,false,11763,6270,2430,4914,579,702,0,1,UP,1.0,138.281,628.0,690.0,1144.699,1080.0,1661.0,4.331,
14,MOOSE,Circle3,1,2,7,1,6,854,32,3.0,200,DOWN,815,18.0,true,8354,6944,2767,712,698,0,1,1,DOWN,1.0,123.544,572.294,656.713,1099.431,1080.0,1661.0,4.331,
14,MOOSE,Circle3,1,2,8,1,7,854,32,6.0,200,DOWN,414,18.0,true,8573,7824,1856,259,490,0,1,1,DOWN,1.0,56.0,684.566,569.276,1147.55,1080.0,1661.0,4.331,
14,MOOSE,Circle3,1,2,9,1,8,854,32,6.0,100,UP,53,18.0,true,6741,6048,3599,355,338,-1,1,1,DOWN,1.0,19.0,787.0,476.274,1346.0,1080.0,1661.0,4.331,
14,MOOSE,Circle3,1,2,10,2,1,854,32,3.0,100,DOWN,829,18.0,true,4414,2944,1360,470,1000,0,1,1,DOWN,1.0,20.741,597.714,614.436,1067.0,1080.0,1661.0,4.331,
14,MOOSE,Circle3,1,2,11,2,2,854,32,6.0,50,UP,476,18.0,true,4638,3697,1985,376,565,-1,1,1,DOWN,1.0,140.266,826.0,390.283,1063.0,1080.0,1661.0,4.331,
14,MOOSE,Circle3,1,2,12,2,3,854,32,3.0,50,DOWN,195,18.0,true,6235,5153,3249,345,737,0,2,1,UP,1.0,232.0,663.731,585.0,1076.5,1080.0,1661.0,4.331,
14,MOOSE,Circle3,1,2,13,2,4,854,32,6.0,300,DOWN,666,18.0,true,9817,9008,2831,255,554,0,2,1,DOWN,1.0,14.954,686.379,578.289,1284.688,1080.0,1661.0,4.331,
14,MOOSE,Circle3,1,2,14,2,5,854,32,6.0,200,UP,25,18.0,true,8465,7840,4433,234,391,-2,5,1,DOWN,1.0,73.465,597.0,680.966,1258.279,1080.0,1661.0,4.331,
14,MOOSE,Circle3,1,2,15,2,6,854,32,3.0,200,UP,255,18.0,true,6976,5905,1856,487,584,0,1,1,UP,1.0,0.0,601.0,482.0,1161.0,1080.0,1661.0,4.331,
14,MOOSE,Circle3,1,2,16,2,7,854,32,6.0,100,DOWN,725,18.0,true,4695,3952,1392,349,394,0,1,1,DOWN,1.0,151.0,608.0,617.703,1144.0,1080.0,1661.0,4.331,
14,MOOSE,Circle3,1,2,17,2,8,854,32,3.0,300,UP,61,18.0,true,8140,7441,2033,358,341,0,2,2,DOWN,1.0,33.242,765.966,576.116,1342.479,1080.0,1661.0,4.331,
14,MOOSE,Circle3,1,2,18,3,1,854,32,6.0,100,UP,568,18.0,true,10122,8959,2592,133,1030,0,2,2,UP,1.0,169.292,946.465,565.0,1279.0,1080.0,1661.0,4.331,
14,MOOSE,Circle3,1,2,19,3,2,854,32,6.0,200,DOWN,742,18.0,true,5046,4112,881,302,632,-1,1,1,DOWN,1.0,192.605,796.862,653.0,1187.0,1080.0,1661.0,4.331,
14,MOOSE,Circle3,1,2,20,3,3,854,32,6.0,300,UP,510,18.0,true,7513,6769,1217,332,412,0,1,1,DOWN,1.0,16.245,871.566,643.967,1374.0,1080.0,1661.0,4.331,
14,MOOSE,Circle3,1,2,21,3,4,854,32,3.0,50,DOWN,787,18.0,true,2859,1440,336,1046,373,0,0,1,UP,1.0,94.0,931.0,462.402,1233.413,1080.0,1661.0,4.331,
14,MOOSE,Circle3,1,2,22,3,5,854,32,3.0,300,UP,225,18.0,true,12860,12336,6689,180,344,-1,7,2,DOWN,1.0,0.0,946.596,539.0,1482.0,1080.0,1661.0,4.331,
14,MOOSE,Circle3,1,2,23,3,6,854,32,3.0,200,UP,251,18.0,true,9919,8848,5184,334,737,0,7,1,UP,1.0,73.0,994.32,610.581,1505.0,1080.0,1661.0,4.331,
14,MOOSE,Circle3,1,2,24,3,7,854,32,6.0,50,DOWN,723,18.0,true,6185,5169,3873,325,691,0,1,1,UP,1.0,229.0,1020.0,475.0,1383.5,1080.0,1661.0,4.331,
14,MOOSE,Circle3,1,2,25,3,8,854,32,3.0,100,DOWN,209,18.0,true,5943,5570,2959,343,30,0,1,1,UP,1.0,163.0,985.692,528.084,1384.0,1080.0,1661.0,4.331,
14,MOOSE,Circle3,1,2,26,4,1,854,32,3.0,300,DOWN,803,18.0,true,9393,7936,2288,418,1039,0,1,1,DOWN,1.0,109.273,817.588,748.646,1427.0,1080.0,1661.0,4.331,
14,MOOSE,Circle3,1,2,27,4,2,854,32,6.0,50,UP,58,18.0,true,3821,2400,1568,444,977,0,1,1,UP,1.0,371.723,904.0,687.448,1355.0,1080.0,1661.0,4.331,
14,MOOSE,Circle3,1,2,28,4,3,854,32,3.0,200,DOWN,311,18.0,true,7633,6848,2655,377,408,0,1,1,UP,1.0,109.722,830.0,732.465,1571.0,1080.0,1661.0,4.331,
14,MOOSE,Circle3,1,2,29,4,4,854,32,3.0,50,UP,531,18.0,true,4347,3679,2448,130,538,0,2,1,DOWN,1.0,199.359,1109.0,526.329,1575.351,1080.0,1661.0,4.331,
14,MOOSE,Circle3,1,2,30,4,5,854,32,6.0,100,DOWN,835,18.0,true,3960,3279,1216,181,500,-1,1,1,UP,1.0,274.0,1020.316,674.622,1435.0,1080.0,1661.0,4.331,
14,MOOSE,Circle3,1,2,31,4,6,854,32,3.0,100,UP,664,18.0,true,10282,9551,2768,238,493,0,5,2,DOWN,1.0,112.0,1072.283,664.674,1583.0,1080.0,1661.0,4.331,
14,MOOSE,Circle3,1,2,32,4,7,854,32,6.0,300,DOWN,623,18.0,true,8337,7136,1551,594,607,1,1,1,UP,1.0,92.0,1030.319,649.383,1643.336,1080.0,1661.0,4.331,
14,MOOSE,Circle3,1,2,33,4,8,854,32,6.0,200,UP,302,18.0,true,7231,6160,3121,487,584,0,2,1,DOWN,1.0,40.0,1126.661,507.688,1645.0,1080.0,1661.0,4.331,
14,MOOSE,Circle3,1,3,1,1,1,854,32,3.0,50,UP,735,18.0,true,4862,2673,1137,943,1246,1,1,1,UP,1.0,241.0,406.0,570.0,869.0,1080.0,1661.0,4.331,
14,MOOSE,Circle3,1,3,2,1,2,854,32,3.0,100,DOWN,607,18.0,true,4758,3809,1744,461,488,0,1,1,UP,2.0,71.0,256.742,985.0,1919.0,1080.0,1661.0,4.331,
14,MOOSE,Circle3,1,3,3,1,3,854,32,6.0,300,UP,159,18.0,true,8510,7793,2881,334,383,0,1,1,DOWN,1.0,45.75,522.293,557.431,911.827,1080.0,1661.0,4.331,
14,MOOSE,Circle3,1,3,4,1,4,854,32,6.0,100,DOWN,414,18.0,true,3567,2785,1185,311,471,-1,1,1,UP,1.0,79.577,544.712,412.277,859.0,1080.0,1661.0,4.331,
14,MOOSE,Circle3,1,3,5,1,5,854,32,3.0,300,DOWN,335,18.0,true,9092,8192,2928,365,535,-1,3,1,DOWN,2.0,0.0,488.439,598.0,1375.0,1080.0,1661.0,4.331,
14,MOOSE,Circle3,1,3,6,1,6,854,32,3.0,200,UP,606,18.0,true,5440,4640,1440,340,460,0,1,1,DOWN,1.0,35.746,580.23,583.778,1042.0,1080.0,1661.0,4.331,
14,MOOSE,Circle3,1,3,7,1,7,854,32,6.0,50,UP,251,18.0,true,2904,2241,1137,164,499,0,1,1,DOWN,1.0,211.0,728.0,430.455,974.0,1080.0,1661.0,4.331,
14,MOOSE,Circle3,1,3,8,1,8,854,32,6.0,200,DOWN,613,18.0,true,4781,3952,592,292,537,0,1,1,DOWN,1.0,77.111,572.687,506.18,936.667,1080.0,1661.0,4.331,
14,MOOSE,Circle3,1,3,9,2,1,854,32,6.0,300,DOWN,553,18.0,true,7506,6448,961,207,851,0,1,1,DOWN,1.0,75.0,375.733,671.525,860.0,1080.0,1661.0,4.331,
14,MOOSE,Circle3,1,3,10,2,2,854,32,6.0,200,UP,595,18.0,true,5532,4815,912,291,426,0,1,1,DOWN,1.0,0.0,544.555,483.28,969.295,1080.0,1661.0,4.331,
14,MOOSE,Circle3,1,3,11,2,3,854,32,3.0,50,DOWN,209,18.0,true,5666,3936,3312,1163,567,1,2,1,DOWN,1.0,127.354,659.327,372.5,1036.0,1080.0,1661.0,4.331,
14,MOOSE,Circle3,1,3,12,2,4,854,32,6.0,100,UP,543,18.0,true,6216,5073,2897,545,598,-1,1,2,UP,1.0,73.72,703.708,380.0,976.0,1080.0,1661.0,4.331,
14,MOOSE,Circle3,1,3,13,2,5,854,32,3.0,100,UP,421,18.0,true,11282,9680,5617,1021,581,1,6,2,UP,1.0,86.52,471.0,439.542,922.727,1080.0,1661.0,4.331,
14,MOOSE,Circle3,1,3,14,2,6,854,32,3.0,300,UP,368,18.0,true,12552,11471,6832,464,617,0,2,1,UP,1.0,23.743,499.881,534.43,855.0,1080.0,1661.0,4.331,
14,MOOSE,Circle3,1,3,15,2,7,854,32,6.0,50,DOWN,515,18.0,true,4274,2449,1216,1399,426,-1,1,1,UP,1.0,152.0,536.0,372.906,834.5,1080.0,1661.0,4.331,
14,MOOSE,Circle3,1,3,16,2,8,854,32,3.0,200,DOWN,763,18.0,false,6135,5568,2065,150,417,-4,1,1,UP,1.0,80.613,325.601,666.048,790.0,1080.0,1661.0,4.331,
14,MOOSE,Circle3,1,3,17,2,8,854,32,3.0,200,DOWN,478,18.0,true,7472,5825,2305,710,937,0,1,1,DOWN,1.0,37.542,369.304,536.831,852.69,1080.0,1661.0,4.331,
14,MOOSE,Circle3,1,3,18,3,1,854,32,3.0,50,UP,189,18.0,true,4838,3649,2800,306,883,0,2,1,UP,1.0,33.0,422.0,614.281,1221.0,1080.0,1661.0,4.331,
14,MOOSE,Circle3,1,3,19,3,2,854,32,6.0,50,DOWN,145,18.0,true,5424,4529,2448,463,432,-1,1,2,UP,1.0,37.287,620.0,464.0,1109.0,1080.0,1661.0,4.331,
14,MOOSE,Circle3,1,3,20,3,3,854,32,3.0,100,DOWN,244,18.0,true,5205,4256,2144,620,329,0,1,1,DOWN,1.0,196.0,608.63,537.324,1086.5,1080.0,1661.0,4.331,
14,MOOSE,Circle3,1,3,21,3,4,854,32,3.0,300,UP,202,18.0,true,7864,6784,1520,676,404,0,1,1,DOWN,1.0,0.0,681.399,635.294,1251.734,1080.0,1661.0,4.331,
14,MOOSE,Circle3,1,3,22,3,5,854,32,6.0,200,DOWN,817,18.0,true,7486,6320,2305,665,501,0,2,1,UP,1.0,49.0,405.543,674.282,1023.734,1080.0,1661.0,4.331,
14,MOOSE,Circle3,1,3,23,3,6,854,32,3.0,200,UP,467,18.0,true,11711,10848,6591,447,416,1,3,1,DOWN,1.0,126.0,479.575,690.101,1170.0,1080.0,1661.0,4.331,
14,MOOSE,Circle3,1,3,24,3,7,854,32,6.0,300,DOWN,464,18.0,true,9285,8431,2191,340,514,-1,1,1,DOWN,1.0,41.799,434.331,619.015,1048.638,1080.0,1661.0,4.331,
14,MOOSE,Circle3,1,3,25,3,8,854,32,6.0,100,UP,256,18.0,true,4236,3601,1760,600,35,1,1,1,UP,1.0,208.0,537.512,529.681,899.726,1080.0,1661.0,4.331,
14,MOOSE,Circle3,1,3,26,4,1,854,32,6.0,200,UP,579,18.0,true,7432,6032,1423,458,942,-1,1,1,UP,1.0,101.0,371.0,728.286,1086.509,1080.0,1661.0,4.331,
14,MOOSE,Circle3,1,3,27,4,2,854,32,6.0,300,UP,52,18.0,true,10134,9248,2217,362,524,0,3,2,UP,1.0,5.278,560.917,562.703,1064.317,1080.0,1661.0,4.331,
14,MOOSE,Circle3,1,3,28,4,3,854,32,3.0,50,DOWN,833,18.0,true,3216,2319,1072,532,365,0,1,1,UP,1.0,263.315,448.616,645.654,791.34,1080.0,1661.0,4.331,
14,MOOSE,Circle3,1,3,29,4,4,854,32,6.0,50,UP,708,18.0,true,5044,4449,3185,290,305,-1,3,1,DOWN,1.0,321.29,495.0,693.931,832.714,1080.0,1661.0,4.331,
14,MOOSE,Circle3,1,3,30,4,5,854,32,3.0,200,DOWN,791,18.0,true,11068,9936,6081,467,665,0,4,1,DOWN,1.0,273.281,438.571,807.712,834.29,1080.0,1661.0,4.331,
14,MOOSE,Circle3,1,3,31,4,6,854,32,3.0,100,UP,709,18.0,true,20464,19978,5615,460,26,0,5,3,UP,1.0,293.613,489.0,777.0,951.0,1080.0,1661.0,4.331,
14,MOOSE,Circle3,1,3,32,4,7,854,32,3.0,300,DOWN,803,18.0,true,14260,13360,1519,342,558,0,2,3,DOWN,1.0,120.427,371.382,782.279,877.919,1080.0,1661.0,4.331,
14,MOOSE,Circle3,1,3,33,4,8,854,32,6.0,100,DOWN,808,18.0,true,4164,3664,1296,7,493,-1,1,1,DOWN,1.0,27.604,509.63,540.0,883.0,1080.0,1661.0,4.331,
14,MOOSE,Circle3,1,4,1,1,1,854,32,6.0,200,DOWN,542,18.0,true,7511,6033,2481,475,1003,0,1,1,DOWN,2.0,21.0,415.0,770.552,1919.0,1080.0,1661.0,4.331,
14,MOOSE,Circle3,1,4,2,1,2,854,32,6.0,50,UP,13,18.0,false,13478,12559,12016,522,397,-3,0,1,DOWN,1.0,121.0,544.359,729.0,1194.0,1080.0,1661.0,4.331,
14,MOOSE,Circle3,1,4,3,1,2,854,32,6.0,100,DOWN,700,18.0,true,4734,3904,1809,286,544,0,1,1,DOWN,1.0,238.301,514.315,674.0,980.701,1080.0,1661.0,4.331,
14,MOOSE,Circle3,1,4,4,1,3,854,32,3.0,100,UP,446,18.0,true,4635,4183,913,413,39,0,1,1,UP,1.0,197.55,538.273,684.27,1073.0,1080.0,1661.0,4.331,
14,MOOSE,Circle3,1,4,5,1,4,854,32,6.0,50,UP,429,18.0,true,3942,3424,1136,249,269,0,1,1,DOWN,1.0,94.732,636.435,536.278,1139.293,1080.0,1661.0,4.331,
14,MOOSE,Circle3,1,4,6,1,5,854,32,3.0,50,UP,477,18.0,true,10759,9889,9057,496,374,-1,5,1,UP,1.0,90.0,431.0,574.658,1045.316,1080.0,1661.0,4.331,
14,MOOSE,Circle3,1,4,7,1,6,854,32,3.0,200,DOWN,341,18.0,true,7611,6720,1649,497,394,0,1,1,DOWN,1.0,112.65,401.332,743.716,959.305,1080.0,1661.0,4.331,
14,MOOSE,Circle3,1,4,8,1,7,854,32,6.0,300,UP,65,18.0,true,10502,9856,3744,285,361,1,2,1,DOWN,1.0,23.0,502.0,664.0,1130.645,1080.0,1661.0,4.331,
14,MOOSE,Circle3,1,4,9,1,8,854,32,3.0,300,DOWN,490,18.0,true,10864,9872,1792,623,369,0,3,2,DOWN,1.0,45.631,595.98,677.397,1179.0,1080.0,1661.0,4.331,
14,MOOSE,Circle3,1,4,10,2,1,854,32,3.0,300,UP,236,18.0,true,7355,6304,2001,142,909,0,1,1,UP,1.0,129.708,680.0,648.632,1228.0,1080.0,1661.0,4.331,
14,MOOSE,Circle3,1,4,11,2,2,854,32,3.0,200,UP,165,18.0,true,5442,5068,1649,330,44,0,1,1,UP,1.0,4.502,679.0,595.467,1133.0,1080.0,1661.0,4.331,
14,MOOSE,Circle3,1,4,12,2,3,854,32,3.0,100,DOWN,242,18.0,true,7038,6193,1281,353,492,0,1,3,UP,1.0,48.698,637.533,507.703,1067.0,1080.0,1661.0,4.331,
14,MOOSE,Circle3,1,4,13,2,4,854,32,6.0,50,DOWN,458,18.0,true,4423,3169,1857,744,510,0,1,1,DOWN,1.0,280.63,697.0,551.0,972.0,1080.0,1661.0,4.331,
14,MOOSE,Circle3,1,4,14,2,5,854,32,3.0,50,DOWN,837,18.0,true,2982,2337,1456,107,538,1,1,1,DOWN,1.0,176.0,477.0,721.0,903.0,1080.0,1661.0,4.331,
14,MOOSE,Circle3,1,4,15,2,6,854,32,6.0,200,UP,287,18.0,true,6132,4992,1632,389,751,0,2,1,UP,1.0,51.943,591.0,581.436,1108.0,1080.0,1661.0,4.331,
14,MOOSE,Circle3,1,4,16,2,7,854,32,6.0,100,UP,717,18.0,true,6821,5792,4144,510,519,0,2,1,DOWN,1.0,107.708,625.68,562.0,1127.5,1080.0,1661.0,4.331,
14,MOOSE,Circle3,1,4,17,2,8,854,32,6.0,300,DOWN,313,18.0,true,7835,7120,2367,153,562,0,2,1,DOWN,1.0,36.392,617.731,602.37,1188.0,1080.0,1661.0,4.331,
14,MOOSE,Circle3,1,4,18,3,1,854,32,6.0,300,DOWN,613,18.0,true,10997,9649,4177,294,1054,-1,2,1,DOWN,1.0,0.0,528.0,726.949,1137.0,1080.0,1661.0,4.331,
14,MOOSE,Circle3,1,4,19,3,2,854,32,3.0,100,DOWN,155,18.0,true,8891,7984,2608,328,579,0,2,2,DOWN,1.0,187.0,772.614,602.0,1162.0,1080.0,1661.0,4.331,
14,MOOSE,Circle3,1,4,20,3,3,854,32,6.0,50,DOWN,149,18.0,true,4908,4016,591,520,372,0,2,2,DOWN,1.0,248.305,762.628,666.0,1083.0,1080.0,1661.0,4.331,
14,MOOSE,Circle3,1,4,21,3,4,854,32,3.0,300,UP,473,18.0,false,16124,12646,4701,3228,250,473,4,2,DOWN,1.0,4.08,709.692,612.689,1278.0,1080.0,1661.0,4.331,
14,MOOSE,Circle3,1,4,22,3,4,854,32,3.0,50,UP,491,18.0,true,4132,3312,2129,167,653,0,1,1,DOWN,1.0,157.0,726.0,556.0,1054.694,1080.0,1661.0,4.331,
14,MOOSE,Circle3,1,4,23,3,5,854,32,6.0,200,DOWN,721,18.0,true,7835,6976,3408,324,535,0,1,1,DOWN,1.0,120.0,640.519,571.0,1044.409,1080.0,1661.0,4.331,
14,MOOSE,Circle3,1,4,24,3,6,854,32,3.0,300,UP,452,18.0,true,9434,8641,2352,251,542,0,2,1,DOWN,1.0,14.615,643.0,582.31,1256.0,1080.0,1661.0,4.331,
14,MOOSE,Circle3,1,4,25,3,7,854,32,3.0,200,UP,121,18.0,true,8000,7104,4095,566,330,0,1,1,DOWN,1.0,21.722,767.327,599.963,1201.0,1080.0,1661.0,4.331,
14,MOOSE,Circle3,1,4,26,3,8,854,32,6.0,100,UP,736,18.0,true,3840,3039,1214,250,551,0,1,1,DOWN,1.0,90.714,757.0,423.0,1084.716,1080.0,1661.0,4.331,
14,MOOSE,Circle3,1,4,27,4,1,854,32,6.0,100,DOWN,654,18.0,true,4492,3265,768,111,1116,-2,1,1,UP,1.0,154.182,570.659,758.0,1041.344,1080.0,1661.0,4.331,
14,MOOSE,Circle3,1,4,28,4,2,854,32,6.0,300,UP,497,18.0,true,11483,11049,1728,387,47,0,2,2,UP,1.0,0.0,656.641,667.0,1208.0,1080.0,1661.0,4.331,
14,MOOSE,Circle3,1,4,29,4,3,854,32,6.0,200,UP,198,18.0,true,6234,5484,1904,710,40,0,1,1,UP,1.0,0.293,757.349,453.175,1110.0,1080.0,1661.0,4.331,
14,MOOSE,Circle3,1,4,30,4,4,854,32,3.0,300,DOWN,443,18.0,true,9375,8592,2432,463,320,0,2,1,UP,1.0,54.0,644.405,664.275,1437.467,1080.0,1661.0,4.331,
14,MOOSE,Circle3,1,4,31,4,5,854,32,6.0,50,UP,780,18.0,true,4875,4128,2543,462,285,0,1,1,DOWN,1.0,112.0,1093.0,581.0,1508.0,1080.0,1661.0,4.331,
14,MOOSE,Circle3,1,4,32,4,6,854,32,3.0,50,DOWN,412,18.0,true,2235,1473,561,473,289,0,1,1,UP,1.0,157.0,1069.0,521.288,1398.0,1080.0,1661.0,4.331,
14,MOOSE,Circle3,1,4,33,4,7,854,32,3.0,200,DOWN,375,18.0,true,6182,5774,2111,96,312,0,1,1,DOWN,1.0,110.821,950.509,705.0,1416.0,1080.0,1661.0,4.331,
14,MOOSE,Circle3,1,4,34,4,8,854,32,3.0,100,UP,302,18.0,true,4164,3688,1519,446,30,0,2,1,UP,1.0,238.0,956.648,745.321,1421.0,1080.0,1661.0,4.331,
14,MOOSE,Drag,2,2,1,1,1,854,32,3.0,50,DOWN,790,18.0,true,6332,4144,2625,994,1194,0,1,1,DOWN,1.0,296.0,265.0,568.0,916.0,1080.0,1661.0,4.331,
14,MOOSE,Drag,2,2,2,1,2,854,32,3.0,300,DOWN,386,18.0,true,9329,8142,1248,356,831,0,2,1,DOWN,2.0,215.0,312.0,614.0,1915.431,1080.0,1661.0,4.331,
14,MOOSE,Drag,2,2,3,1,3,854,32,6.0,300,UP,258,18.0,true,9843,8656,945,713,474,0,1,1,DOWN,1.0,259.0,64.5,725.0,1251.0,1080.0,1661.0,4.331,
14,MOOSE,Drag,2,2,4,1,4,854,32,6.0,200,UP,61,18.0,true,12717,11536,5585,353,828,0,1,1,DOWN,2.0,157.0,64.5,959.0,1008.0,1080.0,1661.0,4.331,
14,MOOSE,Drag,2,2,5,1,5,854,32,3.0,200,DOWN,642,18.0,true,8354,7073,1616,602,679,0,1,1,DOWN,1.0,166.0,325.0,488.0,1375.0,1080.0,1661.0,4.331,
14,MOOSE,Drag,2,2,6,1,6,854,32,3.0,100,UP,625,18.0,true,6417,4639,1776,1085,693,0,1,1,DOWN,1.0,275.511,237.0,508.0,1048.5,1080.0,1661.0,4.331,
14,MOOSE,Drag,2,2,7,1,7,854,32,6.0,50,DOWN,624,18.0,true,4173,2626,1200,747,800,0,1,1,DOWN,1.0,351.638,555.0,424.0,1117.0,1080.0,1661.0,4.331,
14,MOOSE,Drag,2,2,8,1,8,854,32,6.0,100,UP,236,18.0,true,6476,5521,2976,278,677,0,1,1,UP,1.0,294.0,155.5,479.0,1017.0,1080.0,1661.0,4.331,
14,MOOSE,Drag,2,2,9,2,1,854,32,3.0,50,UP,539,18.0,true,3646,3613,2688,25,8,0,1,1,UP,1.0,275.0,393.0,415.0,1154.0,1080.0,1661.0,4.331,
14,MOOSE,Drag,2,2,10,2,2,854,32,6.0,50,UP,54,18.0,true,4861,3841,1600,263,757,0,1,1,UP,1.0,364.0,327.0,534.0,797.0,1080.0,1661.0,4.331,
14,MOOSE,Drag,2,2,11,2,3,854,32,6.0,200,DOWN,414,18.0,true,9180,7679,1248,454,1047,0,1,1,DOWN,1.0,223.0,377.0,401.0,1289.5,1080.0,1661.0,4.331,
14,MOOSE,Drag,2,2,12,2,4,854,32,6.0,100,DOWN,804,18.0,true,4907,4015,1503,381,511,-1,1,1,DOWN,1.0,181.0,588.0,264.0,1348.0,1080.0,1661.0,4.331,
14,MOOSE,Drag,2,2,13,2,5,854,32,3.0,100,DOWN,663,18.0,true,5573,4657,2193,389,527,0,2,1,DOWN,1.0,127.0,659.0,287.0,1369.0,1080.0,1661.0,4.331,
14,MOOSE,Drag,2,2,14,2,6,854,32,3.0,200,UP,265,18.0,true,9541,8448,1985,379,714,0,1,1,UP,1.0,146.437,406.0,445.0,1227.0,1080.0,1661.0,4.331,
14,MOOSE,Drag,2,2,15,2,7,854,32,6.0,300,DOWN,555,18.0,true,9807,8896,2160,294,617,0,1,1,DOWN,1.0,79.0,521.0,355.0,1411.0,1080.0,1661.0,4.331,
14,MOOSE,Drag,2,2,16,2,8,854,32,3.0,300,UP,481,18.0,true,13811,12896,2192,202,713,0,1,1,UP,1.0,186.0,45.0,488.0,1313.0,1080.0,1661.0,4.331,
14,MOOSE,Drag,2,2,17,3,1,854,32,6.0,100,UP,617,18.0,true,6050,4368,1103,901,781,0,1,1,DOWN,1.0,122.662,162.0,420.0,1295.0,1080.0,1661.0,4.331,
14,MOOSE,Drag,2,2,18,3,2,854,32,6.0,200,UP,593,18.0,true,8364,7777,2768,559,28,0,1,1,UP,1.0,35.518,15.0,378.0,1277.0,1080.0,1661.0,4.331,
14,MOOSE,Drag,2,2,19,3,3,854,32,6.0,300,DOWN,696,18.0,true,9631,8848,2001,208,575,0,1,1,UP,1.0,193.0,120.5,396.0,1456.0,1080.0,1661.0,4.331,
14,MOOSE,Drag,2,2,20,3,4,854,32,3.0,300,DOWN,716,18.0,true,9174,8208,1831,437,529,0,1,1,DOWN,1.0,181.0,775.0,433.0,1685.0,1080.0,1661.0,4.331,
14,MOOSE,Drag,2,2,21,3,5,854,32,3.0,50,UP,326,18.0,true,3531,2545,1249,556,430,0,1,1,DOWN,1.0,281.0,358.0,543.0,1063.0,1080.0,1661.0,4.331,
14,MOOSE,Drag,2,2,22,3,6,854,32,3.0,200,DOWN,409,18.0,true,7623,6543,1407,515,565,0,1,1,DOWN,1.0,222.0,492.0,478.0,1575.0,1080.0,1661.0,4.331,
14,MOOSE,Drag,2,2,23,3,7,854,32,3.0,100,UP,529,18.0,true,6513,5600,2818,279,634,0,1,1,DOWN,1.0,296.0,216.0,496.0,1118.0,1080.0,1661.0,4.331,
14,MOOSE,Drag,2,2,24,3,8,854,32,6.0,50,DOWN,820,18.0,true,4032,2785,1523,563,684,0,1,1,DOWN,1.0,238.0,583.0,387.0,1206.0,1080.0,1661.0,4.331,
14,MOOSE,Drag,2,2,25,4,1,854,32,3.0,50,DOWN,800,18.0,true,3428,2336,1472,290,802,0,1,1,DOWN,1.0,311.0,493.0,450.0,1314.0,1080.0,1661.0,4.331,
14,MOOSE,Drag,2,2,26,4,2,854,32,3.0,300,UP,48,18.0,true,10255,9328,1297,364,563,0,1,1,DOWN,1.0,197.0,60.5,659.0,1076.0,1080.0,1661.0,4.331,
14,MOOSE,Drag,2,2,27,4,3,854,32,3.0,200,UP,225,18.0,true,8345,7392,1567,396,557,0,1,1,UP,1.0,84.0,6.0,352.54,840.5,1080.0,1661.0,4.331,
14,MOOSE,Drag,2,2,28,4,4,854,32,6.0,100,DOWN,758,18.0,true,6046,4816,1520,548,682,0,1,1,DOWN,1.0,100.0,444.0,319.0,1139.5,1080.0,1661.0,4.331,
14,MOOSE,Drag,2,2,29,4,5,854,32,3.0,100,DOWN,572,18.0,true,6518,5792,1761,51,675,0,1,1,DOWN,1.0,229.5,581.0,501.0,1202.0,1080.0,1661.0,4.331,
14,MOOSE,Drag,2,2,30,4,6,854,32,6.0,200,DOWN,561,18.0,true,7285,6480,1361,246,559,0,1,1,DOWN,1.0,185.0,673.0,395.521,1553.0,1080.0,1661.0,4.331,
14,MOOSE,Drag,2,2,31,4,7,854,32,6.0,300,UP,127,18.0,true,8753,7839,1727,473,441,0,2,1,DOWN,1.0,207.0,2.0,519.0,1462.0,1080.0,1661.0,4.331,
14,MOOSE,Drag,2,2,32,4,8,854,32,6.0,50,UP,282,18.0,true,3518,2319,1152,568,631,0,1,1,DOWN,1.0,232.0,146.5,368.5,944.0,1080.0,1661.0,4.331,
14,MOOSE,iOS,2,1,1,1,1,854,32,6.0,300,UP,296,18.0,true,11930,9745,1888,477,1708,0,1,1,DOWN,2.0,18.0,13.0,491.0,1919.0,1080.0,1661.0,4.331,
14,MOOSE,iOS,2,1,2,1,2,854,32,6.0,200,DOWN,751,18.0,true,6823,5648,3181,404,771,0,2,2,DOWN,1.0,295.0,544.0,492.54,1562.0,1080.0,1661.0,4.331,
14,MOOSE,iOS,2,1,3,1,3,854,32,3.0,100,DOWN,605,18.0,true,6293,5392,1888,313,588,0,2,2,DOWN,1.0,310.0,770.0,538.484,1557.0,1080.0,1661.0,4.331,
14,MOOSE,iOS,2,1,4,1,4,854,32,3.0,300,UP,142,18.0,true,12643,11760,4081,237,646,0,2,1,DOWN,1.0,116.0,166.0,500.0,1642.0,1080.0,1661.0,4.331,
14,MOOSE,iOS,2,1,5,1,5,854,32,3.0,50,DOWN,284,18.0,true,5673,4768,3021,330,575,0,2,1,DOWN,1.0,206.0,855.0,279.0,1334.0,1080.0,1661.0,4.331,
14,MOOSE,iOS,2,1,6,1,6,854,32,3.0,200,UP,126,18.0,true,9494,8624,2573,255,615,0,2,1,DOWN,1.0,184.0,34.0,469.0,1372.0,1080.0,1661.0,4.331,
14,MOOSE,iOS,2,1,7,1,7,854,32,6.0,100,DOWN,632,18.0,true,8979,8112,2880,211,656,0,2,2,DOWN,1.0,132.0,501.0,414.0,1470.0,1080.0,1661.0,4.331,
14,MOOSE,iOS,2,1,8,1,8,854,32,6.0,50,UP,733,18.0,true,6359,5119,2205,430,810,-1,1,1,UP,1.0,65.0,315.0,299.0,1102.0,1080.0,1661.0,4.331,
14,MOOSE,iOS,2,1,9,2,1,854,32,3.0,50,UP,286,18.0,true,7943,6320,3137,269,1354,0,1,1,DOWN,1.0,179.0,368.0,494.0,996.0,1080.0,1661.0,4.331,
14,MOOSE,iOS,2,1,10,2,2,854,32,3.0,300,DOWN,592,18.0,true,10468,9665,3072,176,627,0,1,2,DOWN,1.0,141.0,384.0,423.0,1356.0,1080.0,1661.0,4.331,
14,MOOSE,iOS,2,1,11,2,3,854,32,6.0,200,UP,539,18.0,true,6467,6257,2826,181,29,0,1,1,UP,1.0,173.0,340.0,323.0,1091.0,1080.0,1661.0,4.331,
14,MOOSE,iOS,2,1,12,2,4,854,32,6.0,300,DOWN,555,18.0,true,5650,4545,1920,438,667,0,1,2,DOWN,1.0,216.0,455.0,355.0,1441.0,1080.0,1661.0,4.331,
14,MOOSE,iOS,2,1,13,2,5,854,32,6.0,50,DOWN,499,18.0,true,5251,4240,2733,427,584,0,2,1,DOWN,1.0,245.0,598.5,304.0,1271.0,1080.0,1661.0,4.331,
14,MOOSE,iOS,2,1,14,2,6,854,32,3.0,200,DOWN,421,18.0,true,4918,3663,1341,809,446,0,1,1,DOWN,1.0,161.0,648.0,341.0,1372.0,1080.0,1661.0,4.331,
14,MOOSE,iOS,2,1,15,2,7,854,32,6.0,100,UP,425,18.0,true,6239,5392,2684,286,561,0,1,1,DOWN,1.0,204.0,297.0,379.0,1212.0,1080.0,1661.0,4.331,
14,MOOSE,iOS,2,1,16,2,8,854,32,3.0,100,UP,385,18.0,true,5315,4511,2352,266,538,0,3,1,DOWN,1.0,177.516,486.0,383.0,1384.0,1080.0,1661.0,4.331,
14,MOOSE,iOS,2,1,17,3,1,854,32,6.0,200,UP,100,18.0,true,5902,4753,1207,312,837,0,1,1,DOWN,1.0,0.0,184.0,492.0,1184.0,1080.0,1661.0,4.331,
14,MOOSE,iOS,2,1,18,3,2,854,32,3.0,300,DOWN,529,18.0,true,6845,6000,1776,444,401,0,1,1,DOWN,1.0,135.0,538.0,317.0,1279.0,1080.0,1661.0,4.331,
14,MOOSE,iOS,2,1,19,3,3,854,32,3.0,50,UP,160,18.0,true,3530,2832,1091,89,609,0,1,1,UP,1.0,0.0,292.0,363.0,962.0,1080.0,1661.0,4.331,
14,MOOSE,iOS,2,1,20,3,4,854,32,3.0,100,DOWN,257,18.0,true,4744,3647,1744,596,501,0,1,1,DOWN,1.0,153.0,637.0,315.0,1224.0,1080.0,1661.0,4.331,
14,MOOSE,iOS,2,1,21,3,5,854,32,6.0,50,UP,713,18.0,true,3928,2799,1039,408,721,-1,1,1,UP,1.0,175.0,381.0,477.0,1059.0,1080.0,1661.0,4.331,
14,MOOSE,iOS,2,1,22,3,6,854,32,6.0,300,DOWN,616,18.0,true,6852,5856,2656,390,606,0,1,2,DOWN,1.0,213.0,323.0,382.0,1366.0,1080.0,1661.0,4.331,
14,MOOSE,iOS,2,1,23,3,7,854,32,6.0,100,DOWN,727,18.0,true,6466,5760,2304,251,455,0,2,2,DOWN,1.0,209.0,239.0,476.0,1242.0,1080.0,1661.0,4.331,
14,MOOSE,iOS,2,1,24,3,8,854,32,3.0,200,UP,163,18.0,true,9334,8609,2733,157,568,0,1,1,DOWN,1.0,75.466,286.0,341.0,1192.0,1080.0,1661.0,4.331,
14,MOOSE,iOS,2,1,25,4,1,854,32,3.0,300,UP,241,18.0,true,10331,8512,3866,315,1504,0,2,1,DOWN,1.0,154.409,313.0,454.0,1040.0,1080.0,1661.0,4.331,
14,MOOSE,iOS,2,1,26,4,2,854,32,6.0,100,UP,408,18.0,true,5915,4560,2490,435,920,0,2,1,UP,1.0,81.391,337.0,406.0,1147.0,1080.0,1661.0,4.331,
14,MOOSE,iOS,2,1,27,4,3,854,32,6.0,300,UP,270,18.0,true,8851,8144,2604,261,446,0,4,2,UP,1.0,90.269,252.0,396.0,1267.0,1080.0,1661.0,4.331,
14,MOOSE,iOS,2,1,28,4,4,854,32,3.0,50,DOWN,635,18.0,true,3248,2369,1301,230,649,0,1,1,DOWN,1.0,202.0,727.0,296.0,1284.0,1080.0,1661.0,4.331,
14,MOOSE,iOS,2,1,29,4,5,854,32,6.0,50,DOWN,541,18.0,true,3258,2756,1069,472,30,0,1,1,UP,1.0,177.0,778.0,305.0,1378.0,1080.0,1661.0,4.331,
14,MOOSE,iOS,2,1,30,4,6,854,32,3.0,200,DOWN,780,18.0,true,5095,4385,2097,297,413,0,2,1,DOWN,1.0,209.0,462.0,337.0,1390.0,1080.0,1661.0,4.331,
14,MOOSE,iOS,2,1,31,4,7,854,32,3.0,100,UP,84,18.0,true,4232,3313,1040,217,702,0,1,1,UP,1.0,102.484,317.0,370.0,1280.0,1080.0,1661.0,4.331,
14,MOOSE,iOS,2,1,32,4,8,854,32,6.0,200,DOWN,689,18.0,true,6005,5025,2333,310,670,0,2,1,DOWN,1.0,138.0,475.639,312.0,1310.0,1080.0,1661.0,4.331,
14,MOOSE,iOS,2,2,1,1,1,854,32,6.0,200,UP,369,18.0,true,9575,8049,2768,331,1195,0,1,1,DOWN,2.0,16.0,12.0,733.0,1920.5,1080.0,1661.0,4.331,
14,MOOSE,iOS,2,2,2,1,2,854,32,3.0,200,DOWN,837,18.0,true,3108,2095,538,369,644,0,1,1,DOWN,1.0,280.0,574.0,433.0,1274.0,1080.0,1661.0,4.331,
14,MOOSE,iOS,2,2,3,1,3,854,32,3.0,300,UP,427,18.0,true,5576,4815,1911,226,535,0,1,1,UP,1.0,141.0,37.0,625.0,1400.0,1080.0,1661.0,4.331,
14,MOOSE,iOS,2,2,4,1,4,854,32,6.0,300,DOWN,726,18.0,true,9552,8624,1790,139,789,0,1,2,DOWN,1.0,212.0,495.0,554.0,1503.0,1080.0,1661.0,4.331,
14,MOOSE,iOS,2,2,5,1,5,854,32,6.0,100,UP,448,18.0,true,5830,4657,2205,468,705,0,2,1,UP,1.0,174.0,400.5,516.0,1485.0,1080.0,1661.0,4.331,
14,MOOSE,iOS,2,2,6,1,6,854,32,6.0,50,UP,397,18.0,true,4427,3296,1472,437,694,0,1,1,UP,1.0,134.0,646.0,333.0,1258.0,1080.0,1661.0,4.331,
14,MOOSE,iOS,2,2,7,1,7,854,32,3.0,50,DOWN,313,18.0,true,3634,2769,1615,206,659,0,1,1,DOWN,1.0,133.0,946.0,256.0,1607.0,1080.0,1661.0,4.331,
14,MOOSE,iOS,2,2,8,1,8,854,32,3.0,100,DOWN,712,18.0,true,5646,4913,3168,220,513,0,1,1,DOWN,1.0,189.0,812.0,289.0,1574.0,1080.0,1661.0,4.331,
14,MOOSE,iOS,2,2,9,2,1,854,32,3.0,300,DOWN,518,18.0,true,5904,4960,2559,209,735,0,2,1,DOWN,1.0,182.0,459.0,501.607,1348.0,1080.0,1661.0,4.331,
14,MOOSE,iOS,2,2,10,2,2,854,32,3.0,50,UP,353,18.0,true,4080,3249,1726,345,486,0,1,1,DOWN,1.0,155.0,302.0,473.0,1124.0,1080.0,1661.0,4.331,
14,MOOSE,iOS,2,2,11,2,3,854,32,6.0,300,UP,25,18.0,true,6088,5439,1915,107,542,0,1,1,UP,1.0,106.045,267.0,520.5,1398.0,1080.0,1661.0,4.331,
14,MOOSE,iOS,2,2,12,2,4,854,32,6.0,100,DOWN,388,18.0,true,5235,3919,1919,251,1065,0,1,1,DOWN,1.0,416.0,691.0,557.52,1327.0,1080.0,1661.0,4.331,
14,MOOSE,iOS,2,2,13,2,5,854,32,3.0,200,UP,562,18.0,true,6252,5375,2284,141,736,0,1,1,UP,1.0,83.45,277.793,761.0,1213.0,1080.0,1661.0,4.331,
14,MOOSE,iOS,2,2,14,2,6,854,32,3.0,100,UP,733,18.0,true,6031,5072,2656,289,670,0,1,1,UP,1.0,246.0,225.0,494.0,1269.0,1080.0,1661.0,4.331,
14,MOOSE,iOS,2,2,15,2,7,854,32,6.0,50,DOWN,746,18.0,true,5059,4289,2497,203,567,0,2,1,DOWN,1.0,311.0,695.0,410.526,1346.0,1080.0,1661.0,4.331,
14,MOOSE,iOS,2,2,16,2,8,854,32,6.0,200,DOWN,605,18.0,true,5615,4816,2106,302,497,0,2,2,DOWN,1.0,245.0,701.0,433.0,1564.0,1080.0,1661.0,4.331,
14,MOOSE,iOS,2,2,17,3,1,854,32,6.0,200,UP,292,18.0,true,9632,8144,2274,176,1312,0,2,1,DOWN,1.0,161.882,331.0,651.0,1298.5,1080.0,1661.0,4.331,
14,MOOSE,iOS,2,2,18,3,2,854,32,3.0,50,DOWN,75,18.0,true,3691,3407,1453,239,45,0,1,1,UP,1.0,344.0,729.0,411.539,1378.0,1080.0,1661.0,4.331,
14,MOOSE,iOS,2,2,19,3,3,854,32,6.0,300,UP,157,18.0,true,7616,6433,1793,448,735,0,2,2,UP,1.0,260.0,242.0,564.0,1407.0,1080.0,1661.0,4.331,
14,MOOSE,iOS,2,2,20,3,4,854,32,3.0,100,UP,423,18.0,true,5979,5280,2699,187,512,0,1,1,DOWN,1.0,155.0,456.0,445.0,1318.0,1080.0,1661.0,4.331,
14,MOOSE,iOS,2,2,21,3,5,854,32,6.0,100,DOWN,729,18.0,true,7934,7169,5373,152,613,0,2,1,DOWN,1.0,244.677,579.0,370.0,1600.0,1080.0,1661.0,4.331,
14,MOOSE,iOS,2,2,22,3,6,854,32,3.0,200,DOWN,501,18.0,true,5710,5216,2203,106,388,0,1,1,DOWN,1.0,191.0,690.0,287.0,1548.0,1080.0,1661.0,4.331,
14,MOOSE,iOS,2,2,23,3,7,854,32,3.0,300,UP,162,18.0,true,10731,9664,2160,476,591,0,1,1,UP,1.0,182.0,349.0,507.0,1284.0,1080.0,1661.0,4.331,
14,MOOSE,iOS,2,2,24,3,8,854,32,6.0,50,DOWN,734,18.0,true,4044,2928,1503,461,655,0,1,1,DOWN,1.0,251.0,763.0,334.0,1431.0,1080.0,1661.0,4.331,
14,MOOSE,iOS,2,2,25,4,1,854,32,6.0,300,DOWN,378,18.0,true,8087,6672,3184,193,1222,0,1,1,DOWN,1.0,307.5,751.0,546.529,1497.0,1080.0,1661.0,4.331,
14,MOOSE,iOS,2,2,26,4,2,854,32,3.0,50,UP,178,18.0,true,3344,2672,1360,13,659,0,1,1,UP,1.0,231.0,695.0,442.0,1428.0,1080.0,1661.0,4.331,
14,MOOSE,iOS,2,2,27,4,3,854,32,6.0,50,UP,745,18.0,true,7039,6191,1887,415,433,0,2,2,DOWN,1.0,233.0,721.0,430.0,1474.0,1080.0,1661.0,4.331,
14,MOOSE,iOS,2,2,28,4,4,854,32,3.0,100,DOWN,272,18.0,true,4348,3649,1313,220,479,0,1,1,DOWN,1.0,304.0,857.0,389.0,1615.0,1080.0,1661.0,4.331,
14,MOOSE,iOS,2,2,29,4,5,854,32,3.0,300,DOWN,721,18.0,true,6044,5296,2530,330,418,0,2,1,DOWN,1.0,288.0,811.0,493.0,1694.0,1080.0,1661.0,4.331,
14,MOOSE,iOS,2,2,30,4,6,854,32,6.0,200,DOWN,812,18.0,true,6467,5648,1153,295,524,0,2,1,DOWN,1.0,107.0,859.0,375.0,1604.0,1080.0,1661.0,4.331,
14,MOOSE,iOS,2,2,31,4,7,854,32,3.0,200,UP,81,18.0,true,9481,8576,2267,132,773,0,2,2,UP,1.0,281.0,544.0,577.0,1684.0,1080.0,1661.0,4.331,
14,MOOSE,iOS,2,2,32,4,8,854,32,6.0,100,UP,167,18.0,true,6815,5920,3320,250,645,0,3,1,UP,1.0,210.0,605.0,545.0,1492.0,1080.0,1661.0,4.331,
14,MOOSE,iOS,2,3,1,1,1,854,32,3.0,50,UP,22,18.0,true,7577,6016,2288,196,1365,0,1,1,DOWN,1.0,227.863,287.0,594.0,1186.0,1080.0,1661.0,4.331,
14,MOOSE,iOS,2,3,2,1,2,854,32,3.0,300,UP,493,18.0,true,8432,7360,3049,254,818,0,2,1,UP,1.0,339.0,194.0,610.0,1531.0,1080.0,1661.0,4.331,
14,MOOSE,iOS,2,3,3,1,3,854,32,6.0,50,UP,529,18.0,true,5376,4592,2670,213,571,-1,1,1,UP,1.0,227.0,891.0,458.0,1502.0,1080.0,1661.0,4.331,
14,MOOSE,iOS,2,3,4,1,4,854,32,6.0,300,UP,384,18.0,true,9635,8369,2400,497,769,0,1,1,UP,1.0,216.471,869.0,501.0,1751.0,1080.0,1661.0,4.331,
14,MOOSE,iOS,2,3,5,1,5,854,32,3.0,100,DOWN,574,18.0,true,7876,6960,1792,347,569,0,1,1,DOWN,1.0,156.0,1252.0,426.0,1919.0,1080.0,1661.0,4.331,
14,MOOSE,iOS,2,3,6,1,6,854,32,3.0,200,DOWN,823,18.0,true,14059,13377,2977,116,566,0,1,1,DOWN,1.0,165.0,1063.0,404.0,1913.0,1080.0,1661.0,4.331,
14,MOOSE,iOS,2,3,7,1,7,854,32,6.0,200,DOWN,234,18.0,true,20857,19536,2239,410,911,0,4,2,DOWN,1.0,193.281,454.0,599.0,1888.0,1080.0,1661.0,4.331,
14,MOOSE,iOS,2,3,8,1,8,854,32,6.0,100,DOWN,722,18.0,true,3240,2464,797,116,660,0,1,1,DOWN,1.0,271.0,674.0,375.0,1274.0,1080.0,1661.0,4.331,
14,MOOSE,iOS,2,3,9,2,1,854,32,6.0,100,UP,617,18.0,true,7447,5856,2271,337,1254,0,1,1,DOWN,1.0,115.0,455.0,629.0,1162.0,1080.0,1661.0,4.331,
14,MOOSE,iOS,2,3,10,2,2,854,32,6.0,200,UP,439,18.0,true,8437,7728,3798,190,519,0,3,1,UP,1.0,121.0,301.0,443.0,1279.0,1080.0,1661.0,4.331,
14,MOOSE,iOS,2,3,11,2,3,854,32,3.0,200,UP,102,18.0,true,7366,6990,1728,316,60,0,1,1,UP,1.0,141.0,569.0,348.0,1142.0,1080.0,1661.0,4.331,
14,MOOSE,iOS,2,3,12,2,4,854,32,6.0,50,DOWN,347,18.0,true,4046,3136,1597,304,606,0,2,1,DOWN,1.0,125.0,667.0,283.0,1380.0,1080.0,1661.0,4.331,
14,MOOSE,iOS,2,3,13,2,5,854,32,3.0,100,UP,93,18.0,true,5419,4385,2390,264,770,0,2,1,UP,1.0,115.0,544.0,479.0,1253.0,1080.0,1661.0,4.331,
14,MOOSE,iOS,2,3,14,2,6,854,32,6.0,300,DOWN,393,18.0,true,7041,5744,1312,638,659,0,1,1,DOWN,1.0,195.0,771.0,385.0,1453.0,1080.0,1661.0,4.331,
14,MOOSE,iOS,2,3,15,2,7,854,32,3.0,300,DOWN,605,18.0,true,8253,7583,2607,161,509,0,2,2,DOWN,1.0,218.0,787.0,459.0,1642.0,1080.0,1661.0,4.331,
14,MOOSE,iOS,2,3,16,2,8,854,32,3.0,50,DOWN,750,18.0,true,3686,2943,1426,249,494,0,2,1,DOWN,1.0,250.0,952.0,400.0,1607.0,1080.0,1661.0,4.331,
14,MOOSE,iOS,2,3,17,3,1,854,32,3.0,100,DOWN,543,18.0,true,9809,7104,2352,1194,1511,0,2,2,DOWN,1.0,380.0,441.0,629.0,1231.0,1080.0,1661.0,4.331,
14,MOOSE,iOS,2,3,18,3,2,854,32,3.0,50,DOWN,189,18.0,true,4058,3072,1616,188,798,0,1,1,DOWN,1.0,302.5,546.0,463.0,1262.0,1080.0,1661.0,4.331,
14,MOOSE,iOS,2,3,19,3,3,854,32,6.0,50,DOWN,549,18.0,true,4307,3872,2558,16,419,0,3,1,DOWN,1.0,325.0,535.0,516.0,1310.0,1080.0,1661.0,4.331,
14,MOOSE,iOS,2,3,20,3,4,854,32,3.0,200,DOWN,573,18.0,true,5262,4496,2428,381,385,0,2,1,DOWN,1.0,267.0,514.0,509.0,1305.0,1080.0,1661.0,4.331,
14,MOOSE,iOS,2,3,21,3,5,854,32,6.0,300,UP,356,18.0,true,7774,7534,2353,187,53,0,1,1,DOWN,1.0,303.0,320.0,683.0,1116.0,1080.0,1661.0,4.331,
14,MOOSE,iOS,2,3,22,3,6,854,32,3.0,300,UP,403,18.0,true,9525,8576,2991,69,880,0,2,2,UP,1.0,352.0,120.0,733.0,1001.0,1080.0,1661.0,4.331,
14,MOOSE,iOS,2,3,23,3,7,854,32,6.0,200,UP,148,18.0,true,5916,4913,1422,429,574,-1,1,1,UP,1.0,262.0,178.0,569.0,1043.0,1080.0,1661.0,4.331,
14,MOOSE,iOS,2,3,24,3,8,854,32,6.0,100,UP,81,18.0,true,5245,4497,1148,345,403,0,1,1,UP,1.0,104.502,248.5,498.0,1044.0,1080.0,1661.0,4.331,
14,MOOSE,iOS,2,3,25,4,1,854,32,3.0,200,UP,43,18.0,true,7476,6305,2714,331,840,0,1,1,DOWN,1.0,249.0,10.0,727.0,1158.0,1080.0,1661.0,4.331,
14,MOOSE,iOS,2,3,26,4,2,854,32,3.0,50,UP,608,18.0,true,4350,3599,1612,89,662,0,1,1,UP,1.0,171.0,503.0,359.0,1070.0,1080.0,1661.0,4.331,
14,MOOSE,iOS,2,3,27,4,3,854,32,3.0,100,UP,426,18.0,true,4747,3936,1470,341,470,0,1,1,UP,1.0,138.0,450.0,429.0,1152.0,1080.0,1661.0,4.331,
14,MOOSE,iOS,2,3,28,4,4,854,32,6.0,300,DOWN,317,18.0,true,5831,4719,216,736,376,0,1,2,DOWN,1.0,198.487,585.0,442.0,1630.0,1080.0,1661.0,4.331,
14,MOOSE,iOS,2,3,29,4,5,854,32,6.0,100,DOWN,826,18.0,true,3035,2352,697,66,617,0,1,1,DOWN,1.0,219.0,802.0,308.0,1519.0,1080.0,1661.0,4.331,
14,MOOSE,iOS,2,3,30,4,6,854,32,6.0,200,DOWN,227,18.0,true,3279,2608,1070,57,614,-1,1,1,DOWN,1.0,233.0,869.0,306.547,1540.0,1080.0,1661.0,4.331,
14,MOOSE,iOS,2,3,31,4,7,854,32,3.0,300,DOWN,339,18.0,true,3659,3136,1198,39,484,0,2,1,DOWN,1.0,162.0,888.5,361.505,1672.0,1080.0,1661.0,4.331,
14,MOOSE,iOS,2,3,32,4,8,854,32,6.0,50,UP,783,18.0,true,4511,3760,1984,128,623,0,3,1,UP,1.0,263.0,669.0,549.0,1508.0,1080.0,1661.0,4.331,
14,MOOSE,iOS,2,4,1,1,1,854,32,3.0,200,DOWN,534,18.0,true,6985,4992,2479,225,1768,0,2,2,DOWN,1.0,276.0,455.0,591.0,1327.0,1080.0,1661.0,4.331,
14,MOOSE,iOS,2,4,2,1,2,854,32,3.0,300,UP,131,18.0,true,5642,4448,286,716,478,0,1,1,DOWN,1.0,399.0,363.0,733.0,1215.0,1080.0,1661.0,4.331,
14,MOOSE,iOS,2,4,3,1,3,854,32,6.0,200,DOWN,675,18.0,true,5472,4913,1537,78,481,0,4,2,DOWN,1.0,355.0,515.0,693.0,1398.0,1080.0,1661.0,4.331,
14,MOOSE,iOS,2,4,4,1,4,854,32,3.0,50,UP,699,18.0,true,3764,3041,1341,270,453,0,1,1,DOWN,1.0,408.0,481.0,558.0,1141.0,1080.0,1661.0,4.331,
14,MOOSE,iOS,2,4,5,1,5,854,32,6.0,100,UP,15,18.0,true,5428,3969,1727,767,692,-1,1,1,UP,1.0,323.0,499.0,590.0,1195.0,1080.0,1661.0,4.331,
14,MOOSE,iOS,2,4,6,1,6,854,32,6.0,300,DOWN,688,18.0,true,7939,7263,1312,106,570,-1,1,2,DOWN,1.0,331.0,487.0,648.0,1601.0,1080.0,1661.0,4.331,
14,MOOSE,iOS,2,4,7,1,7,854,32,6.0,50,UP,625,18.0,true,4874,4433,2144,56,385,0,1,1,DOWN,1.0,334.0,458.0,662.0,1252.0,1080.0,1661.0,4.331,
14,MOOSE,iOS,2,4,8,1,8,854,32,3.0,100,DOWN,637,18.0,true,5297,4561,1584,242,494,0,1,2,DOWN,1.0,253.0,692.0,580.527,1607.0,1080.0,1661.0,4.331,
14,MOOSE,iOS,2,4,9,2,1,854,32,3.0,300,DOWN,798,18.0,true,6946,5697,4090,55,1194,0,3,1,DOWN,1.0,441.0,583.653,746.377,1486.0,1080.0,1661.0,4.331,
14,MOOSE,iOS,2,4,10,2,2,854,32,3.0,50,DOWN,323,18.0,true,4325,3136,1951,276,913,0,1,1,DOWN,1.0,407.0,754.0,516.0,1363.0,1080.0,1661.0,4.331,
14,MOOSE,iOS,2,4,11,2,3,854,32,6.0,50,DOWN,669,18.0,true,3151,2527,1422,151,473,0,1,1,DOWN,1.0,401.0,857.0,531.5,1501.0,1080.0,1661.0,4.331,
14,MOOSE,iOS,2,4,12,2,4,854,32,3.0,100,UP,463,18.0,true,5104,4288,1248,178,638,-1,1,1,UP,1.0,487.0,608.0,745.0,1183.0,1080.0,1661.0,4.331,
14,MOOSE,iOS,2,4,13,2,5,854,32,6.0,100,DOWN,156,18.0,true,3896,3200,1545,234,462,0,2,1,DOWN,1.0,357.0,694.639,521.693,1619.0,1080.0,1661.0,4.331,
14,MOOSE,iOS,2,4,14,2,6,854,32,6.0,200,UP,607,18.0,true,8480,7632,1568,389,459,0,1,1,DOWN,1.0,318.0,614.0,673.0,1603.0,1080.0,1661.0,4.331,
14,MOOSE,iOS,2,4,15,2,7,854,32,6.0,300,UP,475,18.0,true,7348,5423,816,446,1479,0,1,1,UP,1.0,328.0,385.0,616.0,1181.0,1080.0,1661.0,4.331,
14,MOOSE,iOS,2,4,16,2,8,854,32,3.0,200,UP,261,18.0,true,5856,5552,1822,272,32,0,2,1,UP,1.0,256.0,328.0,585.0,1127.0,1080.0,1661.0,4.331,
14,MOOSE,iOS,2,4,17,3,1,854,32,3.0,50,DOWN,455,18.0,true,5077,4241,2862,72,764,0,1,1,DOWN,1.0,388.0,621.0,525.52,1294.0,1080.0,1661.0,4.331,
14,MOOSE,iOS,2,4,18,3,2,854,32,3.0,100,UP,310,18.0,true,6435,4801,2574,1068,566,0,2,1,UP,1.0,345.0,429.0,642.0,1306.0,1080.0,1661.0,4.331,
14,MOOSE,iOS,2,4,19,3,3,854,32,6.0,50,UP,715,18.0,true,4569,3776,1937,220,573,0,1,1,DOWN,1.0,382.0,472.0,702.0,1125.0,1080.0,1661.0,4.331,
14,MOOSE,iOS,2,4,20,3,4,854,32,6.0,300,DOWN,753,18.0,true,6250,5633,1728,79,538,0,2,2,DOWN,1.0,302.0,542.0,476.0,1481.0,1080.0,1661.0,4.331,
14,MOOSE,iOS,2,4,21,3,5,854,32,6.0,200,DOWN,573,18.0,true,4563,4079,2590,68,416,0,1,1,DOWN,1.0,192.0,785.0,353.938,1502.0,1080.0,1661.0,4.331,
14,MOOSE,iOS,2,4,22,3,6,854,32,3.0,200,UP,181,18.0,true,7089,6160,2317,268,661,0,2,1,UP,1.0,175.0,511.0,475.0,1194.0,1080.0,1661.0,4.331,
14,MOOSE,iOS,2,4,23,3,7,854,32,6.0,100,DOWN,489,18.0,true,4286,3664,1771,133,489,0,2,1,DOWN,1.0,171.0,819.5,289.0,1497.0,1080.0,1661.0,4.331,
14,MOOSE,iOS,2,4,24,3,8,854,32,3.0,300,UP,281,18.0,true,6830,5904,2216,306,620,0,3,1,UP,1.0,244.0,453.0,560.0,1295.0,1080.0,1661.0,4.331,
14,MOOSE,iOS,2,4,25,4,1,854,32,3.0,300,DOWN,784,18.0,true,5966,4767,1994,181,1018,0,1,1,DOWN,1.0,217.0,613.0,536.0,1480.0,1080.0,1661.0,4.331,
14,MOOSE,iOS,2,4,26,4,2,854,32,6.0,100,UP,366,18.0,true,8249,7536,1776,169,544,0,1,1,UP,1.0,149.0,395.0,607.0,1157.0,1080.0,1661.0,4.331,
14,MOOSE,iOS,2,4,27,4,3,854,32,6.0,200,UP,180,18.0,true,10905,9504,2029,93,1308,0,1,1,UP,1.0,51.0,433.0,546.0,1195.0,1080.0,1661.0,4.331,
14,MOOSE,iOS,2,4,28,4,4,854,32,6.0,50,DOWN,380,18.0,true,3628,2784,1741,326,518,0,1,1,DOWN,1.0,114.0,828.0,188.563,1580.0,1080.0,1661.0,4.331,
14,MOOSE,iOS,2,4,29,4,5,854,32,3.0,50,UP,40,18.0,true,6256,5472,3757,358,426,0,1,1,DOWN,1.0,185.0,548.0,616.0,1330.0,1080.0,1661.0,4.331,
14,MOOSE,iOS,2,4,30,4,6,854,32,3.0,200,DOWN,484,18.0,true,6942,6256,1247,113,573,0,1,1,DOWN,1.0,221.0,940.0,471.0,1690.0,1080.0,1661.0,4.331,
14,MOOSE,iOS,2,4,31,4,7,854,32,3.0,100,DOWN,806,18.0,true,5457,4832,2032,158,467,0,2,1,DOWN,1.0,191.0,926.0,363.0,1657.0,1080.0,1661.0,4.331,
14,MOOSE,iOS,2,4,32,4,8,854,32,6.0,300,UP,212,18.0,true,10773,9872,2159,299,602,0,1,1,UP,1.0,198.0,604.0,684.0,1315.0,1080.0,1661.0,4.331,
14,MOOSE,TrackPoint,3,1,1,1,1,854,32,6.0,50,UP,717,18.0,true,11432,8527,895,1252,1653,-1,2,2,UP,1.0,296.0,287.0,511.0,933.0,1080.0,1661.0,4.331,
14,MOOSE,TrackPoint,3,1,2,1,2,854,32,6.0,300,UP,473,18.0,true,12764,11887,3499,150,727,-1,1,1,UP,1.0,377.0,327.0,416.0,848.0,1080.0,1661.0,4.331,
14,MOOSE,TrackPoint,3,1,3,1,3,854,32,3.0,50,UP,525,18.0,true,6595,5920,2668,73,602,0,2,1,UP,1.0,381.0,380.0,409.0,689.0,1080.0,1661.0,4.331,
14,MOOSE,TrackPoint,3,1,4,1,4,854,32,3.0,200,DOWN,618,18.0,true,9153,8288,2028,240,625,0,1,1,DOWN,1.0,411.673,638.0,431.5,982.5,1080.0,1661.0,4.331,
14,MOOSE,TrackPoint,3,1,5,1,5,854,32,3.0,300,DOWN,809,18.0,true,12434,11727,3324,120,587,0,2,1,DOWN,1.0,382.0,717.0,417.0,1193.0,1080.0,1661.0,4.331,
14,MOOSE,TrackPoint,3,1,6,1,6,854,32,3.0,100,DOWN,444,18.0,true,6567,5745,2814,215,607,0,2,1,DOWN,1.0,359.0,694.0,418.0,1184.0,1080.0,1661.0,4.331,
14,MOOSE,TrackPoint,3,1,7,1,7,854,32,6.0,100,DOWN,803,18.0,true,4424,3583,2044,290,551,-1,2,1,DOWN,1.0,365.0,609.0,424.0,1312.375,1080.0,1661.0,4.331,
14,MOOSE,TrackPoint,3,1,8,1,8,854,32,6.0,200,UP,493,18.0,true,7572,6848,2078,111,613,-1,1,1,UP,1.0,403.0,152.0,448.356,827.35,1080.0,1661.0,4.331,
14,MOOSE,TrackPoint,3,1,9,2,1,854,32,6.0,100,UP,260,18.0,true,6251,5054,2078,167,1030,0,1,1,UP,1.0,277.0,419.536,599.0,928.0,1080.0,1661.0,4.331,
14,MOOSE,TrackPoint,3,1,10,2,2,854,32,6.0,200,DOWN,529,18.0,true,7981,7312,2189,98,571,0,1,1,DOWN,2.0,463.0,633.0,942.0,1134.0,1080.0,1661.0,4.331,
14,MOOSE,TrackPoint,3,1,11,2,3,854,32,6.0,300,DOWN,393,18.0,true,9472,9360,2288,65,47,-1,1,1,UP,1.0,440.0,708.0,501.498,1149.0,1080.0,1661.0,4.331,
14,MOOSE,TrackPoint,3,1,12,2,4,854,32,6.0,50,DOWN,663,18.0,true,4717,4002,3055,109,606,0,3,1,DOWN,1.0,396.0,558.0,521.0,1198.0,1080.0,1661.0,4.331,
14,MOOSE,TrackPoint,3,1,13,2,5,854,32,3.0,200,UP,386,18.0,true,7546,6626,2462,119,801,0,2,2,UP,1.0,381.0,314.0,559.0,1126.0,1080.0,1661.0,4.331,
14,MOOSE,TrackPoint,3,1,14,2,6,854,32,3.0,100,UP,686,18.0,true,5299,4449,2377,212,638,0,1,1,UP,1.0,388.0,246.0,417.0,813.0,1080.0,1661.0,4.331,
14,MOOSE,TrackPoint,3,1,15,2,7,854,32,3.0,50,DOWN,373,18.0,true,3416,2702,1677,62,652,0,2,1,DOWN,1.0,345.0,774.0,399.0,1217.0,1080.0,1661.0,4.331,
14,MOOSE,TrackPoint,3,1,16,2,8,854,32,3.0,300,UP,130,18.0,true,7935,7297,3148,135,503,0,1,1,UP,1.0,307.0,159.0,434.0,798.0,1080.0,1661.0,4.331,
14,MOOSE,TrackPoint,3,1,17,3,1,854,32,3.0,50,DOWN,583,18.0,true,5593,4528,2396,102,963,0,3,1,UP,1.0,319.0,449.526,560.0,1289.0,1080.0,1661.0,4.331,
14,MOOSE,TrackPoint,3,1,18,3,2,854,32,6.0,100,DOWN,577,18.0,true,4211,3328,414,437,446,-1,1,1,DOWN,1.0,351.5,1209.0,404.0,1644.0,1080.0,1661.0,4.331,
14,MOOSE,TrackPoint,3,1,19,3,3,854,32,6.0,50,UP,466,18.0,true,3340,2495,1311,182,663,0,1,1,UP,1.0,425.0,713.0,506.0,1099.0,1080.0,1661.0,4.331,
14,MOOSE,TrackPoint,3,1,20,3,4,854,32,3.0,100,UP,176,18.0,true,4433,3457,1548,298,678,0,2,1,UP,1.0,470.0,711.0,537.0,1170.0,1080.0,1661.0,4.331,
14,MOOSE,TrackPoint,3,1,21,3,5,854,32,6.0,200,DOWN,272,18.0,true,8486,7760,1708,192,534,0,1,1,DOWN,1.0,433.0,783.0,527.0,1389.0,1080.0,1661.0,4.331,
14,MOOSE,TrackPoint,3,1,22,3,6,854,32,3.0,200,UP,253,18.0,true,4315,4122,1736,144,49,1,1,1,UP,1.0,338.0,28.0,645.623,1073.5,1080.0,1661.0,4.331,
14,MOOSE,TrackPoint,3,1,23,3,7,854,32,3.0,300,DOWN,378,18.0,true,6218,5568,2462,101,549,0,2,1,DOWN,1.0,289.0,651.0,354.0,1386.0,1080.0,1661.0,4.331,
14,MOOSE,TrackPoint,3,1,24,3,8,854,32,6.0,300,UP,481,18.0,true,5444,4576,2445,306,562,0,2,1,UP,1.0,240.0,197.0,374.202,1152.0,1080.0,1661.0,4.331,
14,MOOSE,TrackPoint,3,1,25,4,1,854,32,3.0,200,DOWN,242,18.0,true,3188,2331,223,850,7,0,1,1,DOWN,1.0,297.0,701.0,382.0,1493.5,1080.0,1661.0,4.331,
14,MOOSE,TrackPoint,3,1,26,4,2,854,32,3.0,50,UP,680,18.0,true,3285,1854,1114,677,754,0,2,1,UP,1.0,284.0,385.0,457.0,1072.0,1080.0,1661.0,4.331,
14,MOOSE,TrackPoint,3,1,27,4,3,854,32,6.0,300,DOWN,550,18.0,true,8948,8159,1132,282,507,0,1,1,DOWN,1.0,309.0,761.0,414.0,1521.0,1080.0,1661.0,4.331,
14,MOOSE,TrackPoint,3,1,28,4,4,854,32,6.0,50,DOWN,315,18.0,true,2930,2254,749,120,556,-2,1,1,DOWN,1.0,404.0,1058.0,484.0,1396.0,1080.0,1661.0,4.331,
14,MOOSE,TrackPoint,3,1,29,4,5,854,32,3.0,100,DOWN,746,18.0,true,5040,3279,1501,734,1027,0,1,1,DOWN,1.0,319.0,223.0,397.0,1134.0,1080.0,1661.0,4.331,
14,MOOSE,TrackPoint,3,1,30,4,6,854,32,3.0,300,UP,333,18.0,true,7029,6175,2320,289,565,0,1,1,UP,1.0,309.0,107.0,474.509,863.0,1080.0,1661.0,4.331,
14,MOOSE,TrackPoint,3,1,31,4,7,854,32,6.0,100,UP,239,18.0,true,5226,4064,2110,531,631,0,1,1,UP,2.0,284.0,186.0,999.0,1107.0,1080.0,1661.0,4.331,
14,MOOSE,TrackPoint,3,1,32,4,8,854,32,6.0,200,UP,318,18.0,true,8896,8032,2859,29,835,0,1,1,UP,1.0,426.0,368.0,485.0,887.0,1080.0,1661.0,4.331,
14,MOOSE,TrackPoint,3,2,1,1,1,854,32,6.0,200,DOWN,753,18.0,true,7886,5840,3262,493,1553,-1,3,1,DOWN,1.0,250.0,529.0,547.0,1194.49,1080.0,1661.0,4.331,
14,MOOSE,TrackPoint,3,2,2,1,2,854,32,3.0,50,DOWN,322,18.0,true,3484,2768,1597,173,543,0,2,1,DOWN,1.0,419.0,721.0,453.0,1119.5,1080.0,1661.0,4.331,
14,MOOSE,TrackPoint,3,2,3,1,3,854,32,3.0,300,UP,99,18.0,true,4539,3679,1437,134,726,0,1,1,UP,1.0,353.0,144.0,480.305,1122.0,1080.0,1661.0,4.331,
14,MOOSE,TrackPoint,3,2,4,1,4,854,32,6.0,300,DOWN,800,18.0,true,6940,6255,1675,184,501,0,1,1,DOWN,2.0,345.0,627.0,1004.0,1459.0,1080.0,1661.0,4.331,
14,MOOSE,TrackPoint,3,2,5,1,5,854,32,6.0,100,DOWN,156,18.0,true,4272,3552,2171,56,664,0,1,1,DOWN,1.0,360.52,831.0,452.0,1468.0,1080.0,1661.0,4.331,
14,MOOSE,TrackPoint,3,2,6,1,6,854,32,3.0,200,UP,304,18.0,true,6903,5952,2477,377,574,0,2,2,UP,1.0,279.0,445.521,420.0,1390.0,1080.0,1661.0,4.331,
14,MOOSE,TrackPoint,3,2,7,1,7,854,32,6.0,50,UP,664,18.0,true,3840,2783,1790,343,714,0,1,1,UP,1.0,280.0,800.0,346.0,1248.0,1080.0,1661.0,4.331,
14,MOOSE,TrackPoint,3,2,8,1,8,854,32,3.0,100,UP,149,18.0,true,4357,3296,1547,383,678,0,2,1,UP,1.0,329.0,720.0,415.0,1209.0,1080.0,1661.0,4.331,
14,MOOSE,TrackPoint,3,2,9,2,1,854,32,6.0,300,UP,36,18.0,true,6722,5743,2554,13,966,0,2,1,UP,1.0,307.0,252.5,495.0,948.0,1080.0,1661.0,4.331,
14,MOOSE,TrackPoint,3,2,10,2,2,854,32,3.0,100,DOWN,790,18.0,true,3816,2832,1546,270,714,0,1,1,DOWN,1.0,408.303,752.0,431.0,1408.0,1080.0,1661.0,4.331,
14,MOOSE,TrackPoint,3,2,11,2,3,854,32,3.0,200,DOWN,677,18.0,true,7363,6241,512,538,584,0,1,1,DOWN,1.0,299.0,987.0,376.0,1362.0,1080.0,1661.0,4.331,
14,MOOSE,TrackPoint,3,2,12,2,4,854,32,6.0,100,UP,383,18.0,true,5951,5182,2939,209,560,0,1,1,DOWN,1.0,282.0,848.0,378.0,1342.0,1080.0,1661.0,4.331,
14,MOOSE,TrackPoint,3,2,13,2,5,854,32,3.0,50,UP,553,18.0,true,5304,4032,2012,553,719,0,2,1,UP,1.0,444.0,840.0,482.0,1094.0,1080.0,1661.0,4.331,
14,MOOSE,TrackPoint,3,2,14,2,6,854,32,6.0,200,UP,514,18.0,true,8918,8191,3069,181,546,0,2,1,UP,1.0,487.0,769.0,599.0,1204.0,1080.0,1661.0,4.331,
14,MOOSE,TrackPoint,3,2,15,2,7,854,32,6.0,50,DOWN,252,18.0,true,4837,3888,2573,394,555,0,2,1,DOWN,1.0,382.0,972.0,510.0,1518.0,1080.0,1661.0,4.331,
14,MOOSE,TrackPoint,3,2,16,2,8,854,32,3.0,300,DOWN,750,18.0,true,7037,5935,1195,600,502,0,2,1,DOWN,1.0,403.0,900.0,469.0,1456.0,1080.0,1661.0,4.331,
14,MOOSE,TrackPoint,3,2,17,3,1,854,32,6.0,300,UP,376,18.0,true,7010,5903,1567,204,903,0,1,1,UP,1.0,386.0,456.638,614.0,1145.0,1080.0,1661.0,4.331,
14,MOOSE,TrackPoint,3,2,18,3,2,854,32,6.0,50,DOWN,838,18.0,true,2862,1392,367,858,612,1,1,1,DOWN,1.0,380.0,792.0,456.0,1288.0,1080.0,1661.0,4.331,
14,MOOSE,TrackPoint,3,2,19,3,3,854,32,6.0,100,DOWN,115,18.0,true,5586,5167,2830,48,371,-1,3,1,DOWN,1.0,344.0,952.0,1079.0,1414.5,1080.0,1661.0,4.331,
14,MOOSE,TrackPoint,3,2,20,3,4,854,32,3.0,50,UP,413,18.0,true,2945,1873,1178,349,723,0,2,1,UP,1.0,197.0,388.0,337.0,1000.0,1080.0,1661.0,4.331,
14,MOOSE,TrackPoint,3,2,21,3,5,854,32,3.0,300,UP,142,18.0,true,7070,6111,3376,280,679,0,2,1,UP,1.0,175.0,311.523,348.5,1102.0,1080.0,1661.0,4.331,
14,MOOSE,TrackPoint,3,2,22,3,6,854,32,6.0,200,DOWN,308,18.0,true,6250,5263,1662,431,556,0,1,1,DOWN,1.0,167.469,844.0,210.0,1403.0,1080.0,1661.0,4.331,
14,MOOSE,TrackPoint,3,2,23,3,7,854,32,3.0,200,DOWN,396,18.0,true,5888,5119,2159,250,519,0,2,1,DOWN,1.0,203.0,902.0,270.281,1512.365,1080.0,1661.0,4.331,
14,MOOSE,TrackPoint,3,2,24,3,8,854,32,3.0,100,UP,105,18.0,true,4263,3279,2494,262,722,0,2,1,UP,1.0,134.0,363.631,294.0,1345.0,1080.0,1661.0,4.331,
14,MOOSE,TrackPoint,3,2,25,4,1,854,32,3.0,200,UP,508,18.0,true,5421,4576,2905,64,781,0,1,1,UP,1.0,328.0,70.0,500.0,965.0,1080.0,1661.0,4.331,
14,MOOSE,TrackPoint,3,2,26,4,2,854,32,3.0,300,DOWN,412,18.0,true,5831,5446,1532,343,42,0,2,1,UP,1.0,172.0,685.0,283.0,1391.0,1080.0,1661.0,4.331,
14,MOOSE,TrackPoint,3,2,27,4,3,854,32,6.0,100,UP,53,18.0,true,5643,4847,1662,215,581,0,1,1,UP,1.0,224.0,818.0,269.0,1168.0,1080.0,1661.0,4.331,
14,MOOSE,TrackPoint,3,2,28,4,4,854,32,6.0,50,UP,431,18.0,true,4847,3888,2622,205,754,0,1,1,UP,1.0,318.0,802.5,359.286,1163.0,1080.0,1661.0,4.331,
14,MOOSE,TrackPoint,3,2,29,4,5,854,32,6.0,200,UP,328,18.0,true,6155,5231,2637,368,556,0,1,1,UP,1.0,323.5,349.0,464.0,1011.0,1080.0,1661.0,4.331,
14,MOOSE,TrackPoint,3,2,30,4,6,854,32,3.0,50,DOWN,496,18.0,true,4219,3374,2349,280,565,0,3,1,DOWN,1.0,261.0,782.0,348.0,1271.5,1080.0,1661.0,4.331,
14,MOOSE,TrackPoint,3,2,31,4,7,854,32,3.0,100,DOWN,363,18.0,true,5239,4335,2205,399,505,0,1,1,DOWN,1.0,250.0,979.0,317.0,1503.0,1080.0,1661.0,4.331,
14,MOOSE,TrackPoint,3,2,32,4,8,854,32,6.0,300,DOWN,558,18.0,true,9466,8544,2430,132,790,0,1,1,DOWN,1.0,223.0,875.0,347.0,1473.0,1080.0,1661.0,4.331,
14,MOOSE,TrackPoint,3,3,1,1,1,854,32,3.0,300,UP,16,18.0,true,6829,4193,190,1576,1060,0,1,1,UP,1.0,252.0,94.0,1066.0,1200.0,1080.0,1661.0,4.331,
14,MOOSE,TrackPoint,3,3,2,1,2,854,32,3.0,50,UP,154,18.0,true,4027,2992,1694,315,720,0,1,1,UP,1.0,491.548,245.0,516.0,771.0,1080.0,1661.0,4.331,
14,MOOSE,TrackPoint,3,3,3,1,3,854,32,6.0,200,UP,422,18.0,true,6225,5263,2840,240,722,0,1,1,UP,1.0,432.0,277.0,577.0,1007.0,1080.0,1661.0,4.331,
14,MOOSE,TrackPoint,3,3,4,1,4,854,32,6.0,300,DOWN,333,18.0,true,4288,3539,204,699,50,-1,1,1,UP,1.0,390.735,674.0,419.0,1461.0,1080.0,1661.0,4.331,
14,MOOSE,TrackPoint,3,3,5,1,5,854,32,3.0,100,DOWN,747,18.0,true,4832,3872,1998,441,519,0,3,1,DOWN,1.0,329.0,1041.0,428.0,1555.0,1080.0,1661.0,4.331,
14,MOOSE,TrackPoint,3,3,6,1,6,854,32,6.0,100,DOWN,665,18.0,true,4547,3696,1983,321,530,-1,3,1,DOWN,1.0,304.0,1034.0,376.0,1619.0,1080.0,1661.0,4.331,
14,MOOSE,TrackPoint,3,3,7,1,7,854,32,3.0,200,UP,319,18.0,true,5417,4817,2493,169,431,0,1,1,DOWN,1.0,309.0,325.0,356.72,1175.5,1080.0,1661.0,4.331,
14,MOOSE,TrackPoint,3,3,8,1,8,854,32,6.0,50,DOWN,407,18.0,true,2532,1984,1213,84,464,1,1,1,DOWN,1.0,346.5,894.0,455.0,1482.0,1080.0,1661.0,4.331,
14,MOOSE,TrackPoint,3,3,9,2,1,854,32,6.0,200,DOWN,291,18.0,true,4368,3407,1487,242,719,0,1,1,DOWN,1.0,346.0,874.0,452.0,1634.0,1080.0,1661.0,4.331,
14,MOOSE,TrackPoint,3,3,10,2,2,854,32,3.0,100,UP,657,18.0,true,4427,3616,1965,106,705,0,1,1,UP,1.0,348.0,946.5,418.0,1480.0,1080.0,1661.0,4.331,
14,MOOSE,TrackPoint,3,3,11,2,3,854,32,6.0,50,UP,738,18.0,true,2913,2079,1310,204,630,0,1,1,UP,1.0,302.0,854.0,346.0,1344.0,1080.0,1661.0,4.331,
14,MOOSE,TrackPoint,3,3,12,2,4,854,32,6.0,300,UP,21,18.0,true,5394,4334,2317,431,629,0,3,1,UP,1.0,265.699,298.0,364.0,1317.0,1080.0,1661.0,4.331,
14,MOOSE,TrackPoint,3,3,13,2,5,854,32,3.0,50,DOWN,228,18.0,true,3966,3153,1310,139,674,0,1,1,DOWN,1.0,285.0,944.0,368.0,1771.0,1080.0,1661.0,4.331,
14,MOOSE,TrackPoint,3,3,14,2,6,854,32,3.0,300,DOWN,350,18.0,true,8306,7712,2694,127,467,0,1,1,DOWN,1.0,274.0,1050.0,333.0,1603.0,1080.0,1661.0,4.331,
14,MOOSE,TrackPoint,3,3,15,2,7,854,32,6.0,100,UP,272,18.0,true,4728,3984,2334,117,627,0,2,1,UP,1.0,352.0,732.649,413.0,1334.0,1080.0,1661.0,4.331,
14,MOOSE,TrackPoint,3,3,16,2,8,854,32,3.0,200,DOWN,630,18.0,true,7821,7119,2507,178,524,0,2,2,DOWN,1.0,345.0,768.0,413.0,1441.0,1080.0,1661.0,4.331,
14,MOOSE,TrackPoint,3,3,17,3,1,854,32,6.0,50,UP,225,18.0,true,2970,1679,462,443,848,0,1,1,UP,1.0,281.0,694.0,497.0,1103.0,1080.0,1661.0,4.331,
14,MOOSE,TrackPoint,3,3,18,3,2,854,32,6.0,200,DOWN,455,18.0,true,6022,5312,2238,199,511,0,1,1,DOWN,1.0,435.5,897.0,482.0,1470.0,1080.0,1661.0,4.331,
14,MOOSE,TrackPoint,3,3,19,3,3,854,32,3.0,300,UP,422,18.0,true,6131,5343,2271,382,406,0,3,1,DOWN,1.0,410.0,98.0,531.711,1249.5,1080.0,1661.0,4.331,
14,MOOSE,TrackPoint,3,3,20,3,4,854,32,3.0,200,DOWN,690,18.0,true,4156,3327,1214,367,462,0,1,1,DOWN,1.0,307.0,859.0,391.0,1613.0,1080.0,1661.0,4.331,
14,MOOSE,TrackPoint,3,3,21,3,5,854,32,6.0,300,UP,376,18.0,true,5330,4607,2075,142,581,0,1,1,UP,1.0,316.0,471.526,407.715,1301.0,1080.0,1661.0,4.331,
14,MOOSE,TrackPoint,3,3,22,3,6,854,32,6.0,100,DOWN,311,18.0,true,4264,3567,2124,204,493,0,1,1,DOWN,1.0,275.0,940.0,363.0,1564.0,1080.0,1661.0,4.331,
14,MOOSE,TrackPoint,3,3,23,3,7,854,32,3.0,100,UP,298,18.0,true,4412,3759,1662,105,548,0,2,1,DOWN,1.0,326.0,461.0,433.0,1282.0,1080.0,1661.0,4.331,
14,MOOSE,TrackPoint,3,3,24,3,8,854,32,3.0,50,DOWN,732,18.0,true,3691,2977,2175,237,477,0,3,1,DOWN,1.0,364.0,878.0,414.0,1419.0,1080.0,1661.0,4.331,
14,MOOSE,TrackPoint,3,3,25,4,1,854,32,6.0,200,UP,49,18.0,true,4245,3151,1450,322,772,0,1,1,UP,1.0,359.0,186.0,627.0,1141.0,1080.0,1661.0,4.331,
14,MOOSE,TrackPoint,3,3,26,4,2,854,32,3.0,50,UP,651,18.0,true,2248,1214,303,499,535,0,1,1,UP,1.0,512.497,303.0,568.0,838.0,1080.0,1661.0,4.331,
14,MOOSE,TrackPoint,3,3,27,4,3,854,32,6.0,100,UP,687,18.0,true,5784,4832,2509,389,563,0,1,1,UP,1.0,541.0,323.657,678.0,948.0,1080.0,1661.0,4.331,
14,MOOSE,TrackPoint,3,3,28,4,4,854,32,6.0,50,DOWN,339,18.0,true,3047,2641,1305,374,32,-1,2,1,UP,1.0,437.0,739.519,540.0,1389.0,1080.0,1661.0,4.331,
14,MOOSE,TrackPoint,3,3,29,4,5,854,32,3.0,200,UP,286,18.0,true,4836,4207,2620,254,375,0,1,1,UP,1.0,446.0,121.645,565.0,1113.0,1080.0,1661.0,4.331,
14,MOOSE,TrackPoint,3,3,30,4,6,854,32,3.0,300,DOWN,538,18.0,true,7637,6993,2271,251,393,0,2,1,DOWN,1.0,426.0,952.0,502.0,1510.0,1080.0,1661.0,4.331,
14,MOOSE,TrackPoint,3,3,31,4,7,854,32,3.0,100,DOWN,183,18.0,true,4430,3921,2589,114,395,0,1,1,DOWN,1.0,383.5,941.0,455.0,1584.5,1080.0,1661.0,4.331,
14,MOOSE,TrackPoint,3,3,32,4,8,854,32,6.0,300,DOWN,476,18.0,true,6161,5583,2092,174,404,0,2,1,DOWN,1.0,371.0,864.0,430.0,1618.0,1080.0,1661.0,4.331,
14,MOOSE,TrackPoint,3,4,1,1,1,854,32,3.0,50,DOWN,689,18.0,true,4522,3472,2718,125,925,0,3,1,DOWN,1.0,238.0,669.0,535.0,1208.0,1080.0,1661.0,4.331,
14,MOOSE,TrackPoint,3,4,2,1,2,854,32,3.0,100,UP,191,18.0,true,5073,4287,1514,294,492,0,2,1,DOWN,1.0,377.727,2.5,577.0,1122.0,1080.0,1661.0,4.331,
14,MOOSE,TrackPoint,3,4,3,1,3,854,32,6.0,50,UP,304,18.0,true,6047,4943,2009,252,852,0,2,1,DOWN,2.0,397.0,567.0,917.0,882.0,1080.0,1661.0,4.331,
14,MOOSE,TrackPoint,3,4,4,1,4,854,32,6.0,100,DOWN,136,18.0,true,5296,4816,1774,8,472,0,1,1,DOWN,2.0,391.0,700.0,961.0,1074.0,1080.0,1661.0,4.331,
14,MOOSE,TrackPoint,3,4,5,1,5,854,32,3.0,200,UP,56,18.0,true,10717,10659,3311,4,54,0,1,1,UP,2.0,252.286,458.0,979.0,886.0,1080.0,1661.0,4.331,
14,MOOSE,TrackPoint,3,4,6,1,6,854,32,6.0,200,UP,231,18.0,true,5570,5200,2031,141,229,1,1,1,DOWN,1.0,363.0,383.0,976.0,1062.0,1080.0,1661.0,4.331,
14,MOOSE,TrackPoint,3,4,7,1,7,854,32,6.0,300,DOWN,555,18.0,true,6742,5791,1226,307,644,0,2,1,DOWN,1.0,390.0,925.0,466.0,1593.0,1080.0,1661.0,4.331,
14,MOOSE,TrackPoint,3,4,8,1,8,854,32,3.0,300,DOWN,664,18.0,true,5629,4705,1179,295,629,0,1,1,DOWN,1.0,439.0,943.0,524.0,1611.5,1080.0,1661.0,4.331,
14,MOOSE,TrackPoint,3,4,9,2,1,854,32,6.0,300,UP,365,18.0,true,6287,5566,2110,35,686,0,1,1,UP,1.0,313.0,453.0,511.0,1160.0,1080.0,1661.0,4.331,
14,MOOSE,TrackPoint,3,4,10,2,2,854,32,3.0,100,DOWN,814,18.0,true,3887,3120,2013,296,471,0,1,1,DOWN,1.0,299.0,737.0,395.0,1478.0,1080.0,1661.0,4.331,
14,MOOSE,TrackPoint,3,4,11,2,3,854,32,6.0,200,DOWN,835,18.0,true,4497,4066,1313,87,344,0,1,1,DOWN,1.0,245.0,928.0,330.0,1563.0,1080.0,1661.0,4.331,
14,MOOSE,TrackPoint,3,4,12,2,4,854,32,3.0,200,DOWN,582,18.0,true,4393,3694,1278,319,380,0,1,1,DOWN,1.0,208.0,892.0,282.0,1597.0,1080.0,1661.0,4.331,
14,MOOSE,TrackPoint,3,4,13,2,5,854,32,3.0,300,UP,114,18.0,true,5224,5075,1854,120,29,0,2,1,UP,1.0,264.0,304.0,374.5,1183.0,1080.0,1661.0,4.331,
14,MOOSE,TrackPoint,3,4,14,2,6,854,32,6.0,50,DOWN,286,18.0,true,2682,1984,991,35,663,0,1,1,DOWN,1.0,202.0,985.0,287.0,1448.0,1080.0,1661.0,4.331,
14,MOOSE,TrackPoint,3,4,15,2,7,854,32,6.0,100,UP,64,18.0,true,3881,3727,1042,104,50,0,2,2,UP,1.0,333.0,238.0,603.0,1055.5,1080.0,1661.0,4.331,
14,MOOSE,TrackPoint,3,4,16,2,8,854,32,3.0,50,UP,34,18.0,true,2829,1936,1211,413,480,0,2,1,UP,1.0,375.0,485.0,455.0,1051.0,1080.0,1661.0,4.331,
14,MOOSE,TrackPoint,3,4,17,3,1,854,32,3.0,50,UP,750,18.0,true,4641,3825,2477,183,633,0,1,1,DOWN,1.0,279.507,179.0,547.308,1111.488,1080.0,1661.0,4.331,
14,MOOSE,TrackPoint,3,4,18,3,2,854,32,3.0,200,UP,38,18.0,true,6234,5407,2487,279,548,0,3,1,UP,1.0,406.0,163.0,496.0,884.0,1080.0,1661.0,4.331,
14,MOOSE,TrackPoint,3,4,19,3,3,854,32,6.0,300,UP,437,18.0,true,6457,5777,2382,139,541,0,2,1,UP,1.0,415.481,233.0,533.0,1231.144,1080.0,1661.0,4.331,
14,MOOSE,TrackPoint,3,4,20,3,4,854,32,6.0,200,DOWN,316,18.0,true,4148,3135,1145,349,664,-1,1,1,DOWN,1.0,387.0,894.0,416.737,1646.0,1080.0,1661.0,4.331,
14,MOOSE,TrackPoint,3,4,21,3,5,854,32,6.0,100,DOWN,786,18.0,true,5075,4448,1166,173,454,0,1,1,UP,1.0,263.5,758.0,498.0,1735.0,1080.0,1661.0,4.331,
14,MOOSE,TrackPoint,3,4,22,3,6,854,32,3.0,100,UP,164,18.0,true,3414,2641,1581,213,560,0,2,1,UP,1.0,472.0,247.0,543.0,1034.0,1080.0,1661.0,4.331,
14,MOOSE,TrackPoint,3,4,23,3,7,854,32,3.0,300,DOWN,587,18.0,true,8128,7456,1997,97,575,0,1,1,DOWN,1.0,336.0,670.0,504.0,1730.0,1080.0,1661.0,4.331,
14,MOOSE,TrackPoint,3,4,24,3,8,854,32,6.0,50,DOWN,194,18.0,true,2637,2120,523,476,41,-1,1,1,UP,1.0,427.0,1030.0,496.501,1458.0,1080.0,1661.0,4.331,
14,MOOSE,TrackPoint,3,4,25,4,1,854,32,3.0,100,DOWN,367,18.0,true,6764,4064,2257,174,2526,0,1,1,DOWN,1.0,377.0,909.0,511.0,1400.0,1080.0,1661.0,4.331,
14,MOOSE,TrackPoint,3,4,26,4,2,854,32,3.0,200,DOWN,681,18.0,true,7244,6675,3120,174,395,0,3,1,DOWN,1.0,330.0,695.0,462.0,1762.0,1080.0,1661.0,4.331,
14,MOOSE,TrackPoint,3,4,27,4,3,854,32,6.0,200,UP,571,18.0,true,4466,3488,831,352,626,0,1,1,UP,1.0,485.0,49.0,640.0,856.0,1080.0,1661.0,4.331,
14,MOOSE,TrackPoint,3,4,28,4,4,854,32,6.0,300,DOWN,513,18.0,true,7281,6720,2894,58,503,0,1,1,DOWN,1.0,416.0,846.0,489.0,1475.0,1080.0,1661.0,4.331,
14,MOOSE,TrackPoint,3,4,29,4,5,854,32,3.0,50,DOWN,411,18.0,true,4113,3392,2493,193,528,0,2,1,DOWN,1.0,439.0,819.5,528.0,1352.0,1080.0,1661.0,4.331,
14,MOOSE,TrackPoint,3,4,30,4,6,854,32,3.0,300,UP,203,18.0,true,7312,6609,2126,305,398,0,2,1,DOWN,1.0,377.0,182.0,534.0,1012.0,1080.0,1661.0,4.331,
14,MOOSE,TrackPoint,3,4,31,4,7,854,32,6.0,50,UP,381,18.0,true,3036,2465,1691,86,485,0,1,1,UP,1.0,426.0,380.0,517.5,954.0,1080.0,1661.0,4.331,
14,MOOSE,TrackPoint,3,4,32,4,8,854,32,6.0,100,UP,542,18.0,true,3305,2528,1308,265,512,0,1,1,UP,1.0,342.0,154.0,426.5,921.0,1080.0,1661.0,4.331,
14,MOOSE,Drag,3,1,1,1,1,854,32,3.0,300,DOWN,500,18.0,true,8331,7536,1632,152,643,0,2,1,DOWN,1.0,222.0,572.0,500.757,1490.5,1080.0,1661.0,4.331,
14,MOOSE,Drag,3,1,2,1,2,854,32,3.0,100,UP,491,18.0,true,3756,3136,1232,196,424,0,1,1,DOWN,1.0,327.0,12.0,552.0,1230.5,1080.0,1661.0,4.331,
14,MOOSE,Drag,3,1,3,1,3,854,32,3.0,50,UP,573,18.0,true,5442,4736,3440,302,404,0,3,1,DOWN,1.0,339.0,569.0,517.0,1143.0,1080.0,1661.0,4.331,
14,MOOSE,Drag,3,1,4,1,4,854,32,6.0,100,DOWN,726,18.0,true,3370,2319,897,377,674,0,1,1,DOWN,1.0,315.0,783.0,446.0,1574.0,1080.0,1661.0,4.331,
14,MOOSE,Drag,3,1,5,1,5,854,32,3.0,200,UP,356,18.0,true,6066,5152,1168,285,629,0,1,1,UP,2.0,57.0,78.0,562.0,1192.0,1080.0,1661.0,4.331,
14,MOOSE,Drag,3,1,6,1,6,854,32,6.0,300,DOWN,372,18.0,true,8162,7537,1247,205,420,0,1,1,DOWN,1.0,274.0,708.0,527.0,1710.0,1080.0,1661.0,4.331,
14,MOOSE,Drag,3,1,7,1,7,854,32,6.0,50,UP,531,18.0,true,2629,2032,1249,226,371,0,1,1,DOWN,1.0,241.0,529.5,362.52,1410.5,1080.0,1661.0,4.331,
14,MOOSE,Drag,3,1,8,1,8,854,32,6.0,200,DOWN,757,18.0,true,4827,4320,1440,80,427,0,1,1,DOWN,1.0,189.0,778.0,354.583,1816.0,1080.0,1661.0,4.331,
14,MOOSE,Drag,3,1,9,2,1,854,32,6.0,300,UP,367,18.0,true,8234,7119,830,458,657,0,1,1,UP,1.0,270.0,65.5,730.884,1427.0,1080.0,1661.0,4.331,
14,MOOSE,Drag,3,1,10,2,2,854,32,3.0,50,DOWN,638,18.0,true,3986,3137,2434,239,610,0,1,1,DOWN,1.0,365.0,884.0,506.0,1621.0,1080.0,1661.0,4.331,
14,MOOSE,Drag,3,1,11,2,3,854,32,3.0,200,DOWN,832,18.0,true,6082,5376,1312,299,407,0,1,1,DOWN,1.0,364.0,893.0,514.0,1875.0,1080.0,1661.0,4.331,
14,MOOSE,Drag,3,1,12,2,4,854,32,6.0,100,UP,514,18.0,true,5169,4447,1727,335,387,0,1,1,DOWN,1.0,372.0,767.5,547.0,1387.0,1080.0,1661.0,4.331,
14,MOOSE,Drag,3,1,13,2,5,854,32,6.0,50,DOWN,94,18.0,true,5423,4546,3696,268,609,0,1,1,DOWN,1.0,335.0,986.0,446.538,1833.0,1080.0,1661.0,4.331,
14,MOOSE,Drag,3,1,14,2,6,854,32,3.0,100,DOWN,215,18.0,true,4967,4337,2562,200,430,0,3,1,DOWN,1.0,337.0,967.0,442.0,1896.0,1080.0,1661.0,4.331,
14,MOOSE,Drag,3,1,15,2,7,854,32,6.0,200,UP,405,18.0,true,6339,5759,1712,212,368,0,1,1,DOWN,1.0,338.0,300.0,550.0,1583.0,1080.0,1661.0,4.331,
14,MOOSE,Drag,3,1,16,2,8,854,32,3.0,300,UP,134,18.0,true,8230,7360,1295,435,435,0,1,1,DOWN,1.0,230.0,180.0,638.0,1512.0,1080.0,1661.0,4.331,
14,MOOSE,Drag,3,1,17,3,1,854,32,6.0,50,DOWN,217,18.0,true,2717,1790,991,270,657,0,1,1,DOWN,1.0,257.0,782.0,462.0,1592.0,1080.0,1661.0,4.331,
14,MOOSE,Drag,3,1,18,3,2,854,32,3.0,300,DOWN,554,18.0,true,8163,7423,1154,342,398,0,1,1,DOWN,1.0,84.0,769.0,356.0,1771.0,1080.0,1661.0,4.331,
14,MOOSE,Drag,3,1,19,3,3,854,32,3.0,50,UP,62,18.0,true,2917,2160,1442,105,652,0,1,1,UP,1.0,240.0,418.0,385.0,1243.0,1080.0,1661.0,4.331,
14,MOOSE,Drag,3,1,20,3,4,854,32,6.0,300,UP,218,18.0,true,9377,8047,1457,386,944,0,1,1,UP,1.0,291.0,97.0,1062.0,1403.0,1080.0,1661.0,4.331,
14,MOOSE,Drag,3,1,21,3,5,854,32,3.0,200,DOWN,336,18.0,true,8334,4800,1200,445,3089,0,2,1,DOWN,1.0,324.0,812.0,462.502,1721.0,1080.0,1661.0,4.331,
14,MOOSE,Drag,3,1,22,3,6,854,32,6.0,100,UP,143,18.0,true,4286,3136,481,473,677,-1,1,1,UP,1.0,320.0,688.0,516.0,1332.0,1080.0,1661.0,4.331,
14,MOOSE,Drag,3,1,23,3,7,854,32,6.0,200,DOWN,617,18.0,true,6650,6160,1872,94,396,0,1,1,DOWN,1.0,280.0,837.0,439.0,1701.0,1080.0,1661.0,4.331,
14,MOOSE,Drag,3,1,24,3,8,854,32,3.0,100,UP,176,18.0,true,5166,4674,1585,124,368,0,1,1,DOWN,1.0,290.0,725.313,509.0,1283.0,1080.0,1661.0,4.331,
14,MOOSE,Drag,3,1,25,4,1,854,32,3.0,50,DOWN,393,18.0,true,3028,2046,1215,302,680,0,1,1,DOWN,1.0,220.0,839.0,396.0,1548.0,1080.0,1661.0,4.331,
14,MOOSE,Drag,3,1,26,4,2,854,32,3.0,200,UP,402,18.0,true,6439,5456,1200,368,615,0,1,1,UP,1.0,144.0,210.0,525.0,1330.0,1080.0,1661.0,4.331,
14,MOOSE,Drag,3,1,27,4,3,854,32,6.0,50,UP,444,18.0,true,3210,2337,1119,133,740,0,1,1,UP,1.0,299.0,733.0,543.0,1313.0,1080.0,1661.0,4.331,
14,MOOSE,Drag,3,1,28,4,4,854,32,6.0,200,UP,484,18.0,true,5337,4641,912,132,564,0,1,1,UP,1.0,150.0,250.0,560.0,1582.0,1080.0,1661.0,4.331,
14,MOOSE,Drag,3,1,29,4,5,854,32,6.0,100,DOWN,798,18.0,true,4098,3456,1655,130,512,-1,1,1,DOWN,1.0,349.0,904.0,447.04,1862.0,1080.0,1661.0,4.331,
14,MOOSE,Drag,3,1,30,4,6,854,32,6.0,300,DOWN,476,18.0,true,8881,8146,1409,255,480,0,1,1,DOWN,1.0,179.0,1022.0,393.219,1919.0,1080.0,1661.0,4.331,
14,MOOSE,Drag,3,1,31,4,7,854,32,3.0,100,DOWN,626,18.0,true,4302,3599,1582,287,416,0,2,1,DOWN,1.0,229.0,898.0,376.0,1901.0,1080.0,1661.0,4.331,
14,MOOSE,Drag,3,1,32,4,8,854,32,3.0,300,UP,135,18.0,true,8525,8304,1760,189,32,0,1,1,UP,1.0,218.503,32.0,575.0,1596.0,1080.0,1661.0,4.331,
14,MOOSE,Rubbing,4,1,1,1,1,854,32,6.0,300,UP,239,18.0,true,9128,7569,1743,137,1422,0,1,1,UP,3.0,0.0,273.5,489.697,1638.0,1080.0,1661.0,4.331,
14,MOOSE,Rubbing,4,1,2,1,2,854,32,3.0,50,DOWN,433,18.0,true,2990,1537,448,637,816,0,0,1,DOWN,1.0,353.656,453.0,443.0,932.5,1080.0,1661.0,4.331,
14,MOOSE,Rubbing,4,1,3,1,3,854,32,3.0,300,DOWN,817,18.0,true,9183,8255,4656,308,620,0,2,1,DOWN,1.0,392.0,399.5,550.5,1084.0,1080.0,1661.0,4.331,
14,MOOSE,Rubbing,4,1,4,1,4,854,32,6.0,200,UP,565,18.0,true,4683,3088,209,998,597,0,0,1,UP,1.0,288.0,359.0,431.0,802.0,1080.0,1661.0,4.331,
14,MOOSE,Rubbing,4,1,5,1,5,854,32,3.0,100,UP,433,18.0,true,3431,2766,1391,91,574,0,1,1,UP,1.0,295.0,407.5,371.0,850.0,1080.0,1661.0,4.331,
14,MOOSE,Rubbing,4,1,6,1,6,854,32,6.0,100,DOWN,533,18.0,true,7444,6865,2080,127,452,0,2,1,UP,1.0,230.0,709.0,364.0,1649.0,1080.0,1661.0,4.331,
14,MOOSE,Rubbing,4,1,7,1,7,854,32,3.0,200,UP,419,18.0,true,4777,4676,1583,43,58,0,1,1,UP,1.0,249.0,546.5,359.375,1138.0,1080.0,1661.0,4.331,
14,MOOSE,Rubbing,4,1,8,1,8,854,32,6.0,50,DOWN,302,18.0,true,4172,2943,2064,523,706,0,1,1,DOWN,1.0,244.0,712.0,287.677,1181.0,1080.0,1661.0,4.331,
14,MOOSE,Rubbing,4,1,9,2,1,854,32,6.0,300,DOWN,638,18.0,true,9183,8111,2832,139,933,0,1,1,DOWN,1.0,242.0,685.0,414.0,1433.331,1080.0,1661.0,4.331,
14,MOOSE,Rubbing,4,1,10,2,2,854,32,3.0,200,DOWN,619,18.0,true,10344,9665,1568,114,565,0,1,2,UP,1.0,239.0,984.0,356.354,1645.5,1080.0,1661.0,4.331,
14,MOOSE,Rubbing,4,1,11,2,3,854,32,3.0,100,DOWN,637,18.0,true,5020,4065,2208,472,483,0,1,1,DOWN,1.0,246.0,917.0,314.5,1475.0,1080.0,1661.0,4.331,
14,MOOSE,Rubbing,4,1,12,2,4,854,32,3.0,300,UP,360,18.0,true,7630,6982,2343,76,572,0,1,1,UP,1.0,223.5,571.528,346.0,1429.0,1080.0,1661.0,4.331,
14,MOOSE,Rubbing,4,1,13,2,5,854,32,6.0,100,UP,176,18.0,true,3052,2080,816,349,623,0,1,1,UP,1.0,323.0,661.5,371.323,1054.5,1080.0,1661.0,4.331,
14,MOOSE,Rubbing,4,1,14,2,6,854,32,6.0,50,UP,403,18.0,true,6501,5903,2368,130,468,0,1,1,DOWN,1.0,275.0,526.5,360.0,1271.0,1080.0,1661.0,4.331,
14,MOOSE,Rubbing,4,1,15,2,7,854,32,3.0,50,UP,47,18.0,true,3155,2272,1424,269,614,0,1,1,UP,1.0,333.498,924.0,367.0,1365.0,1080.0,1661.0,4.331,
14,MOOSE,Rubbing,4,1,16,2,8,854,32,6.0,200,DOWN,361,18.0,true,8559,7825,2320,54,680,0,1,1,DOWN,1.0,288.0,1061.0,372.0,1802.0,1080.0,1661.0,4.331,
14,MOOSE,Rubbing,4,1,17,3,1,854,32,3.0,50,UP,476,18.0,true,3199,1567,847,382,1250,0,1,1,UP,1.0,300.0,1051.0,405.0,1525.0,1080.0,1661.0,4.331,
14,MOOSE,Rubbing,4,1,18,3,2,854,32,6.0,100,DOWN,780,18.0,true,5030,4128,2383,268,634,0,1,1,DOWN,1.0,272.0,888.0,359.0,1480.0,1080.0,1661.0,4.331,
14,MOOSE,Rubbing,4,1,19,3,3,854,32,6.0,300,DOWN,657,18.0,true,8417,7712,3135,64,641,0,2,1,DOWN,1.0,322.652,915.5,415.0,1552.0,1080.0,1661.0,4.331,
14,MOOSE,Rubbing,4,1,20,3,4,854,32,6.0,50,UP,589,18.0,true,6216,5488,4480,131,597,0,2,1,UP,1.0,355.0,894.0,428.0,1462.5,1080.0,1661.0,4.331,
14,MOOSE,Rubbing,4,1,21,3,5,854,32,3.0,200,DOWN,769,18.0,true,9420,8640,4191,207,573,0,2,1,DOWN,1.0,308.0,967.0,443.0,1516.0,1080.0,1661.0,4.331,
14,MOOSE,Rubbing,4,1,22,3,6,854,32,3.0,300,DOWN,643,18.0,true,9348,8688,2592,136,524,0,1,1,DOWN,1.0,272.0,1274.0,342.0,1609.5,1080.0,1661.0,4.331,
14,MOOSE,Rubbing,4,1,23,3,7,854,32,3.0,100,UP,363,18.0,true,6158,5169,1151,530,459,0,1,1,DOWN,1.0,328.0,837.5,405.0,1326.0,1080.0,1661.0,4.331,
14,MOOSE,Rubbing,4,1,24,3,8,854,32,6.0,200,UP,54,18.0,true,5937,5344,2703,45,548,0,2,1,UP,1.0,318.0,943.0,408.658,1549.0,1080.0,1661.0,4.331,
14,MOOSE,Rubbing,4,1,25,4,1,854,32,6.0,100,UP,289,18.0,true,3639,2673,1296,64,902,-1,1,1,UP,1.0,334.0,942.0,471.0,1263.0,1080.0,1661.0,4.331,
14,MOOSE,Rubbing,4,1,26,4,2,854,32,3.0,300,UP,96,18.0,true,7427,5649,1807,1199,579,0,1,1,UP,1.0,297.0,840.5,412.0,1314.0,1080.0,1661.0,4.331,
14,MOOSE,Rubbing,4,1,27,4,3,854,32,6.0,300,UP,521,18.0,true,5024,4272,223,229,523,0,1,1,UP,1.0,244.0,958.5,337.0,1410.0,1080.0,1661.0,4.331,
14,MOOSE,Rubbing,4,1,28,4,4,854,32,6.0,200,DOWN,639,18.0,true,3820,3217,816,61,542,0,1,1,DOWN,1.0,240.5,1061.0,299.0,1507.5,1080.0,1661.0,4.331,
14,MOOSE,Rubbing,4,1,29,4,5,854,32,3.0,100,DOWN,676,18.0,true,6159,5567,3968,38,554,0,2,1,DOWN,1.0,210.0,1081.0,259.0,1429.5,1080.0,1661.0,4.331,
14,MOOSE,Rubbing,4,1,30,4,6,854,32,6.0,50,DOWN,707,18.0,true,2905,2191,1151,223,491,0,1,1,DOWN,1.0,197.0,1053.0,229.0,1521.0,1080.0,1661.0,4.331,
14,MOOSE,Rubbing,4,1,31,4,7,854,32,3.0,200,UP,600,18.0,true,4159,3343,910,248,568,0,1,1,UP,1.0,243.0,894.0,299.5,1351.5,1080.0,1661.0,4.331,
14,MOOSE,Rubbing,4,1,32,4,8,854,32,3.0,50,DOWN,359,18.0,true,3343,2624,1551,65,654,0,1,1,DOWN,1.0,259.0,1128.0,359.0,1681.5,1080.0,1661.0,4.331,
14,MOOSE,Rubbing,4,2,1,1,1,854,32,3.0,100,UP,674,18.0,true,5710,4657,3088,238,815,0,1,1,UP,1.0,298.0,686.0,544.673,1096.0,1080.0,1661.0,4.331,
14,MOOSE,Rubbing,4,2,2,1,2,854,32,6.0,300,UP,321,18.0,true,7286,6336,1632,366,584,0,2,1,UP,1.0,371.0,734.0,497.363,1128.0,1080.0,1661.0,4.331,
14,MOOSE,Rubbing,4,2,3,1,3,854,32,3.0,50,UP,319,18.0,true,2761,1903,1056,387,471,0,1,1,UP,1.0,384.5,880.5,449.0,1110.0,1080.0,1661.0,4.331,
14,MOOSE,Rubbing,4,2,4,1,4,854,32,3.0,200,DOWN,554,18.0,true,6449,5440,2223,477,532,0,1,1,DOWN,1.0,316.0,768.0,418.0,1174.5,1080.0,1661.0,4.331,
14,MOOSE,Rubbing,4,2,5,1,5,854,32,3.0,300,UP,465,18.0,true,6516,5969,1552,175,372,0,1,1,UP,1.0,403.5,758.0,478.523,1178.5,1080.0,1661.0,4.331,
14,MOOSE,Rubbing,4,2,6,1,6,854,32,6.0,100,DOWN,757,18.0,true,2870,2017,769,264,589,-1,2,1,DOWN,1.0,364.5,1013.0,429.0,1367.0,1080.0,1661.0,4.331,
14,MOOSE,Rubbing,4,2,7,1,7,854,32,6.0,50,DOWN,314,18.0,true,3156,2384,1232,305,467,0,1,1,DOWN,1.0,283.0,943.0,405.0,1440.0,1080.0,1661.0,4.331,
14,MOOSE,Rubbing,4,2,8,1,8,854,32,6.0,200,DOWN,549,18.0,true,4924,4000,1439,443,481,0,1,1,DOWN,1.0,313.0,975.0,421.0,1287.0,1080.0,1661.0,4.331,
14,MOOSE,Rubbing,4,2,9,2,1,854,32,3.0,50,DOWN,149,18.0,true,4504,3728,2977,147,629,0,2,1,DOWN,1.0,326.0,831.0,439.0,1141.0,1080.0,1661.0,4.331,
14,MOOSE,Rubbing,4,2,10,2,2,854,32,3.0,100,DOWN,354,18.0,true,3198,2145,736,478,575,0,1,1,DOWN,1.0,324.0,904.0,373.0,1215.0,1080.0,1661.0,4.331,
14,MOOSE,Rubbing,4,2,11,2,3,854,32,6.0,300,DOWN,473,18.0,true,5903,5279,1776,216,408,0,1,1,DOWN,1.0,252.0,830.0,395.0,1383.0,1080.0,1661.0,4.331,
14,MOOSE,Rubbing,4,2,12,2,4,854,32,6.0,100,UP,684,18.0,true,7692,6913,1695,313,466,0,1,2,DOWN,1.0,272.0,769.0,419.0,1348.0,1080.0,1661.0,4.331,
14,MOOSE,Rubbing,4,2,13,2,5,854,32,3.0,300,DOWN,471,18.0,true,11041,10096,1584,419,526,0,1,1,DOWN,1.0,247.0,757.0,430.0,1550.498,1080.0,1661.0,4.331,
14,MOOSE,Rubbing,4,2,14,2,6,854,32,6.0,50,UP,692,18.0,true,3922,3153,2288,159,610,0,1,1,UP,1.0,268.388,935.5,333.351,1303.0,1080.0,1661.0,4.331,
14,MOOSE,Rubbing,4,2,15,2,7,854,32,6.0,200,UP,347,18.0,true,4923,4176,1535,111,636,0,1,1,UP,1.0,300.0,883.5,396.5,1260.0,1080.0,1661.0,4.331,
14,MOOSE,Rubbing,4,2,16,2,8,854,32,3.0,200,UP,286,18.0,true,4813,3903,1422,205,705,0,1,1,UP,1.0,294.264,891.0,363.0,1235.0,1080.0,1661.0,4.331,
14,MOOSE,Rubbing,4,2,17,3,1,854,32,6.0,300,UP,68,18.0,true,8415,7439,1216,315,661,0,1,1,UP,1.0,286.0,740.0,485.0,1365.0,1080.0,1661.0,4.331,
14,MOOSE,Rubbing,4,2,18,3,2,854,32,3.0,200,UP,231,18.0,true,7321,6673,3473,193,455,0,1,1,DOWN,1.0,239.0,797.0,388.311,1417.0,1080.0,1661.0,4.331,
14,MOOSE,Rubbing,4,2,19,3,3,854,32,3.0,300,DOWN,380,18.0,true,5723,5008,2095,32,683,0,1,1,DOWN,1.0,239.563,958.0,302.0,1418.5,1080.0,1661.0,4.331,
14,MOOSE,Rubbing,4,2,20,3,4,854,32,6.0,100,DOWN,751,18.0,true,5069,4785,1631,242,42,-1,2,2,UP,1.0,225.0,834.0,320.0,1576.0,1080.0,1661.0,4.331,
14,MOOSE,Rubbing,4,2,21,3,5,854,32,3.0,50,UP,195,18.0,true,2963,2915,1473,12,36,0,1,1,UP,1.0,258.0,991.0,318.0,1460.0,1080.0,1661.0,4.331,
14,MOOSE,Rubbing,4,2,22,3,6,854,32,6.0,50,DOWN,806,18.0,true,5780,4816,1665,207,757,0,2,2,DOWN,1.0,213.0,962.0,302.0,1466.0,1080.0,1661.0,4.331,
14,MOOSE,Rubbing,4,2,23,3,7,854,32,3.0,100,UP,264,18.0,true,4828,3920,2688,245,663,0,1,1,UP,1.0,249.0,993.0,319.0,1382.0,1080.0,1661.0,4.331,
14,MOOSE,Rubbing,4,2,24,3,8,854,32,6.0,200,DOWN,741,18.0,true,4886,3922,833,162,802,0,1,1,DOWN,1.0,259.792,853.0,348.0,1579.0,1080.0,1661.0,4.331,
14,MOOSE,Rubbing,4,2,25,4,1,854,32,6.0,200,UP,217,18.0,true,4050,2800,703,212,1038,0,1,1,UP,1.0,340.0,788.0,483.5,1364.0,1080.0,1661.0,4.331,
14,MOOSE,Rubbing,4,2,26,4,2,854,32,6.0,50,UP,499,18.0,true,1893,1361,608,7,525,-1,1,1,UP,1.0,203.475,1061.5,286.0,1449.0,1080.0,1661.0,4.331,
14,MOOSE,Rubbing,4,2,27,4,3,854,32,3.0,200,DOWN,629,18.0,true,5833,4432,1135,847,554,0,1,1,DOWN,1.0,222.0,1009.0,324.0,1587.5,1080.0,1661.0,4.331,
14,MOOSE,Rubbing,4,2,28,4,4,854,32,3.0,100,DOWN,178,18.0,true,3856,2993,1488,155,708,0,1,1,DOWN,1.0,241.0,832.0,318.0,1377.0,1080.0,1661.0,4.331,
14,MOOSE,Rubbing,4,2,29,4,5,854,32,6.0,300,DOWN,317,18.0,true,7845,7185,3327,100,560,0,1,1,DOWN,1.0,264.368,930.5,331.0,1487.5,1080.0,1661.0,4.331,
14,MOOSE,Rubbing,4,2,30,4,6,854,32,3.0,50,DOWN,411,18.0,true,6963,6351,2000,21,591,0,1,2,DOWN,1.0,299.0,881.0,409.0,1606.0,1080.0,1661.0,4.331,
14,MOOSE,Rubbing,4,2,31,4,7,854,32,6.0,100,UP,560,18.0,true,4150,3249,1761,331,570,0,1,1,UP,1.0,359.72,994.5,419.0,1304.5,1080.0,1661.0,4.331,
14,MOOSE,Rubbing,4,2,32,4,8,854,32,3.0,300,UP,496,18.0,true,5570,4784,1471,275,511,0,1,1,UP,1.0,281.0,881.5,425.335,1332.0,1080.0,1661.0,4.331,
14,MOOSE,Rubbing,4,3,1,1,1,854,32,3.0,300,UP,171,18.0,true,8259,6448,2561,174,1637,0,1,1,UP,1.0,309.0,651.0,581.663,1163.0,1080.0,1661.0,4.331,
14,MOOSE,Rubbing,4,3,2,1,2,854,32,6.0,50,DOWN,94,18.0,true,6401,5616,1615,160,625,0,2,2,DOWN,1.0,355.0,690.5,458.0,1201.625,1080.0,1661.0,4.331,
14,MOOSE,Rubbing,4,3,3,1,3,854,32,6.0,100,UP,393,18.0,true,4180,3663,1599,92,425,0,1,1,DOWN,1.0,352.0,764.0,434.019,1180.5,1080.0,1661.0,4.331,
14,MOOSE,Rubbing,4,3,4,1,4,854,32,6.0,200,DOWN,838,18.0,true,3692,2274,0,1024,394,1,0,1,UP,1.0,256.0,808.0,510.0,1239.5,1080.0,1661.0,4.331,
14,MOOSE,Rubbing,4,3,5,1,5,854,32,3.0,100,DOWN,552,18.0,true,8033,7008,5599,344,681,0,1,1,DOWN,1.0,484.0,789.0,542.0,1172.706,1080.0,1661.0,4.331,
14,MOOSE,Rubbing,4,3,6,1,6,854,32,3.0,50,UP,362,18.0,true,4216,3583,1966,30,603,0,1,1,UP,1.0,423.0,785.711,482.0,1014.0,1080.0,1661.0,4.331,
14,MOOSE,Rubbing,4,3,7,1,7,854,32,6.0,300,UP,270,18.0,true,8366,8240,1520,89,37,0,1,1,UP,1.0,318.0,788.5,513.0,1216.5,1080.0,1661.0,4.331,
14,MOOSE,Rubbing,4,3,8,1,8,854,32,3.0,200,DOWN,384,18.0,true,5423,4624,1760,298,501,0,2,1,DOWN,1.0,234.696,860.0,354.0,1278.0,1080.0,1661.0,4.331,
14,MOOSE,Rubbing,4,3,9,2,1,854,32,6.0,200,UP,104,18.0,true,6019,4767,1696,97,1155,0,1,1,UP,1.0,307.0,715.5,464.0,1099.5,1080.0,1661.0,4.331,
14,MOOSE,Rubbing,4,3,10,2,2,854,32,6.0,300,DOWN,675,18.0,true,9841,9376,3440,25,440,0,1,1,UP,1.0,262.0,738.0,386.0,1447.5,1080.0,1661.0,4.331,
14,MOOSE,Rubbing,4,3,11,2,3,854,32,3.0,300,DOWN,596,18.0,true,7656,7395,2415,225,36,0,1,1,UP,1.0,147.0,849.0,316.0,1475.0,1080.0,1661.0,4.331,
14,MOOSE,Rubbing,4,3,12,2,4,854,32,3.0,100,UP,615,18.0,true,3444,2831,1312,83,530,0,1,1,UP,1.0,174.0,980.5,248.0,1280.0,1080.0,1661.0,4.331,
14,MOOSE,Rubbing,4,3,13,2,5,854,32,6.0,100,DOWN,540,18.0,true,4310,3871,1391,34,405,0,1,1,UP,1.0,144.0,966.5,283.0,1635.0,1080.0,1661.0,4.331,
14,MOOSE,Rubbing,4,3,14,2,6,854,32,6.0,50,UP,443,18.0,true,10168,8798,1646,1331,39,0,1,2,UP,1.0,143.0,816.0,311.0,1506.0,1080.0,1661.0,4.331,
14,MOOSE,Rubbing,4,3,15,2,7,854,32,3.0,50,DOWN,635,18.0,true,4161,2910,1711,266,985,0,1,1,DOWN,1.0,145.0,890.0,232.0,1460.0,1080.0,1661.0,4.331,
14,MOOSE,Rubbing,4,3,16,2,8,854,32,3.0,200,UP,388,18.0,true,6168,4849,1744,669,650,0,1,1,UP,1.0,148.0,921.5,314.0,1258.0,1080.0,1661.0,4.331,
14,MOOSE,Rubbing,4,3,17,3,1,854,32,6.0,200,DOWN,804,18.0,true,10250,9232,3121,113,905,0,1,2,DOWN,1.0,258.5,710.0,466.0,1621.0,1080.0,1661.0,4.331,
14,MOOSE,Rubbing,4,3,18,3,2,854,32,3.0,50,DOWN,738,18.0,true,3301,2512,1231,177,612,0,1,1,DOWN,1.0,263.0,951.0,361.707,1447.0,1080.0,1661.0,4.331,
14,MOOSE,Rubbing,4,3,19,3,3,854,32,3.0,200,UP,347,18.0,true,5628,4816,1968,158,654,0,1,1,UP,1.0,271.0,969.5,330.0,1284.0,1080.0,1661.0,4.331,
14,MOOSE,Rubbing,4,3,20,3,4,854,32,6.0,50,DOWN,335,18.0,true,6285,4785,3393,878,622,-1,1,1,DOWN,1.0,183.0,993.0,250.0,1598.0,1080.0,1661.0,4.331,
14,MOOSE,Rubbing,4,3,21,3,5,854,32,6.0,300,UP,84,18.0,true,5851,4800,1104,607,444,0,1,1,UP,1.0,147.0,921.5,334.0,1369.0,1080.0,1661.0,4.331,
14,MOOSE,Rubbing,4,3,22,3,6,854,32,6.0,100,UP,663,18.0,true,8218,7264,2305,274,680,0,2,1,UP,1.0,152.0,828.5,317.56,1645.5,1080.0,1661.0,4.331,
14,MOOSE,Rubbing,4,3,23,3,7,854,32,3.0,100,UP,411,18.0,true,7424,6816,3794,159,449,0,3,1,UP,1.0,247.5,830.0,367.0,1396.5,1080.0,1661.0,4.331,
14,MOOSE,Rubbing,4,3,24,3,8,854,32,3.0,300,DOWN,687,18.0,true,6928,5840,2399,475,613,0,1,1,DOWN,1.0,205.0,923.0,312.655,1310.0,1080.0,1661.0,4.331,
14,MOOSE,Rubbing,4,3,25,4,1,854,32,3.0,50,UP,108,18.0,true,3386,2320,1536,324,742,0,1,1,UP,1.0,271.656,961.5,451.0,1570.0,1080.0,1661.0,4.331,
14,MOOSE,Rubbing,4,3,26,4,2,854,32,6.0,100,DOWN,379,18.0,true,2674,1408,178,703,563,0,0,1,DOWN,1.0,250.0,1004.5,338.5,1334.0,1080.0,1661.0,4.331,
14,MOOSE,Rubbing,4,3,27,4,3,854,32,6.0,300,DOWN,438,18.0,true,6142,5472,1551,198,472,0,1,1,DOWN,1.0,159.0,1023.0,358.0,1464.0,1080.0,1661.0,4.331,
14,MOOSE,Rubbing,4,3,28,4,4,854,32,3.0,300,UP,196,18.0,true,5484,4832,1743,124,528,0,1,1,UP,1.0,192.0,992.5,313.318,1553.0,1080.0,1661.0,4.331,
14,MOOSE,Rubbing,4,3,29,4,5,854,32,6.0,200,UP,246,18.0,true,5341,4592,2288,185,564,0,1,1,UP,1.0,216.0,1017.65,369.0,1595.0,1080.0,1661.0,4.331,
14,MOOSE,Rubbing,4,3,30,4,6,854,32,6.0,50,UP,321,18.0,true,6340,5745,2434,164,431,0,2,2,DOWN,1.0,189.987,987.5,363.0,1611.0,1080.0,1661.0,4.331,
14,MOOSE,Rubbing,4,3,31,4,7,854,32,3.0,100,DOWN,167,18.0,true,3877,3025,1664,161,691,0,1,1,DOWN,1.0,199.0,1078.0,288.5,1472.0,1080.0,1661.0,4.331,
14,MOOSE,Rubbing,4,3,32,4,8,854,32,3.0,200,DOWN,587,18.0,true,4728,3857,1617,276,595,0,1,1,DOWN,1.0,135.0,1092.0,241.0,1521.0,1080.0,1661.0,4.331,
14,MOOSE,Rubbing,4,4,1,1,1,854,32,3.0,300,DOWN,673,18.0,true,5567,4640,1471,239,688,0,1,1,DOWN,1.0,53.0,699.0,422.0,1602.0,1080.0,1661.0,4.331,
14,MOOSE,Rubbing,4,4,2,1,2,854,32,6.0,300,UP,72,18.0,true,5238,4256,944,335,647,0,1,1,UP,1.0,313.0,741.0,405.432,1184.0,1080.0,1661.0,4.331,
14,MOOSE,Rubbing,4,4,3,1,3,854,32,3.0,100,UP,118,18.0,true,3750,3264,2047,66,420,0,1,1,UP,1.0,250.711,706.0,410.0,1263.0,1080.0,1661.0,4.331,
14,MOOSE,Rubbing,4,4,4,1,4,854,32,6.0,100,DOWN,789,18.0,true,6055,5567,3054,117,371,-1,3,2,UP,1.0,164.0,807.0,416.0,1476.0,1080.0,1661.0,4.331,
14,MOOSE,Rubbing,4,4,5,1,5,854,32,6.0,50,UP,387,18.0,true,5322,4512,3920,166,644,0,2,1,UP,1.0,292.0,825.0,464.0,1288.0,1080.0,1661.0,4.331,
14,MOOSE,Rubbing,4,4,6,1,6,854,32,3.0,50,DOWN,392,18.0,true,4142,3520,1936,15,607,0,1,1,DOWN,1.0,300.0,893.0,403.0,1278.0,1080.0,1661.0,4.331,
14,MOOSE,Rubbing,4,4,7,1,7,854,32,3.0,200,DOWN,759,18.0,true,6901,6079,1792,256,566,0,1,1,DOWN,1.0,291.0,764.0,409.0,1333.5,1080.0,1661.0,4.331,
14,MOOSE,Rubbing,4,4,8,1,8,854,32,6.0,200,UP,71,18.0,true,5437,4176,1791,456,805,0,1,1,UP,1.0,317.0,844.0,396.641,1231.0,1080.0,1661.0,4.331,
14,MOOSE,Rubbing,4,4,9,2,1,854,32,3.0,100,DOWN,538,18.0,true,8566,7665,3359,127,774,0,1,2,DOWN,1.0,289.0,835.0,439.0,1307.742,1080.0,1661.0,4.331,
14,MOOSE,Rubbing,4,4,10,2,2,854,32,6.0,100,UP,612,18.0,true,4128,2913,1648,685,530,0,1,1,UP,1.0,325.0,806.0,493.0,1332.0,1080.0,1661.0,4.331,
14,MOOSE,Rubbing,4,4,11,2,3,854,32,3.0,50,UP,613,18.0,true,6041,5296,4049,38,707,0,1,1,UP,1.0,221.0,976.5,399.0,1324.0,1080.0,1661.0,4.331,
14,MOOSE,Rubbing,4,4,12,2,4,854,32,6.0,300,DOWN,521,18.0,true,7518,6817,3648,36,665,0,1,1,DOWN,1.0,327.0,834.0,425.0,1291.5,1080.0,1661.0,4.331,
14,MOOSE,Rubbing,4,4,13,2,5,854,32,6.0,50,DOWN,461,18.0,true,3040,2176,1472,103,761,0,2,1,DOWN,1.0,362.0,781.0,424.5,1112.5,1080.0,1661.0,4.331,
14,MOOSE,Rubbing,4,4,14,2,6,854,32,6.0,200,DOWN,720,18.0,true,3974,3376,1135,65,533,0,1,1,DOWN,1.0,343.0,862.0,422.0,1234.5,1080.0,1661.0,4.331,
14,MOOSE,Rubbing,4,4,15,2,7,854,32,3.0,300,UP,109,18.0,true,9469,9249,2016,174,46,0,1,2,UP,1.0,289.0,768.5,469.12,1426.0,1080.0,1661.0,4.331,
14,MOOSE,Rubbing,4,4,16,2,8,854,32,3.0,200,UP,529,18.0,false,5313,4624,2353,142,547,2,1,1,UP,1.0,312.0,890.5,449.0,1298.0,1080.0,1661.0,4.331,
14,MOOSE,Rubbing,4,4,17,2,8,854,32,3.0,200,UP,446,18.0,true,4627,3168,0,889,570,0,0,1,UP,1.0,254.0,866.5,394.0,1261.5,1080.0,1661.0,4.331,
14,MOOSE,Rubbing,4,4,18,3,1,854,32,6.0,50,DOWN,290,18.0,true,5423,3471,1247,156,1796,-1,1,1,UP,1.0,373.0,841.0,551.0,1440.5,1080.0,1661.0,4.331,
14,MOOSE,Rubbing,4,4,19,3,2,854,32,3.0,50,DOWN,622,18.0,true,2781,2079,1310,100,602,0,1,1,DOWN,1.0,362.0,976.0,452.278,1387.328,1080.0,1661.0,4.331,
14,MOOSE,Rubbing,4,4,20,3,3,854,32,3.0,100,DOWN,769,18.0,true,3666,2768,1279,320,578,0,1,1,DOWN,1.0,341.0,865.0,429.0,1405.0,1080.0,1661.0,4.331,
14,MOOSE,Rubbing,4,4,21,3,4,854,32,6.0,300,UP,101,18.0,true,5633,5473,1665,121,39,0,1,1,UP,1.0,350.0,848.5,505.0,1362.0,1080.0,1661.0,4.331,
14,MOOSE,Rubbing,4,4,22,3,5,854,32,6.0,200,UP,74,18.0,true,4149,3024,384,606,519,0,1,1,UP,1.0,330.714,867.697,462.0,1254.0,1080.0,1661.0,4.331,
14,MOOSE,Rubbing,4,4,23,3,6,854,32,6.0,100,UP,383,18.0,true,3759,3184,1391,87,488,0,1,1,UP,1.0,344.0,942.0,435.0,1293.0,1080.0,1661.0,4.331,
14,MOOSE,Rubbing,4,4,24,3,7,854,32,3.0,300,DOWN,564,18.0,true,5937,5119,1279,205,613,0,1,1,DOWN,1.0,251.0,952.5,387.518,1313.5,1080.0,1661.0,4.331,
14,MOOSE,Rubbing,4,4,25,3,8,854,32,3.0,200,UP,154,18.0,true,5600,4977,2304,109,514,0,1,1,UP,1.0,274.0,899.347,395.0,1355.0,1080.0,1661.0,4.331,
14,MOOSE,Rubbing,4,4,26,4,1,854,32,3.0,50,UP,427,18.0,true,3350,2336,1664,17,997,0,1,1,UP,1.0,337.0,877.0,504.0,1284.0,1080.0,1661.0,4.331,
14,MOOSE,Rubbing,4,4,27,4,2,854,32,6.0,300,DOWN,832,18.0,true,5298,4545,1649,207,546,0,1,1,DOWN,1.0,259.0,1016.5,414.692,1704.487,1080.0,1661.0,4.331,
14,MOOSE,Rubbing,4,4,28,4,3,854,32,3.0,100,UP,129,18.0,true,4649,3890,2529,366,393,0,1,1,UP,1.0,209.0,1073.0,396.69,1594.0,1080.0,1661.0,4.331,
14,MOOSE,Rubbing,4,4,29,4,4,854,32,6.0,100,DOWN,140,18.0,true,4696,3775,1648,191,730,0,1,1,DOWN,1.0,282.0,1047.0,383.317,1687.0,1080.0,1661.0,4.331,
14,MOOSE,Rubbing,4,4,30,4,5,854,32,3.0,200,DOWN,218,18.0,true,6740,5968,3568,252,520,0,1,1,DOWN,1.0,291.0,945.0,413.333,1495.5,1080.0,1661.0,4.331,
14,MOOSE,Rubbing,4,4,31,4,6,854,32,6.0,200,DOWN,227,18.0,true,4339,2768,-1,981,590,0,0,1,DOWN,1.0,284.5,1026.0,430.44,1453.721,1080.0,1661.0,4.331,
14,MOOSE,Rubbing,4,4,32,4,7,854,32,6.0,50,UP,711,18.0,true,7155,4798,1615,344,2013,0,1,2,UP,1.0,233.0,1010.5,504.0,1629.0,1080.0,1661.0,4.331,
14,MOOSE,Rubbing,4,4,33,4,8,854,32,3.0,300,UP,180,18.0,true,5763,5007,2016,310,446,0,1,1,UP,1.0,239.0,865.0,477.0,1462.0,1080.0,1661.0,4.331,
14,MOOSE,Drag,4,4,1,1,1,854,32,6.0,100,UP,174,18.0,true,5173,3472,1187,466,1235,-1,1,1,UP,1.0,257.0,430.0,502.0,1098.0,1080.0,1661.0,4.331,
14,MOOSE,Drag,4,4,2,1,2,854,32,3.0,100,UP,309,18.0,true,4564,3969,1760,115,480,0,2,1,UP,1.0,204.0,538.0,464.0,1161.0,1080.0,1661.0,4.331,
14,MOOSE,Drag,4,4,3,1,3,854,32,6.0,200,DOWN,435,18.0,true,5810,5024,1328,372,414,0,1,1,UP,1.0,231.0,672.0,470.566,1634.514,1080.0,1661.0,4.331,
14,MOOSE,Drag,4,4,4,1,4,854,32,3.0,50,DOWN,330,18.0,true,2775,2046,1327,215,514,0,2,1,DOWN,1.0,257.0,683.0,425.0,1323.0,1080.0,1661.0,4.331,
14,MOOSE,Drag,4,4,5,1,5,854,32,3.0,200,DOWN,326,18.0,true,4882,4254,1264,103,525,0,2,1,DOWN,1.0,272.0,648.0,470.0,1697.0,1080.0,1661.0,4.331,
14,MOOSE,Drag,4,4,6,1,6,854,32,3.0,300,UP,254,18.0,true,8236,7538,1605,163,535,0,2,1,UP,1.0,219.0,524.345,552.0,1364.0,1080.0,1661.0,4.331,
14,MOOSE,Drag,4,4,7,1,7,854,32,6.0,300,DOWN,815,18.0,true,6303,5503,1407,126,674,-1,1,1,DOWN,1.0,255.0,709.0,455.52,1745.0,1080.0,1661.0,4.331,
14,MOOSE,Drag,4,4,8,1,8,854,32,6.0,50,UP,782,18.0,true,3041,2545,1264,468,28,-1,1,1,UP,1.0,288.0,668.0,442.0,1248.0,1080.0,1661.0,4.331,
14,MOOSE,Drag,4,4,9,2,1,854,32,3.0,100,DOWN,439,18.0,true,3555,2593,1169,249,713,0,1,1,DOWN,1.0,196.0,729.0,382.0,1688.0,1080.0,1661.0,4.331,
14,MOOSE,Drag,4,4,10,2,2,854,32,6.0,50,DOWN,155,18.0,true,2552,1887,1007,129,536,-1,1,1,DOWN,1.0,272.0,644.0,307.525,1324.5,1080.0,1661.0,4.331,
14,MOOSE,Drag,4,4,11,2,3,854,32,6.0,300,UP,524,18.0,true,7744,7023,1039,239,482,0,1,1,DOWN,1.0,125.444,445.5,581.0,1436.0,1080.0,1661.0,4.331,
14,MOOSE,Drag,4,4,12,2,4,854,32,6.0,100,DOWN,203,18.0,true,4677,4570,2464,60,47,0,2,1,UP,1.0,192.0,662.0,402.0,1811.0,1080.0,1661.0,4.331,
14,MOOSE,Drag,4,4,13,2,5,854,32,3.0,50,UP,195,18.0,true,3674,2640,1841,157,877,0,1,1,UP,1.0,308.0,551.0,488.0,1212.0,1080.0,1661.0,4.331,
14,MOOSE,Drag,4,4,14,2,6,854,32,3.0,200,UP,503,18.0,true,6050,5248,1233,321,481,0,1,1,UP,1.0,168.0,549.5,431.0,1520.0,1080.0,1661.0,4.331,
14,MOOSE,Drag,4,4,15,2,7,854,32,6.0,200,UP,551,18.0,true,7071,6463,904,87,521,-1,1,1,UP,1.0,75.438,747.5,513.0,1665.0,1080.0,1661.0,4.331,
14,MOOSE,Drag,4,4,16,2,8,854,32,3.0,300,DOWN,399,18.0,true,7422,6623,1807,141,658,0,2,1,DOWN,1.0,283.0,1014.0,527.0,1919.0,1080.0,1661.0,4.331,
14,MOOSE,Drag,4,4,17,3,1,854,32,6.0,300,DOWN,713,18.0,true,6953,5745,1244,379,829,0,1,1,DOWN,1.0,171.0,860.0,527.564,1917.0,1080.0,1661.0,4.331,
14,MOOSE,Drag,4,4,18,3,2,854,32,3.0,100,UP,267,18.0,true,5330,5105,2384,184,41,0,1,1,UP,1.0,266.562,855.0,611.0,1616.0,1080.0,1661.0,4.331,
14,MOOSE,Drag,4,4,19,3,3,854,32,6.0,100,DOWN,785,18.0,true,3043,2383,1072,104,556,0,1,1,DOWN,1.0,355.0,946.0,410.0,1901.0,1080.0,1661.0,4.331,
14,MOOSE,Drag,4,4,20,3,4,854,32,3.0,200,UP,271,18.0,true,6187,5042,1090,515,630,0,1,1,UP,1.0,262.0,827.0,630.0,1658.0,1080.0,1661.0,4.331,
14,MOOSE,Drag,4,4,21,3,5,854,32,6.0,50,DOWN,105,18.0,true,2845,1888,1072,310,647,0,1,1,DOWN,1.0,278.0,1083.0,366.262,1881.0,1080.0,1661.0,4.331,
14,MOOSE,Drag,4,4,22,3,6,854,32,6.0,200,DOWN,362,18.0,true,5334,4384,927,433,517,0,1,1,DOWN,1.0,255.0,1073.0,403.0,1909.0,1080.0,1661.0,4.331,
14,MOOSE,Drag,4,4,23,3,7,854,32,3.0,300,UP,534,18.0,true,11672,10752,1408,243,677,0,1,1,UP,1.0,215.0,901.0,521.0,1712.0,1080.0,1661.0,4.331,
14,MOOSE,Drag,4,4,24,3,8,854,32,3.0,50,UP,246,18.0,true,2888,1999,1279,258,631,0,1,1,UP,1.0,321.548,995.0,525.0,1595.0,1080.0,1661.0,4.331,
14,MOOSE,Drag,4,4,25,4,1,854,32,3.0,200,DOWN,702,18.0,true,6181,5104,1520,179,898,0,1,1,DOWN,1.0,275.0,1001.0,497.489,1911.0,1080.0,1661.0,4.331,
14,MOOSE,Drag,4,4,26,4,2,854,32,6.0,100,UP,351,18.0,true,5777,4640,1088,475,662,-1,2,1,UP,1.0,257.0,753.0,668.0,1749.0,1080.0,1661.0,4.331,
14,MOOSE,Drag,4,4,27,4,3,854,32,6.0,300,UP,316,18.0,true,9361,8656,1840,144,561,0,1,1,UP,1.0,203.908,834.0,633.0,1675.0,1080.0,1661.0,4.331,
14,MOOSE,Drag,4,4,28,4,4,854,32,3.0,300,DOWN,698,18.0,true,6651,5744,1407,341,566,0,1,1,DOWN,1.0,266.0,903.0,487.0,1905.0,1080.0,1661.0,4.331,
14,MOOSE,Drag,4,4,29,4,5,854,32,3.0,50,DOWN,643,18.0,true,2396,1839,1087,152,405,0,1,1,DOWN,1.0,252.0,872.0,388.0,1755.0,1080.0,1661.0,4.331,
14,MOOSE,Drag,4,4,30,4,6,854,32,6.0,50,UP,541,18.0,true,2702,2143,1406,92,467,-1,1,1,UP,1.0,263.0,938.0,510.0,1531.0,1080.0,1661.0,4.331,
14,MOOSE,Drag,4,4,31,4,7,854,32,6.0,200,UP,540,18.0,true,10953,10176,1393,167,610,0,1,1,UP,2.0,130.0,621.0,644.0,1761.0,1080.0,1661.0,4.331,
14,MOOSE,Drag,4,4,32,4,8,854,32,3.0,100,DOWN,751,18.0,true,4086,3376,1615,188,522,0,1,1,DOWN,1.0,159.0,1012.0,414.0,1897.0,1080.0,1661.0,4.331,
