ID, Device, Mode, ExpPart, Round, Trial, Block, Trial in Block, Text Length (lines), Visible Lines, Frame Height, Distance, Direction, Target Line, Line Height, Hit, T_Trial, T_Scroll, T_FineTune, T_Select, T_StartScrolling, errorDistance(lines), inFrameCount, visibleCount, Start direction, Finger count, FP_X-MIN, FP_Y-MIN, FP_X-MAX, FP_Y-MAX, ScrollareaX, ScrollareaY, Px_mm
12,MOOSE,Rubbing,1,1,1,1,1,854,32,6.0,100,DOWN,236,18.0,true,19707,17023,3887,868,1816,0,1,1,DOWN,1.0,191.668,710.0,443.0,1620.5,1080.0,1661.0,4.331,
12,MOOSE,Rubbing,1,1,2,1,2,854,32,6.0,300,UP,333,18.0,true,10323,8607,4623,680,1036,0,1,1,UP,1.0,309.0,650.0,455.0,1191.0,1080.0,1661.0,4.331,
12,MOOSE,Rubbing,1,1,3,1,3,854,32,3.0,50,DOWN,372,18.0,true,15815,13296,2896,808,1711,0,1,1,UP,1.0,212.0,554.0,429.0,1608.0,1080.0,1661.0,4.331,
12,MOOSE,Rubbing,1,1,4,1,4,854,32,6.0,50,UP,322,18.0,true,13021,11728,3695,405,888,0,2,3,UP,1.0,139.0,379.0,485.0,1579.0,1080.0,1661.0,4.331,
12,MOOSE,Rubbing,1,1,5,1,5,854,32,3.0,200,UP,503,18.0,true,10234,9009,5745,462,763,0,2,1,UP,1.0,229.0,671.0,425.669,1439.0,1080.0,1661.0,4.331,
12,MOOSE,Rubbing,1,1,6,1,6,854,32,3.0,100,UP,669,18.0,true,6175,4272,2608,663,1240,-1,0,1,UP,1.0,305.684,784.0,382.705,1111.5,1080.0,1661.0,4.331,
12,MOOSE,Rubbing,1,1,7,1,7,854,32,3.0,300,DOWN,482,18.0,true,13578,11841,2161,960,777,0,1,1,UP,1.0,254.472,444.0,528.562,1493.0,1080.0,1661.0,4.331,
12,MOOSE,Rubbing,1,1,8,1,8,854,32,6.0,200,DOWN,502,18.0,true,6064,4623,831,709,732,1,1,1,UP,1.0,253.0,497.0,400.0,1573.0,1080.0,1661.0,4.331,
12,MOOSE,Rubbing,1,1,9,2,1,854,32,3.0,100,DOWN,394,18.0,true,8068,4719,1790,853,2496,0,1,1,UP,1.0,224.0,454.0,432.5,1217.5,1080.0,1661.0,4.331,
12,MOOSE,Rubbing,1,1,10,2,2,854,32,3.0,50,UP,177,18.0,true,8510,7810,4129,656,44,0,2,2,UP,1.0,162.31,685.0,341.0,1502.0,1080.0,1661.0,4.331,
12,MOOSE,Rubbing,1,1,11,2,3,854,32,6.0,100,UP,543,18.0,true,8226,6960,1600,594,672,0,1,1,UP,1.0,228.0,482.5,387.427,1521.0,1080.0,1661.0,4.331,
12,MOOSE,Rubbing,1,1,12,2,4,854,32,6.0,50,DOWN,298,18.0,true,11420,10320,7008,509,591,0,2,2,UP,1.0,253.0,412.0,453.0,1425.0,1080.0,1661.0,4.331,
12,MOOSE,Rubbing,1,1,13,2,5,854,32,3.0,300,UP,102,18.0,true,12835,11487,5742,501,847,0,1,1,UP,1.0,252.0,512.65,402.0,1381.5,1080.0,1661.0,4.331,
12,MOOSE,Rubbing,1,1,14,2,6,854,32,6.0,300,DOWN,713,18.0,true,8647,7359,1375,488,800,0,1,1,UP,1.0,242.0,465.0,371.0,1318.5,1080.0,1661.0,4.331,
12,MOOSE,Rubbing,1,1,15,2,7,854,32,3.0,200,DOWN,305,18.0,true,12739,11474,2129,354,911,0,1,2,DOWN,1.0,251.0,680.0,348.0,1602.0,1080.0,1661.0,4.331,
12,MOOSE,Rubbing,1,1,16,2,8,854,32,6.0,200,UP,507,18.0,true,10049,8832,2305,626,591,0,1,2,UP,1.0,227.586,691.5,366.0,1636.0,1080.0,1661.0,4.331,
12,MOOSE,Rubbing,1,1,17,3,1,854,32,6.0,100,DOWN,697,18.0,true,8978,6656,1712,880,1442,0,1,1,UP,1.0,280.339,603.0,433.0,1557.0,1080.0,1661.0,4.331,
12,MOOSE,Rubbing,1,1,18,3,2,854,32,3.0,100,DOWN,458,18.0,true,11892,11135,3712,706,51,0,1,1,UP,1.0,252.0,318.0,479.0,1249.5,1080.0,1661.0,4.331,
12,MOOSE,Rubbing,1,1,19,3,3,854,32,6.0,50,UP,476,18.0,true,8634,7088,4618,693,853,0,2,1,DOWN,1.0,315.565,494.5,427.669,1219.0,1080.0,1661.0,4.331,
12,MOOSE,Rubbing,1,1,20,3,4,854,32,3.0,300,UP,411,18.0,true,7818,6481,1873,684,653,0,1,1,UP,1.0,396.0,333.5,498.612,1258.5,1080.0,1661.0,4.331,
12,MOOSE,Rubbing,1,1,21,3,5,854,32,3.0,200,UP,418,18.0,true,5675,4080,2144,372,1223,0,1,1,UP,1.0,311.5,690.5,402.34,1181.0,1080.0,1661.0,4.331,
12,MOOSE,Rubbing,1,1,22,3,6,854,32,6.0,300,DOWN,635,18.0,true,12879,11791,2992,600,488,0,1,1,UP,1.0,332.0,550.0,453.0,1442.0,1080.0,1661.0,4.331,
12,MOOSE,Rubbing,1,1,23,3,7,854,32,6.0,200,DOWN,314,18.0,true,12816,6225,1329,825,5766,0,1,1,DOWN,1.0,76.0,661.0,451.0,1488.0,1080.0,1661.0,4.331,
12,MOOSE,Rubbing,1,1,24,3,8,854,32,3.0,50,UP,570,18.0,true,11900,10720,4427,477,703,0,1,2,UP,1.0,299.0,352.0,428.0,1325.0,1080.0,1661.0,4.331,
12,MOOSE,Rubbing,1,1,25,4,1,854,32,3.0,200,DOWN,233,18.0,true,9122,7134,1215,666,1322,0,1,1,UP,1.0,253.0,277.0,478.0,1362.0,1080.0,1661.0,4.331,
12,MOOSE,Rubbing,1,1,26,4,2,854,32,6.0,200,UP,495,18.0,true,11068,9792,3359,435,841,0,1,1,UP,1.0,229.0,482.5,433.0,1391.0,1080.0,1661.0,4.331,
12,MOOSE,Rubbing,1,1,27,4,3,854,32,3.0,300,DOWN,721,18.0,true,8477,7456,2463,510,511,0,1,1,UP,1.0,329.682,344.0,460.0,1176.0,1080.0,1661.0,4.331,
12,MOOSE,Rubbing,1,1,28,4,4,854,32,3.0,100,UP,234,18.0,true,2720,1695,639,477,548,0,1,1,UP,1.0,328.0,663.5,403.506,1178.5,1080.0,1661.0,4.331,
12,MOOSE,Rubbing,1,1,29,4,5,854,32,6.0,300,UP,15,18.0,true,8487,7391,1952,510,586,-1,1,1,UP,1.0,356.533,535.0,527.5,1276.0,1080.0,1661.0,4.331,
12,MOOSE,Rubbing,1,1,30,4,6,854,32,6.0,50,DOWN,836,18.0,true,4255,3025,913,471,759,0,1,1,UP,1.0,325.891,621.0,420.0,1311.5,1080.0,1661.0,4.331,
12,MOOSE,Rubbing,1,1,31,4,7,854,32,3.0,50,DOWN,148,18.0,true,4928,3200,1920,322,1406,0,1,1,DOWN,1.0,348.279,747.0,370.0,1599.0,1080.0,1661.0,4.331,
12,MOOSE,Rubbing,1,1,32,4,8,854,32,6.0,100,UP,617,18.0,true,4880,3520,720,299,1061,0,1,1,DOWN,1.0,356.0,756.0,403.0,1392.0,1080.0,1661.0,4.331,
12,MOOSE,Rubbing,1,2,1,1,1,854,32,3.0,300,UP,58,18.0,true,12128,9120,3073,594,2414,0,1,1,DOWN,1.0,273.399,547.5,407.712,1396.0,1080.0,1661.0,4.331,
12,MOOSE,Rubbing,1,2,2,1,2,854,32,6.0,200,DOWN,284,18.0,true,5639,4639,1920,312,688,0,1,1,DOWN,1.0,345.0,641.0,420.616,1517.0,1080.0,1661.0,4.331,
12,MOOSE,Rubbing,1,2,3,1,3,854,32,3.0,100,DOWN,587,18.0,true,4423,3039,1968,382,1002,0,1,1,DOWN,1.0,379.0,654.0,438.706,1254.5,1080.0,1661.0,4.331,
12,MOOSE,Rubbing,1,2,4,1,4,854,32,3.0,50,UP,260,18.0,true,7690,6415,2112,427,848,0,1,2,UP,1.0,327.0,342.5,493.0,1355.0,1080.0,1661.0,4.331,
12,MOOSE,Rubbing,1,2,5,1,5,854,32,6.0,300,UP,318,18.0,true,6249,5201,1456,220,828,0,1,1,DOWN,1.0,290.804,564.0,394.0,1263.0,1080.0,1661.0,4.331,
12,MOOSE,Rubbing,1,2,6,1,6,854,32,6.0,100,UP,23,18.0,true,5931,4896,2272,139,896,1,1,1,DOWN,1.0,244.5,457.0,390.494,1371.0,1080.0,1661.0,4.331,
12,MOOSE,Rubbing,1,2,7,1,7,854,32,3.0,200,DOWN,419,18.0,true,6767,5278,1389,795,694,0,1,1,DOWN,1.0,303.0,516.0,425.0,1524.0,1080.0,1661.0,4.331,
12,MOOSE,Rubbing,1,2,8,1,8,854,32,6.0,50,DOWN,629,18.0,true,4212,3231,1455,385,596,0,1,1,UP,1.0,343.0,527.0,460.0,1268.0,1080.0,1661.0,4.331,
12,MOOSE,Rubbing,1,2,9,2,1,854,32,6.0,100,DOWN,818,18.0,true,4155,2977,799,158,1020,1,1,1,UP,1.0,304.0,501.0,1057.0,1401.066,1080.0,1661.0,4.331,
12,MOOSE,Rubbing,1,2,10,2,2,854,32,3.0,300,DOWN,567,18.0,true,10711,9792,4673,422,497,0,2,2,DOWN,1.0,378.0,629.0,529.0,1195.5,1080.0,1661.0,4.331,
12,MOOSE,Rubbing,1,2,11,2,3,854,32,6.0,50,UP,463,18.0,true,3742,2832,1535,225,685,0,1,1,UP,1.0,348.0,768.0,436.097,1118.5,1080.0,1661.0,4.331,
12,MOOSE,Rubbing,1,2,12,2,4,854,32,3.0,200,UP,280,18.0,true,10461,9472,1409,366,623,0,1,2,DOWN,1.0,336.703,699.0,579.0,1698.5,1080.0,1661.0,4.331,
12,MOOSE,Rubbing,1,2,13,2,5,854,32,6.0,300,DOWN,568,18.0,true,12506,11234,1921,304,968,0,2,3,DOWN,1.0,336.0,413.0,494.084,1320.5,1080.0,1661.0,4.331,
12,MOOSE,Rubbing,1,2,14,2,6,854,32,3.0,50,DOWN,759,18.0,true,8082,6721,4257,482,879,0,2,2,DOWN,1.0,327.0,470.0,484.0,1096.0,1080.0,1661.0,4.331,
12,MOOSE,Rubbing,1,2,15,2,7,854,32,3.0,100,UP,163,18.0,true,10034,8782,2958,567,685,0,2,1,DOWN,1.0,317.0,417.0,550.0,1412.0,1080.0,1661.0,4.331,
12,MOOSE,Rubbing,1,2,16,2,8,854,32,6.0,200,UP,167,18.0,true,5837,4048,-1,964,825,0,0,1,DOWN,1.0,346.0,584.0,428.0,1309.0,1080.0,1661.0,4.331,
12,MOOSE,Rubbing,1,2,17,3,1,854,32,3.0,200,UP,284,18.0,true,11998,7296,3391,533,4169,1,2,1,DOWN,1.0,215.0,692.0,486.0,1211.0,1080.0,1661.0,4.331,
12,MOOSE,Rubbing,1,2,18,3,2,854,32,6.0,200,DOWN,402,18.0,true,12472,10271,2863,1108,1093,0,1,2,DOWN,1.0,301.684,542.52,431.48,1427.5,1080.0,1661.0,4.331,
12,MOOSE,Rubbing,1,2,19,3,3,854,32,6.0,100,DOWN,804,18.0,true,5024,3550,1502,350,1124,0,1,1,DOWN,1.0,283.0,591.0,385.0,1510.0,1080.0,1661.0,4.331,
12,MOOSE,Rubbing,1,2,20,3,4,854,32,3.0,300,UP,49,18.0,true,12666,11569,1425,437,660,0,1,2,DOWN,1.0,338.706,623.0,607.0,1562.0,1080.0,1661.0,4.331,
12,MOOSE,Rubbing,1,2,21,3,5,854,32,6.0,300,UP,22,18.0,true,8063,6718,1870,325,1020,0,1,1,DOWN,1.0,375.0,524.0,502.0,1336.0,1080.0,1661.0,4.331,
12,MOOSE,Rubbing,1,2,22,3,6,854,32,6.0,50,DOWN,341,18.0,true,4406,3199,2501,394,813,1,1,1,DOWN,1.0,361.0,538.0,445.584,1564.5,1080.0,1661.0,4.331,
12,MOOSE,Rubbing,1,2,23,3,7,854,32,3.0,100,DOWN,491,18.0,true,7907,6833,1377,244,830,0,1,2,DOWN,1.0,362.0,495.0,493.493,1475.0,1080.0,1661.0,4.331,
12,MOOSE,Rubbing,1,2,24,3,8,854,32,3.0,50,UP,458,18.0,true,4050,3533,1534,495,22,0,1,1,UP,1.0,368.0,567.0,455.0,1359.0,1080.0,1661.0,4.331,
12,MOOSE,Rubbing,1,2,25,4,1,854,32,6.0,100,UP,514,18.0,true,5924,4223,2096,487,1214,0,1,1,UP,1.0,304.0,756.5,518.314,1124.0,1080.0,1661.0,4.331,
12,MOOSE,Rubbing,1,2,26,4,2,854,32,3.0,50,DOWN,301,18.0,true,6561,4911,1743,241,1409,0,1,2,DOWN,1.0,299.0,569.0,489.0,1178.0,1080.0,1661.0,4.331,
12,MOOSE,Rubbing,1,2,27,4,3,854,32,6.0,300,DOWN,421,18.0,true,6565,5728,655,230,607,2,1,1,DOWN,1.0,409.0,609.0,539.356,1318.479,1080.0,1661.0,4.331,
12,MOOSE,Rubbing,1,2,28,4,4,854,32,6.0,50,UP,305,18.0,true,5777,5378,1455,351,48,0,1,2,UP,1.0,357.0,571.0,472.362,1388.0,1080.0,1661.0,4.331,
12,MOOSE,Rubbing,1,2,29,4,5,854,32,3.0,100,UP,355,18.0,true,6439,5106,1120,669,664,0,1,1,DOWN,1.0,400.0,609.0,571.0,1361.0,1080.0,1661.0,4.331,
12,MOOSE,Rubbing,1,2,30,4,6,854,32,3.0,300,DOWN,695,18.0,true,7258,6175,1312,161,922,0,1,2,DOWN,1.0,407.0,530.0,561.0,1312.0,1080.0,1661.0,4.331,
12,MOOSE,Rubbing,1,2,31,4,7,854,32,3.0,200,DOWN,545,18.0,true,8118,6778,3073,1295,45,0,1,1,UP,1.0,401.0,578.0,612.0,1515.0,1080.0,1661.0,4.331,
12,MOOSE,Rubbing,1,2,32,4,8,854,32,6.0,200,UP,304,18.0,true,6674,6073,1633,559,42,0,2,1,UP,1.0,298.314,625.0,501.0,1415.5,1080.0,1661.0,4.331,
12,MOOSE,Rubbing,1,3,1,1,1,854,32,3.0,50,UP,535,18.0,true,5295,3984,1521,334,977,0,1,2,DOWN,1.0,327.0,619.0,498.0,1321.5,1080.0,1661.0,4.331,
12,MOOSE,Rubbing,1,3,2,1,2,854,32,3.0,100,UP,115,18.0,true,4665,3713,1713,219,733,0,1,1,DOWN,1.0,299.617,574.5,485.299,1201.5,1080.0,1661.0,4.331,
12,MOOSE,Rubbing,1,3,3,1,3,854,32,6.0,50,UP,131,18.0,true,5000,3984,1984,291,725,0,1,1,DOWN,1.0,304.0,497.0,449.0,1280.0,1080.0,1661.0,4.331,
12,MOOSE,Rubbing,1,3,4,1,4,854,32,6.0,200,DOWN,465,18.0,true,17469,16511,2352,384,574,0,3,5,DOWN,1.0,200.0,430.0,535.0,1505.0,1080.0,1661.0,4.331,
12,MOOSE,Rubbing,1,3,5,1,5,854,32,6.0,100,UP,582,18.0,true,4750,3647,1504,186,917,0,1,1,UP,1.0,339.332,568.642,434.0,1224.0,1080.0,1661.0,4.331,
12,MOOSE,Rubbing,1,3,6,1,6,854,32,3.0,300,DOWN,671,18.0,true,7018,5615,1374,814,589,0,1,1,DOWN,1.0,365.0,466.0,487.0,1320.0,1080.0,1661.0,4.331,
12,MOOSE,Rubbing,1,3,7,1,7,854,32,6.0,300,DOWN,753,18.0,true,6647,5617,706,514,516,0,1,1,UP,1.0,369.0,440.0,506.5,1435.0,1080.0,1661.0,4.331,
12,MOOSE,Rubbing,1,3,8,1,8,854,32,3.0,200,DOWN,531,18.0,true,8027,7040,1025,289,698,0,1,1,DOWN,1.0,398.0,633.0,595.0,1435.0,1080.0,1661.0,4.331,
12,MOOSE,Rubbing,1,3,9,2,1,854,32,6.0,300,UP,320,18.0,true,6077,5670,1168,370,37,-1,1,1,DOWN,1.0,257.0,694.5,469.0,1323.5,1080.0,1661.0,4.331,
12,MOOSE,Rubbing,1,3,10,2,2,854,32,3.0,100,DOWN,303,18.0,true,5023,4257,1225,319,447,0,1,1,DOWN,1.0,290.0,740.0,451.0,1559.0,1080.0,1661.0,4.331,
12,MOOSE,Rubbing,1,3,11,2,3,854,32,3.0,50,DOWN,380,18.0,true,2930,2112,1487,263,555,0,1,1,DOWN,1.0,255.5,718.0,481.0,1332.0,1080.0,1661.0,4.331,
12,MOOSE,Rubbing,1,3,12,2,4,854,32,6.0,200,UP,566,18.0,true,5518,4544,1279,528,446,0,1,1,DOWN,1.0,278.0,700.0,472.473,1489.0,1080.0,1661.0,4.331,
12,MOOSE,Rubbing,1,3,13,2,5,854,32,6.0,50,DOWN,400,18.0,true,3022,2225,1568,303,494,-1,2,1,DOWN,1.0,297.994,800.0,414.0,1321.5,1080.0,1661.0,4.331,
12,MOOSE,Rubbing,1,3,14,2,6,854,32,3.0,300,UP,303,18.0,true,7078,6129,1712,453,496,0,1,1,DOWN,1.0,302.0,707.0,425.0,1389.0,1080.0,1661.0,4.331,
12,MOOSE,Rubbing,1,3,15,2,7,854,32,6.0,100,DOWN,613,18.0,true,3866,2671,976,538,657,-1,1,1,DOWN,1.0,331.0,579.0,496.0,1487.0,1080.0,1661.0,4.331,
12,MOOSE,Rubbing,1,3,16,2,8,854,32,3.0,200,UP,496,18.0,true,8373,8137,4720,185,51,0,1,1,UP,1.0,358.0,526.0,488.0,1276.5,1080.0,1661.0,4.331,
12,MOOSE,Rubbing,1,3,17,3,1,854,32,6.0,200,DOWN,475,18.0,true,6644,4544,126,803,1297,-1,1,1,UP,1.0,262.551,437.0,482.0,1179.495,1080.0,1661.0,4.331,
12,MOOSE,Rubbing,1,3,18,3,2,854,32,3.0,100,DOWN,174,18.0,true,4295,3296,816,465,534,1,0,1,UP,1.0,331.0,502.0,425.0,1355.5,1080.0,1661.0,4.331,
12,MOOSE,Rubbing,1,3,19,3,3,854,32,3.0,300,UP,247,18.0,true,5856,5056,1391,347,453,0,1,1,DOWN,1.0,299.496,588.0,432.0,1417.0,1080.0,1661.0,4.331,
12,MOOSE,Rubbing,1,3,20,3,4,854,32,6.0,300,UP,192,18.0,true,6427,5104,1296,381,942,0,2,1,DOWN,1.0,344.645,638.0,513.511,1502.318,1080.0,1661.0,4.331,
12,MOOSE,Rubbing,1,3,21,3,5,854,32,6.0,100,DOWN,644,18.0,true,3944,2848,1951,427,669,1,1,1,DOWN,1.0,444.0,665.0,534.0,1376.0,1080.0,1661.0,4.331,
12,MOOSE,Rubbing,1,3,22,3,6,854,32,3.0,50,DOWN,610,18.0,true,7027,4959,1327,1084,984,0,1,2,DOWN,1.0,323.0,562.0,527.0,1298.0,1080.0,1661.0,4.331,
12,MOOSE,Rubbing,1,3,23,3,7,854,32,3.0,200,UP,197,18.0,true,9523,5631,2640,874,3018,0,1,1,UP,1.0,321.69,712.5,531.0,1723.0,1080.0,1661.0,4.331,
12,MOOSE,Rubbing,1,3,24,3,8,854,32,6.0,50,UP,555,18.0,true,4552,2752,1104,734,1066,0,1,1,UP,1.0,356.0,804.0,524.0,1606.0,1080.0,1661.0,4.331,
12,MOOSE,Rubbing,1,3,25,4,1,854,32,6.0,200,UP,16,18.0,true,6780,4991,1439,449,1340,-1,1,1,DOWN,1.0,336.0,686.208,531.5,1450.5,1080.0,1661.0,4.331,
12,MOOSE,Rubbing,1,3,26,4,2,854,32,3.0,300,DOWN,638,18.0,true,9568,8767,1280,203,598,0,1,2,DOWN,1.0,445.0,659.0,638.0,1536.5,1080.0,1661.0,4.331,
12,MOOSE,Rubbing,1,3,27,4,3,854,32,6.0,50,DOWN,642,18.0,true,5054,3583,2848,385,1086,0,2,1,DOWN,1.0,422.385,649.0,576.0,1365.5,1080.0,1661.0,4.331,
12,MOOSE,Rubbing,1,3,28,4,4,854,32,3.0,100,UP,587,18.0,true,5525,4671,2224,301,553,0,2,2,DOWN,1.0,389.0,643.0,592.0,1557.0,1080.0,1661.0,4.331,
12,MOOSE,Rubbing,1,3,29,4,5,854,32,6.0,300,DOWN,740,18.0,true,5851,5120,1472,253,478,-1,1,1,DOWN,1.0,374.0,568.0,528.0,1714.0,1080.0,1661.0,4.331,
12,MOOSE,Rubbing,1,3,30,4,6,854,32,6.0,100,UP,644,18.0,true,4097,3584,1297,108,405,-1,2,2,DOWN,1.0,344.0,671.0,549.0,1602.0,1080.0,1661.0,4.331,
12,MOOSE,Rubbing,1,3,31,4,7,854,32,3.0,50,UP,145,18.0,true,3678,2750,927,187,741,0,1,2,UP,1.0,347.0,782.0,492.0,1609.0,1080.0,1661.0,4.331,
12,MOOSE,Rubbing,1,3,32,4,8,854,32,3.0,200,DOWN,836,18.0,true,2961,1664,0,713,584,0,0,1,DOWN,1.0,297.399,848.0,408.52,1407.5,1080.0,1661.0,4.331,
12,MOOSE,Rubbing,1,4,1,1,1,854,32,3.0,100,UP,352,18.0,false,22777,21281,11232,281,1215,-3,1,2,DOWN,1.0,261.0,596.0,1081.0,1659.0,1080.0,1661.0,4.331,
12,MOOSE,Rubbing,1,4,2,1,1,854,32,3.0,300,DOWN,732,18.0,true,7247,5250,1713,274,1723,0,1,1,DOWN,1.0,293.0,715.0,522.0,1775.0,1080.0,1661.0,4.331,
12,MOOSE,Rubbing,1,4,3,1,2,854,32,6.0,100,DOWN,252,18.0,true,3963,2752,720,682,529,0,1,1,DOWN,1.0,354.0,863.0,544.5,1728.0,1080.0,1661.0,4.331,
12,MOOSE,Rubbing,1,4,4,1,3,854,32,3.0,50,DOWN,115,18.0,true,11645,7232,1569,675,3738,0,1,1,UP,1.0,359.0,514.0,660.5,1549.0,1080.0,1661.0,4.331,
12,MOOSE,Rubbing,1,4,5,1,4,854,32,3.0,100,UP,155,18.0,true,10431,9441,1153,390,600,0,1,1,UP,1.0,330.0,642.0,541.0,1421.5,1080.0,1661.0,4.331,
12,MOOSE,Rubbing,1,4,6,1,5,854,32,3.0,200,UP,202,18.0,true,14032,9121,1952,659,4252,1,1,1,DOWN,1.0,280.163,644.0,504.341,1540.0,1080.0,1661.0,4.331,
12,MOOSE,Rubbing,1,4,7,1,6,854,32,6.0,300,UP,429,18.0,true,8445,7137,2031,304,1004,0,1,1,UP,1.0,413.0,677.5,561.0,1267.0,1080.0,1661.0,4.331,
12,MOOSE,Rubbing,1,4,8,1,7,854,32,6.0,50,UP,374,18.0,true,4348,3184,1088,470,694,0,1,2,DOWN,1.0,318.0,713.0,507.52,1619.0,1080.0,1661.0,4.331,
12,MOOSE,Rubbing,1,4,9,1,8,854,32,6.0,200,DOWN,301,18.0,true,4343,3105,800,766,472,1,1,1,DOWN,1.0,314.5,826.0,518.0,1525.0,1080.0,1661.0,4.331,
12,MOOSE,Rubbing,1,4,10,2,1,854,32,6.0,200,UP,610,18.0,true,5008,3616,1375,364,1028,1,2,1,UP,1.0,347.0,846.0,528.658,1458.0,1080.0,1661.0,4.331,
12,MOOSE,Rubbing,1,4,11,2,2,854,32,3.0,50,UP,177,18.0,true,4508,2895,2191,583,1030,0,1,1,UP,1.0,308.0,829.0,582.5,1615.0,1080.0,1661.0,4.331,
12,MOOSE,Rubbing,1,4,12,2,3,854,32,6.0,300,DOWN,642,18.0,true,6184,5264,1599,264,656,0,2,1,DOWN,1.0,396.0,721.0,610.0,1695.481,1080.0,1661.0,4.331,
12,MOOSE,Rubbing,1,4,13,2,4,854,32,3.0,200,DOWN,347,18.0,true,4424,3567,1230,398,459,0,1,1,DOWN,1.0,475.0,687.0,638.0,1381.0,1080.0,1661.0,4.331,
12,MOOSE,Rubbing,1,4,14,2,5,854,32,6.0,100,UP,63,18.0,true,3933,2673,0,762,498,0,0,1,DOWN,1.0,418.696,841.5,534.5,1541.0,1080.0,1661.0,4.331,
12,MOOSE,Rubbing,1,4,15,2,6,854,32,6.0,50,DOWN,439,18.0,true,3712,2800,1009,442,470,0,1,2,DOWN,1.0,445.0,642.0,626.0,1411.0,1080.0,1661.0,4.331,
12,MOOSE,Rubbing,1,4,16,2,7,854,32,3.0,300,UP,530,18.0,true,6974,5982,2351,320,672,0,1,1,DOWN,1.0,314.0,769.5,528.0,1463.0,1080.0,1661.0,4.331,
12,MOOSE,Rubbing,1,4,17,2,8,854,32,3.0,100,DOWN,531,18.0,true,4494,3727,1744,319,448,0,1,1,UP,1.0,292.0,520.0,501.264,1420.0,1080.0,1661.0,4.331,
12,MOOSE,Rubbing,1,4,18,3,1,854,32,3.0,200,UP,545,18.0,true,9316,7584,1183,462,1270,0,1,1,UP,1.0,383.0,723.0,605.0,1315.328,1080.0,1661.0,4.331,
12,MOOSE,Rubbing,1,4,19,3,2,854,32,3.0,50,UP,598,18.0,true,5513,4144,1760,421,948,0,1,1,UP,1.0,427.0,729.5,545.0,1295.0,1080.0,1661.0,4.331,
12,MOOSE,Rubbing,1,4,20,3,3,854,32,6.0,200,UP,328,18.0,true,9309,8000,592,197,1112,0,1,2,UP,1.0,283.125,792.0,460.0,1479.0,1080.0,1661.0,4.331,
12,MOOSE,Rubbing,1,4,21,3,4,854,32,6.0,300,DOWN,537,18.0,true,6261,4447,2101,604,1210,-1,1,1,DOWN,1.0,399.0,615.0,533.0,1366.491,1080.0,1661.0,4.331,
12,MOOSE,Rubbing,1,4,22,3,5,854,32,3.0,300,DOWN,802,18.0,true,6655,4752,2368,401,1502,0,1,1,DOWN,1.0,364.474,636.0,494.0,1393.0,1080.0,1661.0,4.331,
12,MOOSE,Rubbing,1,4,23,3,6,854,32,6.0,50,DOWN,237,18.0,true,5649,4064,1711,918,667,1,1,1,DOWN,1.0,398.0,801.0,480.0,1623.0,1080.0,1661.0,4.331,
12,MOOSE,Rubbing,1,4,24,3,7,854,32,6.0,100,UP,53,18.0,true,8435,4176,2831,759,3500,0,1,1,UP,1.0,325.568,756.0,434.0,1259.0,1080.0,1661.0,4.331,
12,MOOSE,Rubbing,1,4,25,3,8,854,32,3.0,100,DOWN,629,18.0,true,9632,7024,5008,314,2294,0,2,1,DOWN,1.0,239.0,708.0,372.492,1361.5,1080.0,1661.0,4.331,
12,MOOSE,Rubbing,1,4,26,4,1,854,32,3.0,200,DOWN,261,18.0,true,10954,8671,3088,515,1768,0,2,1,UP,1.0,69.0,741.0,575.0,1746.0,1080.0,1661.0,4.331,
12,MOOSE,Rubbing,1,4,27,4,2,854,32,6.0,100,DOWN,192,18.0,true,4148,3264,2080,313,571,0,1,1,DOWN,1.0,344.0,823.0,429.5,1411.0,1080.0,1661.0,4.331,
12,MOOSE,Rubbing,1,4,28,4,3,854,32,3.0,300,UP,385,18.0,true,9067,7903,1937,545,619,0,2,2,DOWN,1.0,278.0,683.0,460.5,1350.0,1080.0,1661.0,4.331,
12,MOOSE,Rubbing,1,4,29,4,4,854,32,6.0,200,DOWN,628,18.0,true,9892,7905,1152,523,1464,1,1,1,DOWN,1.0,325.0,717.0,520.0,1497.0,1080.0,1661.0,4.331,
12,MOOSE,Rubbing,1,4,30,4,5,854,32,6.0,50,UP,211,18.0,true,3584,2544,1104,280,760,0,2,2,UP,1.0,309.488,734.5,401.0,1433.5,1080.0,1661.0,4.331,
12,MOOSE,Rubbing,1,4,31,4,6,854,32,3.0,50,DOWN,326,18.0,true,3117,1888,880,266,963,0,1,1,DOWN,1.0,344.0,785.0,467.0,1387.5,1080.0,1661.0,4.331,
12,MOOSE,Rubbing,1,4,32,4,7,854,32,6.0,300,UP,512,18.0,true,6037,2303,95,873,2861,0,1,1,UP,1.0,265.018,882.033,410.364,1394.0,1080.0,1661.0,4.331,
12,MOOSE,Rubbing,1,4,33,4,8,854,32,3.0,100,UP,662,18.0,true,3738,2815,1519,185,738,0,1,1,DOWN,1.0,355.0,619.0,465.507,1431.0,1080.0,1661.0,4.331,
12,MOOSE,Drag,1,1,1,1,1,854,32,6.0,50,DOWN,596,18.0,true,4301,2608,1280,481,1212,0,1,1,DOWN,1.0,315.0,509.0,529.0,1271.0,1080.0,1661.0,4.331,
12,MOOSE,Drag,1,1,2,1,2,854,32,3.0,200,UP,479,18.0,true,8537,7472,961,354,711,0,1,1,UP,1.0,277.0,535.0,506.0,1262.0,1080.0,1661.0,4.331,
12,MOOSE,Drag,1,1,3,1,3,854,32,6.0,200,DOWN,373,18.0,true,6538,5552,865,279,707,-1,1,1,DOWN,1.0,315.0,610.0,477.0,1478.0,1080.0,1661.0,4.331,
12,MOOSE,Drag,1,1,4,1,4,854,32,3.0,100,DOWN,524,18.0,true,4379,3344,1296,299,736,0,2,1,DOWN,1.0,316.0,676.0,491.0,1506.0,1080.0,1661.0,4.331,
12,MOOSE,Drag,1,1,5,1,5,854,32,3.0,50,DOWN,646,18.0,true,2748,2048,672,177,523,0,1,1,DOWN,1.0,218.0,814.0,348.528,1546.0,1080.0,1661.0,4.331,
12,MOOSE,Drag,1,1,6,1,6,854,32,3.0,300,UP,155,18.0,true,9936,9424,2000,472,40,0,1,1,UP,1.0,197.0,505.0,502.0,1483.0,1080.0,1661.0,4.331,
12,MOOSE,Drag,1,1,7,1,7,854,32,6.0,300,UP,397,18.0,true,7953,6975,896,426,552,0,1,1,DOWN,1.0,307.0,381.0,570.0,1336.0,1080.0,1661.0,4.331,
12,MOOSE,Drag,1,1,8,1,8,854,32,6.0,100,UP,643,18.0,true,4373,2975,703,575,823,0,1,1,DOWN,1.0,291.0,529.0,484.0,1184.0,1080.0,1661.0,4.331,
12,MOOSE,Drag,1,1,9,2,1,854,32,3.0,300,DOWN,479,18.0,true,13163,9792,688,727,2644,0,1,1,UP,1.0,177.0,752.0,376.0,1559.0,1080.0,1661.0,4.331,
12,MOOSE,Drag,1,1,10,2,2,854,32,3.0,200,DOWN,487,18.0,true,6047,5231,1311,108,708,1,2,1,DOWN,1.0,192.0,863.0,436.0,1594.0,1080.0,1661.0,4.331,
12,MOOSE,Drag,1,1,11,2,3,854,32,6.0,50,UP,31,18.0,true,4313,3470,1680,283,560,0,1,1,DOWN,1.0,252.0,693.0,460.0,1376.0,1080.0,1661.0,4.331,
12,MOOSE,Drag,1,1,12,2,4,854,32,6.0,200,UP,501,18.0,true,7327,5839,849,508,980,0,1,1,UP,1.0,240.0,721.0,447.0,1425.0,1080.0,1661.0,4.331,
12,MOOSE,Drag,1,1,13,2,5,854,32,6.0,300,DOWN,774,18.0,true,6284,5264,832,293,727,0,1,1,UP,1.0,325.0,685.0,567.0,1817.0,1080.0,1661.0,4.331,
12,MOOSE,Drag,1,1,14,2,6,854,32,3.0,100,UP,126,18.0,true,5100,4837,1746,234,29,0,2,1,UP,1.0,256.0,742.0,441.0,1359.0,1080.0,1661.0,4.331,
12,MOOSE,Drag,1,1,15,2,7,854,32,6.0,100,DOWN,707,18.0,true,3247,2112,577,456,679,0,1,1,DOWN,1.0,230.0,831.0,418.0,1711.0,1080.0,1661.0,4.331,
12,MOOSE,Drag,1,1,16,2,8,854,32,3.0,50,UP,442,18.0,true,3029,1937,1104,436,656,0,2,1,UP,1.0,248.0,727.0,411.0,1371.0,1080.0,1661.0,4.331,
12,MOOSE,Drag,1,1,17,3,1,854,32,6.0,50,DOWN,390,18.0,true,4969,3584,2527,500,885,0,1,1,DOWN,1.0,209.0,776.0,472.0,1785.0,1080.0,1661.0,4.331,
12,MOOSE,Drag,1,1,18,3,2,854,32,3.0,300,UP,52,18.0,true,10545,8911,880,610,1024,0,1,1,UP,1.0,147.0,700.0,407.0,1436.0,1080.0,1661.0,4.331,
12,MOOSE,Drag,1,1,19,3,3,854,32,6.0,300,DOWN,431,18.0,true,6912,5280,143,934,698,0,1,1,DOWN,1.0,218.0,725.0,455.0,1671.0,1080.0,1661.0,4.331,
12,MOOSE,Drag,1,1,20,3,4,854,32,3.0,200,UP,75,18.0,true,7535,6385,865,582,568,0,1,1,DOWN,1.0,215.0,276.0,484.0,1321.0,1080.0,1661.0,4.331,
12,MOOSE,Drag,1,1,21,3,5,854,32,6.0,200,DOWN,741,18.0,true,9094,7425,2448,915,754,1,2,1,DOWN,1.0,441.0,705.0,561.716,1651.0,1080.0,1661.0,4.331,
12,MOOSE,Drag,1,1,22,3,6,854,32,3.0,50,DOWN,665,18.0,true,6256,4561,3344,393,1302,0,1,1,DOWN,1.0,414.0,950.0,569.85,1554.0,1080.0,1661.0,4.331,
12,MOOSE,Drag,1,1,23,3,7,854,32,3.0,100,UP,398,18.0,true,5072,3407,1296,640,1025,0,2,1,UP,1.0,303.0,883.0,500.0,1554.0,1080.0,1661.0,4.331,
12,MOOSE,Drag,1,1,24,3,8,854,32,6.0,100,UP,13,18.0,false,7421,2847,286,4544,30,-3,0,1,UP,1.0,367.458,768.0,595.0,1395.0,1080.0,1661.0,4.331,
12,MOOSE,Drag,1,1,25,3,8,854,32,6.0,100,UP,387,18.0,true,4486,2959,735,616,911,0,1,1,DOWN,1.0,269.0,764.0,488.0,1534.0,1080.0,1661.0,4.331,
12,MOOSE,Drag,1,1,26,4,1,854,32,6.0,200,UP,503,18.0,true,8624,7057,687,561,1006,0,1,1,DOWN,1.0,243.0,528.115,1025.0,1294.0,1080.0,1661.0,4.331,
12,MOOSE,Drag,1,1,27,4,2,854,32,6.0,300,UP,375,18.0,true,8649,7633,898,254,762,0,2,1,UP,1.0,178.0,0.0,545.0,1403.0,1080.0,1661.0,4.331,
12,MOOSE,Drag,1,1,28,4,3,854,32,3.0,300,DOWN,414,18.0,true,10410,9136,1248,393,881,-1,1,1,DOWN,1.0,259.715,29.0,437.0,1918.0,1080.0,1661.0,4.331,
12,MOOSE,Drag,1,1,29,4,4,854,32,3.0,200,DOWN,539,18.0,true,5188,4096,655,407,685,0,1,1,DOWN,1.0,227.0,583.0,465.0,1709.0,1080.0,1661.0,4.331,
12,MOOSE,Drag,1,1,30,4,5,854,32,6.0,50,UP,359,18.0,true,3035,2081,1590,145,809,1,2,1,UP,1.0,358.0,624.5,474.0,1356.0,1080.0,1661.0,4.331,
12,MOOSE,Drag,1,1,31,4,6,854,32,3.0,50,UP,758,18.0,true,3694,2559,1056,354,781,0,2,1,DOWN,1.0,400.0,651.0,504.0,1311.0,1080.0,1661.0,4.331,
12,MOOSE,Drag,1,1,32,4,7,854,32,6.0,100,DOWN,129,18.0,true,3044,2618,624,379,47,0,1,1,UP,1.0,365.513,685.0,469.0,1694.0,1080.0,1661.0,4.331,
12,MOOSE,Drag,1,1,33,4,8,854,32,3.0,100,DOWN,554,18.0,true,3249,2239,624,362,648,0,1,1,DOWN,1.0,356.0,704.0,481.0,1777.0,1080.0,1661.0,4.331,
12,MOOSE,TrackPoint,2,1,1,1,1,854,32,3.0,100,DOWN,154,18.0,true,14539,13087,1869,522,930,0,3,2,UP,1.0,228.0,659.0,436.0,1702.0,1080.0,1661.0,4.331,
12,MOOSE,TrackPoint,2,1,2,1,2,854,32,6.0,100,UP,197,18.0,true,8429,6736,3582,286,1407,-2,3,1,UP,1.0,275.0,761.518,304.0,1197.0,1080.0,1661.0,4.331,
12,MOOSE,TrackPoint,2,1,3,1,3,854,32,6.0,50,DOWN,461,18.0,true,3812,2240,527,830,742,2,1,1,DOWN,1.0,314.0,760.0,318.0,1115.0,1080.0,1661.0,4.331,
12,MOOSE,TrackPoint,2,1,4,1,4,854,32,3.0,200,UP,619,18.0,true,10226,8912,2206,440,874,0,1,1,DOWN,1.0,272.0,642.5,320.0,1276.0,1080.0,1661.0,4.331,
12,MOOSE,TrackPoint,2,1,5,1,5,854,32,3.0,50,DOWN,106,18.0,true,3847,2991,1722,356,500,0,2,1,UP,1.0,275.0,710.0,344.0,1279.0,1080.0,1661.0,4.331,
12,MOOSE,TrackPoint,2,1,6,1,6,854,32,6.0,300,DOWN,420,18.0,true,9427,8608,2942,264,555,-1,3,1,DOWN,1.0,271.0,742.0,352.0,1336.0,1080.0,1661.0,4.331,
12,MOOSE,TrackPoint,2,1,7,1,7,854,32,6.0,200,UP,518,18.0,true,6080,4880,1550,195,1005,0,2,1,UP,1.0,295.471,836.0,345.0,1375.0,1080.0,1661.0,4.331,
12,MOOSE,TrackPoint,2,1,8,1,8,854,32,3.0,300,UP,136,18.0,true,9653,8992,1897,627,34,0,1,1,UP,1.0,331.0,703.5,363.0,1414.0,1080.0,1661.0,4.331,
12,MOOSE,TrackPoint,2,1,9,2,1,854,32,6.0,100,DOWN,599,18.0,true,5932,4224,1502,525,1183,0,1,1,DOWN,1.0,269.646,779.0,431.531,1430.0,1080.0,1661.0,4.331,
12,MOOSE,TrackPoint,2,1,10,2,2,854,32,6.0,300,UP,479,18.0,true,6476,5423,1598,215,838,0,1,1,UP,1.0,208.0,861.0,311.0,1478.0,1080.0,1661.0,4.331,
12,MOOSE,TrackPoint,2,1,11,2,3,854,32,6.0,50,UP,58,18.0,true,4228,2848,607,537,843,0,1,1,UP,1.0,254.0,941.0,268.0,1319.0,1080.0,1661.0,4.331,
12,MOOSE,TrackPoint,2,1,12,2,4,854,32,3.0,50,UP,178,18.0,true,5302,4256,2143,333,713,1,1,1,UP,1.0,278.0,917.0,334.0,1244.0,1080.0,1661.0,4.331,
12,MOOSE,TrackPoint,2,1,13,2,5,854,32,3.0,100,UP,734,18.0,true,5934,5024,2524,158,752,0,2,1,UP,1.0,312.5,788.0,375.0,1235.0,1080.0,1661.0,4.331,
12,MOOSE,TrackPoint,2,1,14,2,6,854,32,3.0,200,DOWN,311,18.0,true,11927,10403,7137,384,1140,1,4,1,DOWN,1.0,352.0,808.0,478.0,1582.0,1080.0,1661.0,4.331,
12,MOOSE,TrackPoint,2,1,15,2,7,854,32,3.0,300,DOWN,740,18.0,true,8648,7120,4765,470,1058,0,4,1,DOWN,1.0,341.0,438.0,500.0,1381.0,1080.0,1661.0,4.331,
12,MOOSE,TrackPoint,2,1,16,2,8,854,32,6.0,200,DOWN,423,18.0,true,6174,4896,1502,424,854,0,2,1,DOWN,1.0,394.0,777.0,470.0,1604.0,1080.0,1661.0,4.331,
12,MOOSE,TrackPoint,2,1,17,3,1,854,32,6.0,200,UP,405,18.0,true,5551,4128,736,536,887,-1,1,1,DOWN,1.0,392.0,577.0,501.0,1418.0,1080.0,1661.0,4.331,
12,MOOSE,TrackPoint,2,1,18,3,2,854,32,3.0,50,DOWN,177,18.0,true,6746,5568,2720,385,793,0,2,2,DOWN,1.0,334.0,539.0,473.517,1415.5,1080.0,1661.0,4.331,
12,MOOSE,TrackPoint,2,1,19,3,3,854,32,3.0,300,UP,240,18.0,true,7054,5569,2796,551,934,1,2,1,UP,1.0,267.0,669.266,335.5,1455.0,1080.0,1661.0,4.331,
12,MOOSE,TrackPoint,2,1,20,3,4,854,32,6.0,50,DOWN,785,18.0,true,3934,2928,2383,283,723,0,3,1,DOWN,1.0,298.0,631.0,449.0,1363.5,1080.0,1661.0,4.331,
12,MOOSE,TrackPoint,2,1,21,3,5,854,32,3.0,100,DOWN,772,18.0,true,4743,3712,2588,315,716,0,2,1,DOWN,1.0,380.4,682.0,477.0,1442.5,1080.0,1661.0,4.331,
12,MOOSE,TrackPoint,2,1,22,3,6,854,32,3.0,200,UP,318,18.0,true,7544,6415,1662,303,826,0,1,1,UP,1.0,242.0,776.627,339.0,1281.0,1080.0,1661.0,4.331,
12,MOOSE,TrackPoint,2,1,23,3,7,854,32,6.0,300,UP,385,18.0,true,6324,5025,640,434,865,-1,1,1,UP,1.0,186.659,541.5,304.0,1424.0,1080.0,1661.0,4.331,
12,MOOSE,TrackPoint,2,1,24,3,8,854,32,6.0,100,DOWN,812,18.0,true,3494,2143,1338,172,1179,0,2,1,DOWN,1.0,354.0,597.0,425.317,1515.731,1080.0,1661.0,4.331,
12,MOOSE,TrackPoint,2,1,25,4,1,854,32,3.0,300,DOWN,483,18.0,true,9404,7584,2846,463,1357,-1,2,2,DOWN,1.0,362.0,622.0,482.0,1586.0,1080.0,1661.0,4.331,
12,MOOSE,TrackPoint,2,1,26,4,2,854,32,3.0,50,UP,782,18.0,true,5758,4624,2735,364,770,0,3,1,DOWN,1.0,390.0,601.5,534.5,1544.0,1080.0,1661.0,4.331,
12,MOOSE,TrackPoint,2,1,27,4,3,854,32,3.0,200,DOWN,689,18.0,true,9398,8080,1708,585,733,1,2,2,DOWN,1.0,390.0,552.0,526.0,1802.0,1080.0,1661.0,4.331,
12,MOOSE,TrackPoint,2,1,28,4,4,854,32,6.0,100,UP,523,18.0,true,4107,2975,1403,287,845,-1,1,1,UP,1.0,412.485,912.509,481.0,1497.0,1080.0,1661.0,4.331,
12,MOOSE,TrackPoint,2,1,29,4,5,854,32,6.0,50,UP,611,18.0,true,3659,2752,1545,192,715,0,1,1,UP,1.0,420.0,657.0,535.0,1314.0,1080.0,1661.0,4.331,
12,MOOSE,TrackPoint,2,1,30,4,6,854,32,6.0,200,DOWN,678,18.0,true,4025,3168,1182,396,461,0,1,1,UP,1.0,352.0,522.0,458.0,1502.0,1080.0,1661.0,4.331,
12,MOOSE,TrackPoint,2,1,31,4,7,854,32,3.0,100,UP,509,18.0,true,5888,4880,3758,255,753,0,1,1,UP,1.0,368.44,748.5,469.0,1442.0,1080.0,1661.0,4.331,
12,MOOSE,TrackPoint,2,1,32,4,8,854,32,6.0,300,DOWN,379,18.0,true,6102,5408,2507,657,37,2,2,1,UP,1.0,398.0,576.0,508.0,1466.5,1080.0,1661.0,4.331,
12,MOOSE,TrackPoint,2,2,1,1,1,854,32,3.0,200,UP,615,18.0,true,10028,6896,2474,390,2742,0,2,1,UP,1.0,212.0,526.0,457.0,1173.0,1080.0,1661.0,4.331,
12,MOOSE,TrackPoint,2,2,2,1,2,854,32,3.0,50,DOWN,733,18.0,true,4617,3647,3103,238,732,0,3,1,DOWN,1.0,263.0,641.0,348.5,1389.0,1080.0,1661.0,4.331,
12,MOOSE,TrackPoint,2,2,3,1,3,854,32,6.0,200,DOWN,372,18.0,true,6147,5104,2256,407,636,0,2,1,DOWN,1.0,329.5,537.0,448.0,1463.0,1080.0,1661.0,4.331,
12,MOOSE,TrackPoint,2,2,4,1,4,854,32,3.0,300,DOWN,780,18.0,true,7029,6256,2351,265,508,0,2,2,DOWN,1.0,323.0,466.0,448.0,1862.0,1080.0,1661.0,4.331,
12,MOOSE,TrackPoint,2,2,5,1,5,854,32,6.0,100,DOWN,667,18.0,true,4469,3792,1886,136,541,0,2,2,DOWN,1.0,370.0,597.0,473.0,1493.0,1080.0,1661.0,4.331,
12,MOOSE,TrackPoint,2,2,6,1,6,854,32,3.0,100,UP,305,18.0,true,7327,7016,2842,271,40,0,3,2,UP,1.0,348.0,555.0,432.0,1556.0,1080.0,1661.0,4.331,
12,MOOSE,TrackPoint,2,2,7,1,7,854,32,6.0,300,UP,164,18.0,true,8530,7280,2473,378,872,2,2,1,UP,1.0,337.0,711.517,375.0,1316.0,1080.0,1661.0,4.331,
12,MOOSE,TrackPoint,2,2,8,1,8,854,32,6.0,50,UP,199,18.0,true,4655,3455,2558,519,681,2,3,1,DOWN,1.0,351.278,555.521,427.0,1302.0,1080.0,1661.0,4.331,
12,MOOSE,TrackPoint,2,2,9,2,1,854,32,6.0,300,DOWN,653,18.0,true,8693,4256,1408,612,3825,-1,1,1,DOWN,1.0,210.0,574.0,402.578,1689.0,1080.0,1661.0,4.331,
12,MOOSE,TrackPoint,2,2,10,2,2,854,32,3.0,300,UP,26,18.0,true,5436,3904,1342,516,1016,0,2,1,UP,1.0,246.0,693.0,292.0,1494.0,1080.0,1661.0,4.331,
12,MOOSE,TrackPoint,2,2,11,2,3,854,32,3.0,50,UP,540,18.0,true,4863,3391,2559,509,963,0,2,1,UP,1.0,245.47,735.0,348.0,1407.0,1080.0,1661.0,4.331,
12,MOOSE,TrackPoint,2,2,12,2,4,854,32,3.0,100,DOWN,135,18.0,true,6239,4704,3136,264,1271,0,2,1,DOWN,1.0,282.0,575.0,435.0,1512.0,1080.0,1661.0,4.331,
12,MOOSE,TrackPoint,2,2,13,2,5,854,32,6.0,100,UP,705,18.0,true,5860,4559,3161,252,1049,-1,1,1,UP,1.0,308.0,822.0,370.0,1378.0,1080.0,1661.0,4.331,
12,MOOSE,TrackPoint,2,2,14,2,6,854,32,3.0,200,DOWN,665,18.0,true,5462,4127,1584,473,862,0,2,1,DOWN,1.0,296.0,803.0,386.0,1586.0,1080.0,1661.0,4.331,
12,MOOSE,TrackPoint,2,2,15,2,7,854,32,6.0,50,DOWN,473,18.0,true,3264,2352,1709,197,715,1,1,1,DOWN,1.0,322.0,754.0,354.0,1477.5,1080.0,1661.0,4.331,
12,MOOSE,TrackPoint,2,2,16,2,8,854,32,6.0,200,UP,90,18.0,true,5259,3632,456,816,811,-1,1,1,UP,1.0,278.503,687.5,340.0,1380.0,1080.0,1661.0,4.331,
12,MOOSE,TrackPoint,2,2,17,3,1,854,32,3.0,100,UP,270,18.0,true,22256,19552,1825,371,2333,0,2,1,UP,1.0,246.0,429.0,550.5,1330.0,1080.0,1661.0,4.331,
12,MOOSE,TrackPoint,2,2,18,3,2,854,32,3.0,200,DOWN,717,18.0,true,15574,14255,1469,672,647,0,2,2,UP,1.0,290.0,125.5,602.0,1651.0,1080.0,1661.0,4.331,
12,MOOSE,TrackPoint,2,2,19,3,3,854,32,6.0,100,DOWN,647,18.0,true,4457,4034,1355,391,32,-1,2,1,UP,1.0,308.0,573.0,413.0,1160.0,1080.0,1661.0,4.331,
12,MOOSE,TrackPoint,2,2,20,3,4,854,32,6.0,200,UP,166,18.0,true,6918,5631,1849,107,1180,-1,1,1,UP,1.0,261.0,396.0,363.0,1203.0,1080.0,1661.0,4.331,
12,MOOSE,TrackPoint,2,2,21,3,5,854,32,6.0,300,DOWN,591,18.0,true,13229,12127,1583,565,537,0,3,3,DOWN,1.0,282.0,453.0,429.0,1681.0,1080.0,1661.0,4.331,
12,MOOSE,TrackPoint,2,2,22,3,6,854,32,3.0,50,DOWN,303,18.0,true,3971,3425,2030,511,35,0,1,1,UP,1.0,430.459,899.0,473.0,1500.0,1080.0,1661.0,4.331,
12,MOOSE,TrackPoint,2,2,23,3,7,854,32,6.0,50,UP,35,18.0,true,3306,3054,1342,202,50,-1,2,1,UP,1.0,439.577,731.0,488.0,1362.0,1080.0,1661.0,4.331,
12,MOOSE,TrackPoint,2,2,24,3,8,854,32,3.0,300,UP,480,18.0,true,10823,9664,1407,239,920,0,2,1,UP,1.0,412.0,512.629,487.0,1365.0,1080.0,1661.0,4.331,
12,MOOSE,TrackPoint,2,2,25,4,1,854,32,6.0,300,UP,50,18.0,true,6104,4512,1532,228,1364,0,1,1,DOWN,1.0,286.0,482.514,432.0,1397.0,1080.0,1661.0,4.331,
12,MOOSE,TrackPoint,2,2,26,4,2,854,32,3.0,50,UP,407,18.0,true,3419,2448,1599,249,722,0,1,1,UP,1.0,296.0,473.636,358.711,1008.0,1080.0,1661.0,4.331,
12,MOOSE,TrackPoint,2,2,27,4,3,854,32,3.0,100,DOWN,735,18.0,true,5868,4416,2396,673,779,0,3,2,DOWN,1.0,259.0,472.0,362.0,1391.0,1080.0,1661.0,4.331,
12,MOOSE,TrackPoint,2,2,28,4,4,854,32,6.0,100,UP,727,18.0,true,4427,3056,2043,256,1115,-1,3,1,UP,1.0,296.466,608.0,361.0,1367.0,1080.0,1661.0,4.331,
12,MOOSE,TrackPoint,2,2,29,4,5,854,32,6.0,50,DOWN,815,18.0,true,2713,1776,1215,192,745,0,2,1,DOWN,1.0,302.0,639.0,351.0,1382.0,1080.0,1661.0,4.331,
12,MOOSE,TrackPoint,2,2,30,4,6,854,32,6.0,200,DOWN,381,18.0,true,5095,3647,1743,335,1113,-1,1,1,DOWN,1.0,271.498,565.0,325.0,1376.0,1080.0,1661.0,4.331,
12,MOOSE,TrackPoint,2,2,31,4,7,854,32,3.0,300,DOWN,766,18.0,true,6138,5056,1611,434,648,0,2,1,DOWN,1.0,269.463,713.0,340.0,1477.0,1080.0,1661.0,4.331,
12,MOOSE,TrackPoint,2,2,32,4,8,854,32,3.0,200,UP,159,18.0,true,7334,5615,3216,427,1292,0,2,1,UP,1.0,208.0,470.522,308.0,1303.0,1080.0,1661.0,4.331,
12,MOOSE,TrackPoint,2,3,1,1,1,854,32,3.0,100,DOWN,654,18.0,true,3820,1200,137,982,1638,-1,1,1,DOWN,1.0,292.0,647.0,392.0,1567.362,1080.0,1661.0,4.331,
12,MOOSE,TrackPoint,2,3,2,1,2,854,32,6.0,50,DOWN,678,18.0,true,3150,2047,1212,377,726,1,1,1,DOWN,1.0,132.0,743.0,226.0,1274.375,1080.0,1661.0,4.331,
12,MOOSE,TrackPoint,2,3,3,1,3,854,32,3.0,200,DOWN,479,18.0,true,9248,8271,3676,345,632,-1,2,1,DOWN,1.0,189.0,732.0,262.556,1573.0,1080.0,1661.0,4.331,
12,MOOSE,TrackPoint,2,3,4,1,4,854,32,6.0,300,DOWN,527,18.0,true,6286,5600,1214,98,588,1,2,2,DOWN,1.0,160.338,791.0,284.0,1549.0,1080.0,1661.0,4.331,
12,MOOSE,TrackPoint,2,3,5,1,5,854,32,6.0,200,UP,496,18.0,true,7726,7122,2528,554,50,-2,2,1,UP,1.0,198.0,700.0,321.0,1559.0,1080.0,1661.0,4.331,
12,MOOSE,TrackPoint,2,3,6,1,6,854,32,3.0,50,UP,692,18.0,true,4944,3359,1243,217,1368,1,1,1,UP,1.0,159.0,788.0,233.0,1351.0,1080.0,1661.0,4.331,
12,MOOSE,TrackPoint,2,3,7,1,7,854,32,6.0,100,UP,541,18.0,true,5265,4096,1519,497,672,2,2,1,UP,1.0,168.0,875.0,201.5,1332.0,1080.0,1661.0,4.331,
12,MOOSE,TrackPoint,2,3,8,1,8,854,32,3.0,300,UP,91,18.0,true,12048,11232,5311,268,548,0,1,1,UP,1.0,185.472,637.5,249.0,1284.0,1080.0,1661.0,4.331,
12,MOOSE,TrackPoint,2,3,9,2,1,854,32,3.0,50,DOWN,402,18.0,true,5471,2352,1503,507,2612,1,2,1,DOWN,1.0,275.0,878.0,443.0,1401.0,1080.0,1661.0,4.331,
12,MOOSE,TrackPoint,2,3,10,2,2,854,32,3.0,300,DOWN,557,18.0,true,9948,8608,2956,466,874,1,3,2,DOWN,1.0,215.0,633.0,334.0,1410.0,1080.0,1661.0,4.331,
12,MOOSE,TrackPoint,2,3,11,2,3,854,32,6.0,100,DOWN,194,18.0,true,3777,2932,560,817,28,-1,1,1,UP,1.0,260.0,833.0,282.0,1401.0,1080.0,1661.0,4.331,
12,MOOSE,TrackPoint,2,3,12,2,4,854,32,6.0,300,UP,327,18.0,true,7319,6127,2412,465,727,-1,2,1,UP,1.0,269.0,623.0,407.0,1606.0,1080.0,1661.0,4.331,
12,MOOSE,TrackPoint,2,3,13,2,5,854,32,6.0,50,UP,622,18.0,true,2828,1743,975,212,873,0,1,1,UP,1.0,270.935,849.518,314.0,1380.0,1080.0,1661.0,4.331,
12,MOOSE,TrackPoint,2,3,14,2,6,854,32,3.0,100,UP,433,18.0,true,6326,6092,1486,188,46,0,1,1,UP,1.0,270.0,783.0,308.0,1366.0,1080.0,1661.0,4.331,
12,MOOSE,TrackPoint,2,3,15,2,7,854,32,6.0,200,DOWN,334,18.0,true,5268,4241,1197,265,762,-1,1,1,DOWN,1.0,259.0,802.0,327.458,1454.0,1080.0,1661.0,4.331,
12,MOOSE,TrackPoint,2,3,16,2,8,854,32,3.0,200,UP,80,18.0,true,6162,4959,2160,283,920,1,2,1,UP,1.0,235.0,719.629,284.901,1466.0,1080.0,1661.0,4.331,
12,MOOSE,TrackPoint,2,3,17,3,1,854,32,3.0,300,DOWN,821,18.0,true,7908,6529,3791,352,1027,0,3,1,DOWN,1.0,205.0,803.0,525.0,1644.0,1080.0,1661.0,4.331,
12,MOOSE,TrackPoint,2,3,18,3,2,854,32,6.0,200,UP,112,18.0,true,4415,3007,542,529,879,-1,1,1,UP,1.0,201.0,720.5,291.0,1450.0,1080.0,1661.0,4.331,
12,MOOSE,TrackPoint,2,3,19,3,3,854,32,3.0,200,UP,423,18.0,true,7165,6112,2686,533,520,0,2,1,DOWN,1.0,229.0,720.0,289.0,1304.5,1080.0,1661.0,4.331,
12,MOOSE,TrackPoint,2,3,20,3,4,854,32,3.0,100,UP,203,18.0,true,3882,2559,1021,307,1016,1,2,1,UP,1.0,218.0,708.0,259.0,1270.0,1080.0,1661.0,4.331,
12,MOOSE,TrackPoint,2,3,21,3,5,854,32,6.0,300,DOWN,797,18.0,true,7038,5632,337,529,877,-2,2,2,DOWN,1.0,212.0,624.0,446.0,1797.5,1080.0,1661.0,4.331,
12,MOOSE,TrackPoint,2,3,22,3,6,854,32,6.0,100,DOWN,271,18.0,true,6154,5834,1439,270,50,1,1,1,UP,1.0,362.0,789.0,525.0,1780.0,1080.0,1661.0,4.331,
12,MOOSE,TrackPoint,2,3,23,3,7,854,32,3.0,50,DOWN,573,18.0,true,2638,1232,364,695,711,-1,1,1,DOWN,1.0,402.0,945.0,442.0,1409.32,1080.0,1661.0,4.331,
12,MOOSE,TrackPoint,2,3,24,3,8,854,32,6.0,50,UP,659,18.0,true,4283,2976,1533,283,1024,0,2,1,UP,1.0,382.0,666.5,466.0,1362.0,1080.0,1661.0,4.331,
12,MOOSE,TrackPoint,2,3,25,4,1,854,32,6.0,100,UP,41,18.0,true,7466,5552,3584,581,1333,-1,4,2,UP,1.0,277.0,708.0,448.0,1662.0,1080.0,1661.0,4.331,
12,MOOSE,TrackPoint,2,3,26,4,2,854,32,3.0,100,DOWN,501,18.0,true,5768,4176,1182,615,977,0,2,2,UP,1.0,288.0,664.0,408.5,1593.5,1080.0,1661.0,4.331,
12,MOOSE,TrackPoint,2,3,27,4,3,854,32,6.0,50,DOWN,153,18.0,true,3089,1841,1232,437,811,0,2,1,DOWN,1.0,182.0,846.0,293.0,1572.36,1080.0,1661.0,4.331,
12,MOOSE,TrackPoint,2,3,28,4,4,854,32,3.0,200,DOWN,252,18.0,true,6089,4976,1198,478,635,0,1,1,DOWN,1.0,199.0,736.0,351.444,1803.0,1080.0,1661.0,4.331,
12,MOOSE,TrackPoint,2,3,29,4,5,854,32,6.0,200,DOWN,434,18.0,true,4852,3951,1241,154,747,-1,1,1,DOWN,1.0,250.0,735.0,378.0,1813.0,1080.0,1661.0,4.331,
12,MOOSE,TrackPoint,2,3,30,4,6,854,32,6.0,300,UP,40,18.0,true,7671,6800,1964,374,497,-1,3,1,DOWN,1.0,301.975,782.509,393.0,1738.0,1080.0,1661.0,4.331,
12,MOOSE,TrackPoint,2,3,31,4,7,854,32,3.0,300,UP,159,18.0,true,9128,7839,3823,577,712,0,3,1,UP,1.0,269.0,669.521,331.0,1317.0,1080.0,1661.0,4.331,
12,MOOSE,TrackPoint,2,3,32,4,8,854,32,3.0,50,UP,571,18.0,true,5848,3072,2094,614,2162,0,2,1,UP,1.0,433.0,785.0,518.0,1236.0,1080.0,1661.0,4.331,
12,MOOSE,TrackPoint,2,4,1,1,1,854,32,6.0,200,UP,243,18.0,true,7734,6192,1136,379,1163,-1,3,3,UP,1.0,330.0,391.5,477.0,1351.0,1080.0,1661.0,4.331,
12,MOOSE,TrackPoint,2,4,2,1,2,854,32,3.0,300,DOWN,595,18.0,true,5022,3856,1152,470,696,0,2,1,DOWN,1.0,315.0,486.0,466.518,1482.0,1080.0,1661.0,4.331,
12,MOOSE,TrackPoint,2,4,3,1,3,854,32,6.0,100,DOWN,529,18.0,true,3969,2896,1118,439,634,0,2,1,DOWN,1.0,346.0,609.0,393.0,1506.0,1080.0,1661.0,4.331,
12,MOOSE,TrackPoint,2,4,4,1,4,854,32,6.0,300,DOWN,673,18.0,false,6326,4352,1853,326,1648,-3,1,1,DOWN,1.0,335.0,597.0,405.0,1439.5,1080.0,1661.0,4.331,
12,MOOSE,TrackPoint,2,4,5,1,4,854,32,6.0,50,UP,442,18.0,true,3137,2560,1103,543,34,-1,2,1,UP,1.0,267.0,738.0,307.485,1473.0,1080.0,1661.0,4.331,
12,MOOSE,TrackPoint,2,4,6,1,5,854,32,3.0,200,DOWN,804,18.0,true,5378,4464,2539,272,642,0,2,1,DOWN,1.0,280.47,729.0,364.513,1516.0,1080.0,1661.0,4.331,
12,MOOSE,TrackPoint,2,4,7,1,6,854,32,6.0,300,DOWN,707,18.0,true,5638,5281,1837,318,39,0,2,1,UP,1.0,291.0,707.0,411.0,1595.0,1080.0,1661.0,4.331,
12,MOOSE,TrackPoint,2,4,8,1,7,854,32,3.0,100,UP,296,18.0,true,4125,3717,1312,357,51,0,2,1,UP,1.0,356.518,696.53,427.0,1539.0,1080.0,1661.0,4.331,
12,MOOSE,TrackPoint,2,4,9,1,8,854,32,3.0,50,UP,531,18.0,true,4446,3775,2735,102,569,0,3,1,DOWN,1.0,382.436,711.519,500.0,1388.0,1080.0,1661.0,4.331,
12,MOOSE,TrackPoint,2,4,10,2,1,854,32,3.0,200,UP,562,18.0,true,6214,4528,1453,198,1488,0,1,1,UP,1.0,397.0,362.52,536.0,1259.0,1080.0,1661.0,4.331,
12,MOOSE,TrackPoint,2,4,11,2,2,854,32,6.0,50,DOWN,597,18.0,true,2633,1728,1104,187,718,-1,2,1,DOWN,1.0,353.0,425.0,486.0,1095.0,1080.0,1661.0,4.331,
12,MOOSE,TrackPoint,2,4,12,2,3,854,32,6.0,300,UP,325,18.0,true,8411,7265,1131,450,696,-1,2,1,UP,1.0,388.0,425.545,622.0,1208.0,1080.0,1661.0,4.331,
12,MOOSE,TrackPoint,2,4,13,2,4,854,32,3.0,50,DOWN,166,18.0,true,5280,4352,3881,198,730,1,4,1,DOWN,1.0,369.686,495.0,477.602,1321.0,1080.0,1661.0,4.331,
12,MOOSE,TrackPoint,2,4,14,2,5,854,32,6.0,200,DOWN,326,18.0,true,6653,5344,2063,522,787,0,3,1,DOWN,1.0,380.0,649.0,477.0,1463.485,1080.0,1661.0,4.331,
12,MOOSE,TrackPoint,2,4,15,2,6,854,32,3.0,100,DOWN,650,18.0,true,3420,2096,1015,480,844,-1,1,1,DOWN,1.0,318.0,751.0,444.0,1459.0,1080.0,1661.0,4.331,
12,MOOSE,TrackPoint,2,4,16,2,7,854,32,6.0,100,UP,526,18.0,true,4624,4186,1787,403,35,-1,1,1,UP,1.0,363.0,717.0,457.0,1399.0,1080.0,1661.0,4.331,
12,MOOSE,TrackPoint,2,4,17,2,8,854,32,3.0,300,UP,16,18.0,true,5975,4320,157,738,917,0,1,1,DOWN,1.0,413.0,362.0,511.0,1120.0,1080.0,1661.0,4.331,
12,MOOSE,TrackPoint,2,4,18,3,1,854,32,3.0,200,UP,50,18.0,true,12966,10640,351,892,1434,1,1,1,UP,1.0,271.0,444.0,535.0,1283.5,1080.0,1661.0,4.331,
12,MOOSE,TrackPoint,2,4,19,3,2,854,32,3.0,50,DOWN,421,18.0,true,5829,3920,2272,1338,571,-1,2,1,DOWN,1.0,368.0,570.0,470.0,1171.0,1080.0,1661.0,4.331,
12,MOOSE,TrackPoint,2,4,20,3,3,854,32,6.0,100,UP,445,18.0,true,6426,5215,2336,219,992,1,2,1,UP,1.0,333.0,433.0,519.0,1037.0,1080.0,1661.0,4.331,
12,MOOSE,TrackPoint,2,4,21,3,4,854,32,3.0,100,DOWN,417,18.0,true,5242,4270,1949,477,495,1,3,1,UP,1.0,279.0,596.58,440.0,1513.0,1080.0,1661.0,4.331,
12,MOOSE,TrackPoint,2,4,22,3,5,854,32,3.0,300,UP,216,18.0,true,6736,5535,2016,436,765,1,1,1,UP,1.0,313.0,436.5,377.0,1304.0,1080.0,1661.0,4.331,
12,MOOSE,TrackPoint,2,4,23,3,6,854,32,6.0,300,UP,512,18.0,true,7860,6624,1996,572,664,2,2,1,UP,1.0,338.0,392.0,479.0,1042.0,1080.0,1661.0,4.331,
12,MOOSE,TrackPoint,2,4,24,3,7,854,32,6.0,50,DOWN,256,18.0,true,3976,2943,1055,260,773,-1,2,2,UP,1.0,329.483,317.0,492.0,1310.0,1080.0,1661.0,4.331,
12,MOOSE,TrackPoint,2,4,25,3,8,854,32,6.0,200,DOWN,769,18.0,true,3895,2864,426,483,548,1,1,1,DOWN,1.0,323.417,455.0,513.0,1609.0,1080.0,1661.0,4.331,
12,MOOSE,TrackPoint,2,4,26,4,1,854,32,6.0,300,DOWN,651,18.0,true,9033,7183,3070,291,1559,0,2,1,DOWN,1.0,344.0,643.0,488.0,1721.0,1080.0,1661.0,4.331,
12,MOOSE,TrackPoint,2,4,27,4,2,854,32,6.0,50,UP,623,18.0,true,2422,1344,814,205,873,0,1,1,UP,1.0,350.0,781.502,390.712,1453.0,1080.0,1661.0,4.331,
12,MOOSE,TrackPoint,2,4,28,4,3,854,32,3.0,200,DOWN,268,18.0,true,6881,6015,3469,259,607,0,2,1,DOWN,1.0,343.0,892.0,448.0,1519.0,1080.0,1661.0,4.331,
12,MOOSE,TrackPoint,2,4,29,4,4,854,32,6.0,100,DOWN,831,18.0,true,7172,6463,3149,77,632,0,2,1,DOWN,1.0,379.0,877.0,482.0,1677.0,1080.0,1661.0,4.331,
12,MOOSE,TrackPoint,2,4,30,4,5,854,32,3.0,100,UP,445,18.0,true,3827,2929,1695,336,562,0,1,1,DOWN,1.0,379.452,767.0,466.0,1616.0,1080.0,1661.0,4.331,
12,MOOSE,TrackPoint,2,4,31,4,6,854,32,6.0,200,UP,217,18.0,true,7267,6567,1584,672,28,0,2,1,UP,1.0,342.569,507.0,540.0,1427.0,1080.0,1661.0,4.331,
12,MOOSE,TrackPoint,2,4,32,4,7,854,32,3.0,300,DOWN,361,18.0,true,5268,4144,1356,499,625,0,1,1,DOWN,1.0,221.0,812.0,314.509,1647.0,1080.0,1661.0,4.331,
12,MOOSE,TrackPoint,2,4,33,4,8,854,32,3.0,50,UP,761,18.0,true,3247,2144,975,371,732,1,0,1,DOWN,1.0,348.0,844.0,413.0,1515.0,1080.0,1661.0,4.331,
12,MOOSE,Drag,2,2,1,1,1,854,32,6.0,100,DOWN,524,18.0,false,5307,3712,1329,177,1418,4,0,1,DOWN,1.0,278.0,608.0,1052.0,1570.0,1080.0,1661.0,4.331,
12,MOOSE,Drag,2,2,2,1,1,854,32,3.0,200,DOWN,670,18.0,true,6438,5215,832,578,645,0,1,1,DOWN,1.0,247.0,730.0,464.503,1763.0,1080.0,1661.0,4.331,
12,MOOSE,Drag,2,2,4,1,3,854,32,3.0,50,DOWN,526,18.0,true,3331,2528,1264,190,613,1,0,1,DOWN,1.0,306.0,631.0,508.0,1501.0,1080.0,1661.0,4.331,
12,MOOSE,Drag,2,2,5,1,4,854,32,6.0,100,DOWN,364,18.0,true,3816,3152,1168,97,567,0,2,1,DOWN,1.0,266.0,689.5,424.0,1840.0,1080.0,1661.0,4.331,
12,MOOSE,Drag,2,2,6,1,5,854,32,3.0,100,UP,41,18.0,true,5426,4575,2016,440,411,0,1,1,DOWN,1.0,253.0,585.0,510.0,1541.0,1080.0,1661.0,4.331,
12,MOOSE,Drag,2,2,7,1,6,854,32,3.0,300,UP,426,18.0,true,9887,8656,1624,269,962,0,1,1,UP,1.0,198.0,548.0,609.0,1391.0,1080.0,1661.0,4.331,
12,MOOSE,Drag,2,2,8,1,7,854,32,6.0,50,UP,583,18.0,true,3019,2193,1382,258,568,0,1,1,UP,1.0,235.0,676.0,485.0,1331.0,1080.0,1661.0,4.331,
12,MOOSE,Drag,2,2,9,1,8,854,32,6.0,200,DOWN,755,18.0,true,4531,3600,135,534,397,1,0,1,UP,1.0,206.0,493.0,433.0,1864.0,1080.0,1661.0,4.331,
12,MOOSE,Drag,2,2,10,2,1,854,32,6.0,200,UP,127,18.0,true,7142,5808,1152,173,1161,-1,1,1,UP,1.0,372.0,359.0,711.0,1374.0,1080.0,1661.0,4.331,
12,MOOSE,Drag,2,2,11,2,2,854,32,6.0,300,DOWN,519,18.0,true,6175,5104,639,259,812,1,1,1,DOWN,1.0,382.0,595.0,639.0,1907.0,1080.0,1661.0,4.331,
12,MOOSE,Drag,2,2,12,2,3,854,32,3.0,200,UP,43,18.0,true,4961,4274,263,639,48,0,0,1,UP,1.0,420.0,593.0,816.0,1626.0,1080.0,1661.0,4.331,
12,MOOSE,Drag,2,2,13,2,4,854,32,3.0,50,UP,683,18.0,true,3643,2913,960,295,435,-1,0,1,DOWN,1.0,406.0,644.5,668.0,1400.0,1080.0,1661.0,4.331,
12,MOOSE,Drag,2,2,14,2,5,854,32,6.0,50,DOWN,347,18.0,true,2303,1439,464,211,653,1,1,1,DOWN,1.0,473.617,736.0,592.0,1666.0,1080.0,1661.0,4.331,
12,MOOSE,Drag,2,2,15,2,6,854,32,3.0,300,DOWN,406,18.0,true,6051,4960,993,179,912,0,1,1,DOWN,1.0,408.0,682.0,683.0,1752.498,1080.0,1661.0,4.331,
12,MOOSE,Drag,2,2,16,2,7,854,32,6.0,100,UP,612,18.0,true,4678,4064,959,185,429,0,2,1,DOWN,1.0,406.0,578.0,635.0,1760.0,1080.0,1661.0,4.331,
12,MOOSE,Drag,2,2,17,2,8,854,32,3.0,100,DOWN,379,18.0,true,3383,3185,1136,167,31,1,0,1,UP,1.0,361.8,745.0,501.0,1746.0,1080.0,1661.0,4.331,
12,MOOSE,Drag,2,2,18,3,1,854,32,3.0,200,UP,273,18.0,true,8000,6496,1456,400,1104,0,1,1,UP,1.0,348.0,582.658,718.0,1298.0,1080.0,1661.0,4.331,
12,MOOSE,Drag,2,2,19,3,2,854,32,3.0,50,DOWN,638,18.0,true,4301,2479,1088,1082,740,0,1,1,DOWN,1.0,383.0,715.0,536.0,1610.0,1080.0,1661.0,4.331,
12,MOOSE,Drag,2,2,20,3,3,854,32,6.0,50,UP,66,18.0,true,5253,2288,1392,393,2572,0,1,1,UP,1.0,195.0,721.0,608.5,1405.0,1080.0,1661.0,4.331,
12,MOOSE,Drag,2,2,21,3,4,854,32,6.0,200,UP,570,18.0,true,6483,4928,737,434,1121,-1,1,1,UP,1.0,396.0,672.0,743.0,1373.0,1080.0,1661.0,4.331,
12,MOOSE,Drag,2,2,22,3,5,854,32,3.0,100,UP,599,18.0,true,4218,3185,1009,395,638,0,1,1,DOWN,1.0,398.0,646.0,805.0,1496.0,1080.0,1661.0,4.331,
12,MOOSE,Drag,2,2,23,3,6,854,32,6.0,300,DOWN,816,18.0,true,5521,4736,656,332,453,0,1,1,UP,1.0,344.0,625.0,590.0,1856.0,1080.0,1661.0,4.331,
12,MOOSE,Drag,2,2,24,3,7,854,32,6.0,100,DOWN,675,18.0,true,5103,3824,2016,291,988,0,2,1,DOWN,1.0,288.0,816.0,512.0,1727.0,1080.0,1661.0,4.331,
12,MOOSE,Drag,2,2,25,3,8,854,32,3.0,300,DOWN,388,18.0,true,6316,5072,831,389,855,1,0,1,DOWN,1.0,367.464,768.0,680.0,1830.0,1080.0,1661.0,4.331,
12,MOOSE,Drag,2,2,26,4,1,854,32,3.0,50,UP,537,18.0,true,4431,3631,480,753,47,-1,0,1,DOWN,1.0,349.0,588.0,684.0,1357.0,1080.0,1661.0,4.331,
12,MOOSE,Drag,2,2,27,4,2,854,32,6.0,50,DOWN,180,18.0,true,4029,3136,2721,197,696,-1,2,1,DOWN,1.0,358.0,764.0,518.0,1679.0,1080.0,1661.0,4.331,
12,MOOSE,Drag,2,2,28,4,3,854,32,6.0,300,UP,107,18.0,true,7441,6447,992,380,614,0,1,1,UP,2.0,277.507,100.0,770.0,1503.0,1080.0,1661.0,4.331,
12,MOOSE,Drag,2,2,29,4,4,854,32,6.0,200,DOWN,425,18.0,true,4480,3585,896,227,668,-1,1,1,DOWN,1.0,298.0,741.0,493.0,1753.0,1080.0,1661.0,4.331,
12,MOOSE,Drag,2,2,30,4,5,854,32,3.0,300,UP,388,18.0,true,7685,7108,1072,545,32,0,1,1,UP,1.0,288.0,558.0,692.0,1488.0,1080.0,1661.0,4.331,
12,MOOSE,Drag,2,2,31,4,6,854,32,3.0,100,DOWN,732,18.0,true,4497,2736,506,562,1199,-1,0,2,DOWN,1.0,339.0,621.0,626.0,1726.0,1080.0,1661.0,4.331,
12,MOOSE,Drag,2,2,32,4,7,854,32,3.0,200,DOWN,252,18.0,true,4331,3328,1039,425,578,0,1,1,DOWN,1.0,280.0,708.0,495.0,1732.0,1080.0,1661.0,4.331,
12,MOOSE,Drag,2,2,33,4,8,854,32,6.0,100,UP,177,18.0,true,3128,2646,512,458,24,-2,1,1,UP,1.0,318.472,595.0,654.0,1405.491,1080.0,1661.0,4.331,
